SYMBOL,SERIES,DATE1,PREV_CLOSE,OPEN_PRICE,HIGH_PRICE,LOW_PRICE,LAST_PRICE,CLOSE_PRICE,AVG_PRICE,TTL_TRD_QNTY,TURNOVER_LACS,NO_OF_TRADES,DELIV_QTY,DELIV_PER
BHAGCHEM,EQ,18-10-2021,797.20,849.95,943.00,761.3,824.95,828.55,839.89,"28,674","2,40,82,937.20","1,784","14,700",51.27
BHAGCHEM,EQ,19-10-2021,828.55,845.15,939.00,781.0,831.80,806.60,859.67,"18,308","1,57,38,799.95","1,088","10,173",55.57
BHAGCHEM,EQ,20-10-2021,806.60,830.00,831.80,790.0,808.00,804.70,816.39,"7,294","59,54,752.40",840,"3,456",47.38
BHAGCHEM,EQ,21-10-2021,804.70,808.60,808.60,719.15,735.20,767.35,762.64,"5,291","40,35,121.80",804,"2,894",54.7
BHAGCHEM,EQ,22-10-2021,767.35,757.95,811.00,756.95,762.80,787.75,787.25,"6,197","48,78,581.00",606,"4,124",66.55
BHAGCHEM,EQ,25-10-2021,787.75,804.95,845.00,730.25,814.00,814.10,799.50,"8,527","68,17,294.75",797,"4,035",47.32
BHAGCHEM,EQ,26-10-2021,814.10,775.00,855.00,774.6,826.00,820.65,824.95,"3,415","28,17,209.95",510,"2,162",63.31
BHAGCHEM,EQ,27-10-2021,820.65,826.00,850.00,761.1,770.00,782.75,820.34,"4,284","35,14,329.30",511,"2,871",67.02
BHAGCHEM,EQ,28-10-2021,782.75,801.40,803.00,767.05,772.50,775.65,782.04,"1,390","10,87,038.10",246,"1,078",77.55
BHAGCHEM,EQ,29-10-2021,775.65,772.50,830.00,750.35,810.00,809.50,799.08,"2,832","22,62,980.80",647,"1,512",53.39
BHAGCHEM,EQ,01-11-2021,809.50,849.00,850.00,800.45,842.00,823.85,833.34,"9,828","81,90,054.55",768,"6,749",68.67
BHAGCHEM,EQ,02-11-2021,823.85,850.00,856.00,780.0,789.00,788.25,809.52,"2,351","19,03,190.00",313,"1,930",82.09
BHAGCHEM,EQ,03-11-2021,788.25,819.95,843.00,747.65,825.00,818.90,797.36,"7,008","55,87,887.55",857,"5,018",71.6
BHAGCHEM,EQ,04-11-2021,818.90,850.00,851.00,780.0,840.00,830.40,833.97,"2,604","21,71,653.80",165,"2,113",81.14
BHAGCHEM,EQ,08-11-2021,830.40,849.95,904.90,805.0,820.00,821.00,831.85,"3,577","29,75,519.60",233,"3,101",86.69
BHAGCHEM,EQ,09-11-2021,821.00,848.95,848.95,775.3,830.00,807.35,821.99,"1,865","15,33,003.80",329,"1,210",64.88
BHAGCHEM,EQ,10-11-2021,807.35,829.90,846.00,790.9,809.00,809.05,811.67,"5,802","47,09,305.00","1,061","4,160",71.7
BHAGCHEM,EQ,11-11-2021,809.05,810.05,810.05,779.05,809.85,798.05,803.29,"1,558","12,51,518.60",183,"1,142",73.3
BHAGCHEM,EQ,12-11-2021,798.05,800.00,832.00,785.85,815.00,810.40,817.78,"1,663","13,59,970.40",203,"1,370",82.38
BHAGCHEM,EQ,15-11-2021,810.40,828.90,828.90,771.55,790.00,784.35,791.40,"3,359","26,58,301.15",413,"2,244",66.81
BHAGCHEM,EQ,16-11-2021,784.35,788.40,902.00,788.4,850.00,858.25,853.32,"23,942","2,04,30,237.65","1,774","14,389",60.1
BHAGCHEM,EQ,17-11-2021,858.25,850.00,883.95,846.45,866.90,866.90,868.47,"11,181","97,10,386.30",730,"8,407",75.19
BHAGCHEM,EQ,18-11-2021,866.90,865.00,879.80,815.25,821.00,825.10,846.68,"1,700","14,39,351.60",365,"1,091",64.18
BHAGCHEM,EQ,22-11-2021,825.10,808.60,864.55,796.0,800.00,812.10,813.58,"2,130","17,32,935.50",209,"1,666",78.22
BHAGCHEM,EQ,23-11-2021,812.10,790.50,817.45,790.5,791.25,804.85,801.42,872,"6,98,841.95",144,524,60.09
BHAGCHEM,EQ,24-11-2021,804.85,828.00,828.00,788.0,810.00,800.25,806.16,"4,155","33,49,603.75",516,"1,929",46.43
BHAGCHEM,EQ,25-11-2021,800.25,800.30,822.10,800.05,814.95,817.00,811.55,"2,115","17,16,427.95",141,"1,269",60.0
BHAGCHEM,EQ,26-11-2021,817.00,813.00,817.40,782.0,807.40,795.70,796.35,"2,343","18,65,856.40",125,"1,826",77.93
BHAGCHEM,EQ,29-11-2021,795.70,790.00,817.00,765.45,800.00,805.55,792.19,"3,126","24,76,399.15",159,"1,850",59.18
BHAGCHEM,EQ,30-11-2021,805.55,805.55,844.00,800.0,830.00,826.75,829.45,"11,590","96,13,374.25",861,"3,160",27.26
BHAGCHEM,EQ,01-12-2021,826.75,843.95,843.95,809.4,824.00,814.15,826.52,"2,699","22,30,775.20",123,"1,978",73.29
BHAGCHEM,EQ,02-12-2021,814.15,809.40,844.00,790.0,830.00,807.55,807.91,"9,293","75,07,934.75",257,"7,067",76.05
BHAGCHEM,EQ,03-12-2021,807.55,835.00,835.00,811.0,811.00,813.95,819.08,371,"3,03,877.60",64,218,58.76
BHAGCHEM,EQ,06-12-2021,813.95,813.95,827.35,800.05,801.05,809.10,806.92,952,"7,68,183.95",78,771,80.99
BHAGCHEM,EQ,07-12-2021,809.10,818.00,818.00,795.0,795.00,797.50,803.83,158,"1,27,005.00",22,122,77.22
BHAGCHEM,EQ,08-12-2021,797.50,815.00,843.95,799.7,811.00,810.80,812.19,"3,416","27,74,439.85",192,"2,454",71.84
BHAGCHEM,EQ,09-12-2021,810.80,834.60,921.90,819.05,900.00,906.20,891.07,"36,213","3,22,68,352.50",832,"21,540",59.48
BHAGCHEM,EQ,10-12-2021,906.20,910.00,957.00,836.55,940.00,940.95,933.73,"27,772","2,59,31,572.80","1,197","16,595",59.75
BHAGCHEM,EQ,13-12-2021,940.95,964.95,"1,023.80",944.2,996.00,983.05,990.73,"69,315","6,86,72,425.50","2,592","38,528",55.58
BHAGCHEM,EQ,14-12-2021,983.05,978.00,"1,019.00",976.0,"1,012.00","1,009.25","1,004.12","14,001","1,40,58,715.45",863,"9,498",67.84
BHAGCHEM,EQ,15-12-2021,"1,009.25","1,025.00","1,060.95",975.0,"1,010.00","1,012.45","1,012.59","18,729","1,89,64,862.20","1,491","9,903",52.88
BHAGCHEM,EQ,16-12-2021,"1,012.45","1,030.00","1,030.00",968.6,985.00,988.55,"1,002.45","3,752","37,61,194.15",370,"2,772",73.88
BHAGCHEM,EQ,17-12-2021,988.55,962.00,997.80,911.55,930.00,930.80,956.82,"9,654","92,37,178.00",738,"6,252",64.76
BHAGCHEM,EQ,20-12-2021,930.80,949.45,965.15,884.1,940.10,961.85,918.53,"10,496","96,40,913.10",677,"7,316",69.7
BHAGCHEM,EQ,21-12-2021,961.85,"1,004.55","1,005.00",965.6,997.00,991.45,987.00,"2,856","28,18,866.15",246,"2,072",72.55
BHAGCHEM,EQ,22-12-2021,991.45,996.35,999.10,974.0,990.00,989.15,985.57,"1,774","17,48,403.10",135,"1,154",65.05
BHAGCHEM,EQ,23-12-2021,989.15,"1,019.00","1,019.00",975.5,996.00,993.55,990.49,789,"7,81,494.90",108,556,70.47
BHAGCHEM,EQ,24-12-2021,993.55,974.00,992.80,972.05,990.00,976.60,981.16,"1,341","13,15,731.20",191,965,71.96
BHAGCHEM,EQ,27-12-2021,976.60,992.55,992.55,972.45,974.00,974.15,978.13,484,"4,73,413.00",53,314,64.88
BHAGCHEM,EQ,28-12-2021,974.15,988.70,999.00,975.5,995.00,994.75,992.49,"1,429","14,18,275.10",155,973,68.09
BHAGCHEM,EQ,29-12-2021,994.75,995.00,997.00,975.25,997.00,986.10,988.78,264,"2,61,037.90",28,183,69.32
BHAGCHEM,EQ,30-12-2021,986.10,997.00,997.00,980.1,980.10,988.10,994.43,"1,404","13,96,175.60",125,988,70.37
BHAGCHEM,EQ,31-12-2021,988.10,976.00,985.00,955.05,980.00,981.10,972.52,"1,758","17,09,686.20",220,677,38.51
BHAGCHEM,EQ,03-01-2022,981.10,996.00,996.00,961.50,995.00,982.85,980.61,"1,889","18,52,374.25",122,"1,648",87.24
BHAGCHEM,EQ,04-01-2022,982.85,975.45,997.00,971.20,993.00,986.75,988.30,"1,879","18,57,007.20",134,"1,542",82.06
BHAGCHEM,EQ,05-01-2022,986.75,972.85,988.55,950.00,974.00,962.65,967.66,"4,119","39,85,787.00",347,"2,230",54.14
BHAGCHEM,EQ,06-01-2022,962.65,950.45,980.00,936.00,958.00,951.00,959.73,"2,302","22,09,299.75",245,"1,475",64.07
BHAGCHEM,EQ,07-01-2022,951.00,978.00,985.00,952.05,952.20,955.95,961.35,"2,523","24,25,493.20",212,"1,550",61.43
BHAGCHEM,EQ,10-01-2022,955.95,980.00,987.00,942.00,968.00,967.50,963.47,"4,098","39,48,313.60",253,"2,345",57.22
BHAGCHEM,EQ,11-01-2022,967.50,974.00,"1,056.95",950.05,"1,055.00",990.35,975.26,"5,143","50,15,747.15",277,"4,450",86.53
BHAGCHEM,EQ,12-01-2022,990.35,"1,000.00","1,030.00",981.00,985.00,990.65,"1,010.49","4,640","46,88,663.90",422,"3,145",67.78
BHAGCHEM,EQ,13-01-2022,990.65,980.45,"1,018.00",951.00,999.80,989.65,981.82,"4,684","45,98,849.30",440,"2,905",62.02
BHAGCHEM,EQ,14-01-2022,989.65,999.00,"1,015.00",975.00,999.00,984.05,"1,003.81","2,671","26,81,185.85",244,"1,979",74.09
BHAGCHEM,EQ,17-01-2022,984.05,"1,002.95","1,023.80",983.30,"1,000.00",999.95,"1,008.20","8,401","84,69,900.80",406,"7,182",85.49
BHAGCHEM,EQ,18-01-2022,999.95,"1,018.90","1,048.70","1,000.00","1,025.00","1,020.65","1,025.27","6,193","63,49,518.60",545,"3,923",63.35
BHAGCHEM,EQ,19-01-2022,"1,020.65","1,005.00","1,033.85",992.25,"1,025.00","1,013.95","1,010.59","6,571","66,40,555.30",284,"4,028",61.3
BHAGCHEM,EQ,20-01-2022,"1,013.95","1,035.00","1,035.00","1,004.75","1,009.00","1,009.40","1,011.28","3,026","30,60,146.35",169,"2,632",86.98
BHAGCHEM,EQ,21-01-2022,"1,009.40",993.00,"1,032.00",993.00,"1,024.00","1,017.95","1,019.54","6,573","67,01,429.15",325,"5,795",88.16
BHAGCHEM,EQ,24-01-2022,"1,017.95","1,017.00","1,051.00",950.00,"1,015.00","1,010.95","1,021.96","23,084","2,35,90,955.55","1,223","12,351",53.5
BHAGCHEM,EQ,25-01-2022,"1,010.95",980.00,"1,030.00",971.30,"1,020.00","1,010.85","1,016.43","3,958","40,23,017.00",235,"3,264",82.47
BHAGCHEM,EQ,27-01-2022,"1,010.85","1,006.90","1,020.25",994.40,"1,010.00","1,007.60","1,008.50","6,066","61,17,580.85",169,"5,670",93.47
BHAGCHEM,EQ,28-01-2022,"1,007.60",993.55,"1,025.00",990.00,"1,010.00","1,009.05","1,009.63","8,856","89,41,255.60",201,"8,366",94.47
BHAGCHEM,EQ,31-01-2022,"1,009.05","1,019.40","1,054.90",993.65,"1,054.90","1,047.30","1,034.86","24,565","2,54,21,269.65",835,"19,780",80.52
BHAGCHEM,EQ,01-02-2022,"1,047.30","1,069.90","1,099.00","1,000.00","1,015.55","1,049.40","1,052.35","22,236","2,34,00,017.55","1,345","10,461",47.05
BHAGCHEM,EQ,02-02-2022,"1,049.40","1,040.00","1,060.00","1,005.75","1,060.00","1,058.05","1,044.37","8,839","92,31,221.75",410,"6,355",71.9
BHAGCHEM,EQ,03-02-2022,"1,058.05","1,070.00","1,076.85","1,032.45","1,040.50","1,042.70","1,050.29","2,432","25,54,308.15",246,"1,516",62.34
BHAGCHEM,EQ,04-02-2022,"1,042.70","1,049.50","1,099.00","1,026.05","1,097.00","1,096.65","1,080.72","15,147","1,63,69,655.75",598,"13,081",86.36
BHAGCHEM,EQ,07-02-2022,"1,096.65","1,130.00","1,130.00","1,071.65","1,100.00","1,098.40","1,095.61","9,341","1,02,34,118.90",765,"5,006",53.59
BHAGCHEM,EQ,08-02-2022,"1,098.40","1,085.00","1,125.00","1,085.00","1,104.45","1,106.65","1,109.00","6,501","72,09,638.80",286,"3,853",59.27
BHAGCHEM,EQ,09-02-2022,"1,106.65","1,118.55","1,119.75","1,093.15","1,100.00","1,100.45","1,107.05","1,015","11,23,656.40",89,769,75.76
BHAGCHEM,EQ,10-02-2022,"1,100.45","1,093.00","1,115.85","1,092.00","1,102.00","1,096.30","1,103.61","2,201","24,29,041.75",209,"1,894",86.05
BHAGCHEM,EQ,11-02-2022,"1,096.30","1,071.00","1,114.40","1,071.00","1,084.50","1,092.00","1,091.22","1,624","17,72,135.00",150,"1,096",67.49
BHAGCHEM,EQ,14-02-2022,"1,092.00","1,092.00","1,095.00",941.25,973.05,979.50,"1,016.94","8,005","81,40,582.15",469,"3,719",46.46
BHAGCHEM,EQ,15-02-2022,979.50,979.50,"1,034.00",979.50,"1,003.00","1,014.95","1,006.16","5,218","52,50,158.10",270,"3,967",76.03
BHAGCHEM,EQ,16-02-2022,"1,014.95","1,039.00","1,040.00","1,007.60","1,013.00","1,013.35","1,030.11","1,431","14,74,080.40",84,"1,126",78.69
BHAGCHEM,EQ,17-02-2022,"1,013.35","1,026.40","1,077.25","1,009.00","1,070.00","1,057.75","1,041.55","2,404","25,03,875.50",133,"2,098",87.27
BHAGCHEM,EQ,18-02-2022,"1,057.75","1,069.95","1,082.00","1,033.25","1,038.75","1,062.40","1,070.08","1,557","16,66,119.30",148,"1,226",78.74
BHAGCHEM,EQ,21-02-2022,"1,062.40","1,040.00","1,074.00","1,021.30","1,027.00","1,027.25","1,045.76","1,180","12,33,994.90",148,910,77.12
BHAGCHEM,EQ,22-02-2022,"1,027.25",990.50,"1,097.50",976.55,995.00,995.00,997.98,"1,286","12,83,405.20",129,973,75.66
BHAGCHEM,EQ,23-02-2022,995.00,"1,039.20","1,039.90",990.10,995.00,997.05,"1,002.65","1,220","12,23,237.30",77,"1,063",87.13
BHAGCHEM,EQ,24-02-2022,997.05,970.45,991.15,951.00,951.00,961.90,968.25,"1,373","13,29,404.70",120,998,72.69
BHAGCHEM,EQ,25-02-2022,961.90,"1,049.00","1,049.00",987.55,988.05,993.70,"1,008.23","1,779","17,93,649.90",135,"1,218",68.47
BHAGCHEM,EQ,28-02-2022,993.70,"1,020.00","1,024.00",982.00,"1,024.00","1,008.75","1,000.67","1,455","14,55,968.00",75,"1,199",82.41
BHAGCHEM,EQ,02-03-2022,"1,008.75","1,008.50","1,020.00",985.50,"1,000.00",994.00,"1,000.33",660,"6,60,219.80",71,442,66.97
BHAGCHEM,EQ,03-03-2022,994.00,"1,024.00","1,024.00",953.00,953.00,967.30,978.50,"2,154","21,07,692.15",211,"1,747",81.1
BHAGCHEM,EQ,04-03-2022,967.30,960.00,990.00,955.50,980.00,979.75,976.39,762,"7,44,011.15",68,639,83.86
BHAGCHEM,EQ,07-03-2022,979.75,952.55,992.00,943.60,952.00,955.35,953.78,"2,336","22,28,023.50",131,"1,921",82.23
BHAGCHEM,EQ,08-03-2022,955.35,945.00,975.85,935.00,942.10,946.05,948.52,"3,048","28,91,092.25",95,"2,593",85.07
BHAGCHEM,EQ,09-03-2022,946.05,937.05,990.00,937.05,950.00,948.70,962.60,"2,618","25,20,084.55",161,"1,578",60.28
BHAGCHEM,EQ,10-03-2022,948.70,965.00,992.85,965.00,979.55,980.60,979.09,"1,297","12,69,883.80",94,"1,090",84.04
BHAGCHEM,EQ,11-03-2022,980.60,970.00,"1,000.00",970.00,985.10,988.40,990.58,844,"8,36,051.05",138,759,89.93
BHAGCHEM,EQ,14-03-2022,988.40,992.85,"1,010.00",969.20,971.65,991.65,989.07,"1,134","11,21,604.55",159,752,66.31
BHAGCHEM,EQ,15-03-2022,991.65,989.50,"1,007.95",905.55,950.00,927.40,938.92,"5,839","54,82,371.30",457,"3,682",63.06
BHAGCHEM,EQ,16-03-2022,927.40,932.25,"1,050.00",932.25,"1,000.05","1,001.20","1,007.72","19,489","1,96,39,404.20","1,006","12,073",61.95
BHAGCHEM,EQ,17-03-2022,"1,001.20","1,029.90","1,047.95","1,000.10","1,012.00","1,000.50","1,005.44","4,483","45,07,383.95",187,"3,584",79.95
BHAGCHEM,EQ,21-03-2022,"1,000.50","1,021.75","1,040.00","1,000.00","1,000.05","1,000.50","1,007.27","2,219","22,35,130.95",103,"1,828",82.38
BHAGCHEM,EQ,22-03-2022,"1,000.50","1,005.00","1,022.30",980.50,"1,013.95",998.10,998.78,"2,683","26,79,735.95",242,"1,429",53.26
BHAGCHEM,EQ,23-03-2022,998.10,998.60,"1,045.00",998.10,"1,005.10","1,011.60","1,032.62","40,043","4,13,49,303.00","1,431","36,366",90.82
BHAGCHEM,EQ,24-03-2022,"1,011.60",990.00,"1,045.10",980.00,"1,030.00","1,023.80","1,031.92","50,219","5,18,21,896.20","2,353","43,988",87.59
BHAGCHEM,EQ,25-03-2022,"1,023.80","1,025.55","1,025.55",990.10,"1,015.00",992.50,998.19,"1,323","13,20,604.10",95,"1,127",85.19
BHAGCHEM,EQ,28-03-2022,992.50,"1,009.00","1,016.75",994.50,"1,001.00","1,001.15","1,003.85",203,"2,03,781.60",34,148,72.91
BHAGCHEM,EQ,29-03-2022,"1,001.15","1,019.00","1,019.00",974.00,974.05,997.80,"1,004.34","1,709","17,16,410.35",123,"1,342",78.53
BHAGCHEM,EQ,30-03-2022,997.80,"1,001.00","1,040.45","1,000.00","1,010.00","1,000.35","1,016.25","1,292","13,12,997.00",108,"1,074",83.13
BHAGCHEM,EQ,31-03-2022,"1,000.35",990.05,"1,017.50",990.05,"1,017.50","1,015.60","1,010.92","1,185","11,97,939.65",91,"1,018",85.91
BHAGCHEM,EQ,01-04-2022,"1,015.60","1,000.60","1,050.00","1,000.60","1,030.50","1,044.90","1,035.92","15,253","1,58,00,855.85",362,"13,825",90.64
BHAGCHEM,EQ,04-04-2022,"1,044.90","1,060.00","1,075.00","1,033.10","1,055.00","1,049.30","1,060.71","12,782","1,35,58,054.85",572,"9,195",71.94
BHAGCHEM,EQ,05-04-2022,"1,049.30","1,090.00","1,090.00","1,053.30","1,059.95","1,056.30","1,067.77","2,006","21,41,937.55",164,"1,483",73.93
BHAGCHEM,EQ,06-04-2022,"1,056.30","1,089.00","1,176.00","1,082.95","1,145.00","1,139.75","1,139.58","66,835","7,61,63,943.30","4,385","37,277",55.77
BHAGCHEM,EQ,07-04-2022,"1,139.75","1,024.00","1,050.00",976.00,"1,013.00","1,006.20","1,001.81","39,070","3,91,40,690.75","4,362","16,861",43.16
BHAGCHEM,EQ,08-04-2022,"1,006.20","1,036.35","1,036.35",955.00,975.00,982.00,977.45,"8,828","86,28,939.35","1,111","4,781",54.16
BHAGCHEM,EQ,11-04-2022,982.00,978.00,"1,025.50",946.55,955.00,974.15,965.33,"12,403","1,19,73,034.70","1,035","8,208",66.18
BHAGCHEM,EQ,12-04-2022,974.15,968.00,976.75,940.10,945.00,950.75,958.40,"3,970","38,04,853.60",664,"2,473",62.29
BHAGCHEM,EQ,13-04-2022,950.75,950.75,994.00,949.05,994.00,977.65,972.31,"4,529","44,03,600.80",425,"3,452",76.22
BHAGCHEM,EQ,18-04-2022,977.65,989.95,"1,005.30",954.65,975.00,984.50,979.97,"3,140","30,77,090.15",402,"1,944",61.91
BHAGCHEM,EQ,19-04-2022,984.50,999.90,999.90,933.00,940.00,947.80,969.12,"3,909","37,88,284.95",618,"2,102",53.77
BHAGCHEM,EQ,20-04-2022,947.80,964.90,964.90,946.65,954.00,953.45,952.46,964,"9,18,170.55",144,577,59.85
BHAGCHEM,EQ,21-04-2022,953.45,965.00,965.00,938.65,963.90,956.80,947.98,"2,150","20,38,160.00",377,"1,106",51.44
BHAGCHEM,EQ,22-04-2022,956.80,954.25,972.90,942.00,960.00,964.40,959.85,"1,899","18,22,748.45",235,"1,528",80.46
BHAGCHEM,EQ,25-04-2022,964.40,973.90,973.90,942.00,942.10,944.15,947.97,"1,577","14,94,947.40",91,"1,335",84.65
BHAGCHEM,EQ,26-04-2022,944.15,944.10,951.15,940.95,940.95,946.00,945.11,"1,906","18,01,385.50",141,"1,680",88.14
BHAGCHEM,EQ,27-04-2022,946.00,939.80,971.00,932.00,965.00,954.30,955.01,"4,643","44,34,122.80",235,"4,008",86.32
BHAGCHEM,EQ,28-04-2022,954.30,942.00,999.00,942.00,980.10,983.35,978.66,"5,535","54,16,858.20",526,"4,103",74.13
BHAGCHEM,EQ,29-04-2022,983.35,994.90,994.90,950.00,950.00,950.05,956.72,"10,665","1,02,03,400.40",236,"10,308",96.65
BHAGCHEM,EQ,02-05-2022,950.05,934.05,967.50,934.05,945.15,957.95,949.25,"1,391","13,20,413.00",152,817,58.73
BHAGCHEM,EQ,04-05-2022,957.95,985.00,"1,049.00",958.25,964.35,968.60,996.06,"4,911","48,91,647.25",347,"3,294",67.07
BHAGCHEM,EQ,05-05-2022,968.60,977.55,980.75,957.55,975.00,979.05,978.17,"1,995","19,51,440.60",99,"1,877",94.09
BHAGCHEM,EQ,06-05-2022,979.05,977.80,977.80,952.50,952.50,965.25,969.49,"2,457","23,82,038.55",82,"2,268",92.31
BHAGCHEM,EQ,09-05-2022,965.25,960.00,977.30,932.05,936.00,937.85,947.09,"2,125","20,12,574.90",186,"1,717",80.8
BHAGCHEM,EQ,10-05-2022,937.85,938.00,942.00,876.00,909.00,893.20,901.85,"3,192","28,78,710.05",205,"2,181",68.33
BHAGCHEM,EQ,11-05-2022,893.20,876.00,908.40,855.00,889.90,859.90,879.89,"8,394","73,85,793.15",227,"6,302",75.08
BHAGCHEM,EQ,12-05-2022,859.90,871.00,882.40,851.00,851.00,858.20,862.28,928,"8,00,196.20",92,788,84.91
BHAGCHEM,EQ,13-05-2022,858.20,874.00,890.00,826.50,850.00,841.75,868.71,"2,844","24,70,604.90",180,"1,761",61.92
BHAGCHEM,EQ,16-05-2022,841.75,825.00,966.35,790.60,804.00,805.80,822.48,"27,871","2,29,23,401.75","1,363","20,661",74.13
BHAGCHEM,EQ,17-05-2022,805.80,800.30,815.90,800.30,810.00,810.20,809.73,"14,189","1,14,89,290.45",541,"10,862",76.55
BHAGCHEM,EQ,18-05-2022,810.20,809.90,811.50,800.00,800.00,800.00,802.73,"2,880","23,11,865.90",168,"2,110",73.26
BHAGCHEM,EQ,19-05-2022,800.00,795.60,899.00,766.85,820.00,823.60,823.39,"19,435","1,60,02,541.15",770,"10,993",56.56
BHAGCHEM,EQ,20-05-2022,823.60,820.00,838.00,820.00,832.10,832.30,830.96,"5,117","42,52,036.95",145,"4,208",82.24
BHAGCHEM,EQ,23-05-2022,832.30,818.70,850.00,818.70,836.00,839.40,842.32,"2,326","19,59,245.05",280,"1,542",66.29
BHAGCHEM,EQ,24-05-2022,839.40,848.45,940.00,848.00,880.10,881.80,901.93,"25,667","2,31,49,872.45","1,841","13,184",51.37
BHAGCHEM,EQ,25-05-2022,881.80,868.40,913.00,868.40,912.00,905.25,902.37,"7,520","67,85,833.00",277,"6,034",80.24
BHAGCHEM,EQ,26-05-2022,905.25,915.00,915.00,882.10,910.00,906.00,901.33,976,"8,79,694.85",155,738,75.61
BHAGCHEM,EQ,27-05-2022,906.00,920.00,920.00,887.95,914.00,910.15,908.30,"5,188","47,12,255.40",414,"3,687",71.07
BHAGCHEM,EQ,30-05-2022,910.15,916.00,919.00,875.70,909.50,917.25,908.28,"12,165","1,10,49,224.10",535,"9,778",80.38
BHAGCHEM,EQ,31-05-2022,917.25,904.50,915.00,893.65,905.05,909.70,906.99,"1,698","15,40,076.55",137,"1,273",74.97
BHAGCHEM,EQ,01-06-2022,909.70,905.45,920.00,904.80,910.00,908.05,910.84,"3,134","28,54,569.05",103,"2,708",86.41
BHAGCHEM,EQ,02-06-2022,908.05,903.70,915.00,873.25,910.00,909.00,898.75,"3,301","29,66,764.40",224,"1,990",60.28
BHAGCHEM,EQ,03-06-2022,909.00,908.25,937.45,891.45,930.00,926.55,921.55,"14,710","1,35,55,951.55",340,"13,108",89.11
BHAGCHEM,EQ,06-06-2022,926.55,934.00,937.00,900.00,905.00,907.55,921.43,"2,625","24,18,744.65",244,"1,905",72.57
BHAGCHEM,EQ,07-06-2022,907.55,898.50,913.50,891.05,900.00,899.90,901.25,"2,236","20,15,190.40",66,"2,128",95.17
BHAGCHEM,EQ,08-06-2022,899.90,914.95,914.95,895.00,901.00,900.85,902.48,"3,522","31,78,541.00",174,"3,258",92.5
BHAGCHEM,EQ,09-06-2022,900.85,891.10,925.00,889.25,925.00,915.85,910.10,"5,330","48,50,837.25",210,"4,756",89.23
BHAGCHEM,EQ,10-06-2022,915.85,915.85,933.00,905.00,906.50,905.95,912.13,"4,500","41,04,569.85",361,"3,324",73.87
BHAGCHEM,EQ,13-06-2022,905.95,890.00,914.30,875.15,883.30,890.55,890.74,"1,963","17,48,513.75",193,"1,246",63.47
BHAGCHEM,EQ,14-06-2022,890.55,890.55,905.00,890.15,904.00,902.65,901.61,"1,676","15,11,095.75",73,"1,556",92.84
BHAGCHEM,EQ,15-06-2022,902.65,902.65,955.00,902.65,933.00,950.70,936.28,"34,145","3,19,69,133.30",664,"31,817",93.18
BHAGCHEM,EQ,16-06-2022,950.70,960.00,965.00,903.00,940.00,937.00,918.84,"15,049","1,38,27,652.20",439,"13,402",89.06
BHAGCHEM,EQ,17-06-2022,937.00,949.00,949.00,916.00,916.00,921.35,920.57,"13,829","1,27,30,504.75",134,"13,504",97.65
BHAGCHEM,EQ,20-06-2022,921.35,910.95,925.50,879.95,904.00,895.60,897.98,"17,359","1,55,87,999.55",516,"15,248",87.84
BHAGCHEM,EQ,21-06-2022,895.60,939.80,939.80,898.05,902.80,903.15,908.88,"15,042","1,36,71,437.80",132,"14,704",97.75
BHAGCHEM,EQ,22-06-2022,903.15,912.00,940.00,900.00,900.00,908.00,917.33,"11,779","1,08,05,227.55","1,097","2,551",21.66
BHAGCHEM,EQ,23-06-2022,908.00,930.00,930.00,906.25,915.00,915.80,916.02,"2,696","24,69,586.50",174,"2,375",88.09
BHAGCHEM,EQ,24-06-2022,915.80,910.00,930.95,910.00,920.00,920.55,924.11,"2,870","26,52,194.45",267,"2,145",74.74
BHAGCHEM,EQ,27-06-2022,920.55,935.00,946.45,925.35,928.00,930.90,935.39,"4,867","45,52,536.15",341,"3,841",78.92
BHAGCHEM,EQ,28-06-2022,930.90,930.10,943.40,917.70,932.00,927.90,931.35,165,"1,53,672.40",36,57,34.55
BHAGCHEM,EQ,29-06-2022,927.90,938.30,945.00,912.40,940.00,925.80,931.38,"2,015","18,76,726.45",178,"1,464",72.66
BHAGCHEM,EQ,30-06-2022,925.80,939.80,945.00,915.50,935.00,933.30,934.33,818,"7,64,278.70",116,358,43.77
BHAGCHEM,EQ,01-07-2022,933.30,933.30,934.95,908.00,918.00,912.10,912.99,888,"8,10,735.85",93,738,83.11
BHAGCHEM,EQ,04-07-2022,912.10,930.25,930.70,897.65,910.00,909.95,909.47,954,"8,67,630.55",98,723,75.79
BHAGCHEM,EQ,05-07-2022,909.95,909.95,937.00,901.65,937.00,910.20,909.15,"1,579","14,35,543.15",127,"1,168",73.97
BHAGCHEM,EQ,06-07-2022,910.20,903.00,922.90,880.00,900.00,901.60,904.19,567,"5,12,675.30",72,442,77.95
BHAGCHEM,EQ,07-07-2022,901.60,901.65,909.70,896.05,896.05,898.80,900.86,724,"6,52,223.20",75,552,76.24
BHAGCHEM,EQ,08-07-2022,898.80,916.75,920.00,898.40,914.50,908.50,905.98,"1,404","12,71,993.40",161,"1,029",73.29
BHAGCHEM,EQ,11-07-2022,908.50,906.10,915.00,856.10,898.55,894.30,888.68,"18,658","1,65,80,962.70",498,"15,067",80.75
BHAGCHEM,EQ,12-07-2022,894.30,910.00,930.90,887.30,929.95,923.35,923.38,"10,478","96,75,207.70",374,"6,932",66.16
BHAGCHEM,EQ,13-07-2022,923.35,940.00,940.00,913.55,925.00,925.25,922.33,"3,094","28,53,697.30",198,"2,617",84.58
BHAGCHEM,EQ,14-07-2022,925.25,924.45,930.00,924.15,925.00,925.45,925.33,560,"5,18,186.90",60,457,81.61
BHAGCHEM,EQ,15-07-2022,925.45,933.90,940.70,925.65,933.00,936.20,936.07,"2,783","26,05,073.60",120,"1,988",71.43
BHAGCHEM,EQ,18-07-2022,936.20,940.00,954.00,938.00,954.00,950.15,947.53,"11,885","1,12,61,359.00",375,"8,481",71.36
BHAGCHEM,EQ,19-07-2022,950.15,966.00,"1,035.00",956.45,"1,022.55","1,024.25","1,008.94","22,079","2,22,76,291.70","1,200","14,377",65.12
BHAGCHEM,EQ,20-07-2022,"1,024.25","1,044.00","1,064.50","1,001.50","1,058.00","1,034.95","1,043.16","9,664","1,00,81,053.05",709,"5,242",54.24
BHAGCHEM,EQ,21-07-2022,"1,034.95","1,054.90","1,068.00","1,012.15","1,039.90","1,037.55","1,042.74","3,472","36,20,400.15",475,"1,854",53.4
BHAGCHEM,EQ,22-07-2022,"1,037.55","1,053.90","1,065.00","1,028.00","1,040.00","1,037.05","1,045.51","12,061","1,26,09,902.00",781,"10,265",85.11
BHAGCHEM,EQ,25-07-2022,"1,037.05","1,055.00","1,062.50","1,041.20","1,043.00","1,043.50","1,056.75","7,291","77,04,741.15",415,"6,038",82.81
BHAGCHEM,EQ,26-07-2022,"1,043.50","1,034.70","1,065.00","1,025.00","1,065.00","1,063.35","1,052.84","5,198","54,72,651.40",310,"4,268",82.11
BHAGCHEM,EQ,27-07-2022,"1,063.35","1,063.00","1,068.25","1,034.00","1,038.00","1,038.40","1,051.32","2,299","24,16,987.45",349,"1,551",67.46
BHAGCHEM,EQ,28-07-2022,"1,038.40","1,064.95","1,075.00","1,025.00","1,033.50","1,041.95","1,060.64","4,424","46,92,257.80",413,"2,565",57.98
BHAGCHEM,EQ,29-07-2022,"1,041.95","1,065.80","1,084.00","1,031.10","1,062.00","1,073.25","1,066.69","3,044","32,46,992.90",350,"2,451",80.52
BHAGCHEM,EQ,01-08-2022,"1,073.25","1,086.00","1,099.90","1,062.65","1,085.00","1,082.25","1,093.18","8,532","93,26,990.30",439,"7,595",89.02
BHAGCHEM,EQ,02-08-2022,"1,082.25","1,098.00","1,119.95","1,075.00","1,100.00","1,095.55","1,098.79","15,167","1,66,65,351.60",554,"12,653",83.42
BHAGCHEM,EQ,03-08-2022,"1,095.55","1,109.00","1,110.00","1,080.10","1,090.65","1,099.20","1,094.70","1,413","15,46,809.95",196,946,66.95
BHAGCHEM,EQ,04-08-2022,"1,099.20","1,111.00","1,132.15","1,051.30","1,120.00","1,115.75","1,103.21","11,618","1,28,17,125.35",384,"10,223",87.99
BHAGCHEM,EQ,05-08-2022,"1,115.75","1,125.25","1,269.45","1,125.25","1,244.00","1,243.40","1,214.82","66,141","8,03,49,532.15","3,625","26,990",40.81
BHAGCHEM,EQ,08-08-2022,"1,243.40","1,255.00","1,282.95","1,216.40","1,229.95","1,249.85","1,253.21","20,985","2,62,98,652.90","1,506","14,828",70.66
BHAGCHEM,EQ,10-08-2022,"1,249.85","1,249.00","1,249.00","1,186.60","1,210.00","1,217.30","1,215.61","8,118","98,68,282.50","1,254","3,671",45.22
BHAGCHEM,EQ,11-08-2022,"1,217.30","1,208.00","1,237.65","1,150.10","1,225.45","1,208.65","1,190.00","11,166","1,32,87,581.15","1,608","7,421",66.46
BHAGCHEM,EQ,12-08-2022,"1,208.65","1,190.00","1,232.75","1,166.75","1,180.00","1,185.05","1,205.85","13,073","1,57,64,100.70",886,"10,558",80.76
BHAGCHEM,EQ,16-08-2022,"1,185.05","1,185.00","1,210.00","1,180.00","1,209.50","1,204.70","1,201.91","3,873","46,55,013.00",483,"3,197",82.55
BHAGCHEM,EQ,17-08-2022,"1,204.70","1,210.30","1,249.00","1,209.00","1,244.00","1,243.50","1,234.90","5,458","67,40,101.40",623,"3,326",60.94
BHAGCHEM,EQ,18-08-2022,"1,243.50","1,245.90","1,249.00","1,220.00","1,232.50","1,241.90","1,237.23","12,180","1,50,69,408.80",462,"10,427",85.61
BHAGCHEM,EQ,19-08-2022,"1,241.90","1,229.45","1,258.55","1,221.50","1,226.00","1,229.75","1,235.07","5,836","72,07,888.90",522,"4,266",73.1
BHAGCHEM,EQ,22-08-2022,"1,229.75","1,211.50","1,308.20","1,211.50","1,280.55","1,269.45","1,270.86","70,288","8,93,26,083.90","1,927","51,026",72.6
BHAGCHEM,EQ,23-08-2022,"1,269.45","1,277.00","1,309.90","1,270.00","1,308.00","1,308.65","1,303.68","9,397","1,22,50,716.40",966,"6,206",66.04
BHAGCHEM,EQ,24-08-2022,"1,308.65","1,310.00","1,340.00","1,289.15","1,339.00","1,329.40","1,326.04","8,459","1,12,16,989.20",903,"5,032",59.49
BHAGCHEM,EQ,25-08-2022,"1,329.40","1,339.00","1,355.95","1,325.05","1,340.00","1,334.65","1,346.84","8,900","1,19,86,870.15",505,"7,731",86.87
BHAGCHEM,EQ,26-08-2022,"1,334.65","1,355.00","1,358.00","1,286.60","1,315.00","1,302.15","1,339.42","12,797","1,71,40,564.85","1,103","10,776",84.21
BHAGCHEM,EQ,29-08-2022,"1,302.15","1,315.00","1,341.25","1,182.20","1,310.00","1,319.95","1,314.60","7,073","92,98,165.95",744,"4,681",66.18
BHAGCHEM,EQ,30-08-2022,"1,319.95","1,305.45","1,346.00","1,302.65","1,340.00","1,326.70","1,320.43","4,408","58,20,445.10",467,"3,326",75.45
BHAGCHEM,EQ,01-09-2022,"1,326.70","1,350.00","1,365.00","1,275.00","1,290.00","1,295.00","1,321.15","8,838","1,16,76,357.20",877,"5,771",65.3
BHAGCHEM,EQ,02-09-2022,"1,295.00","1,310.00","1,328.85","1,300.00","1,305.00","1,316.70","1,308.90","1,172","15,34,034.35",196,754,64.33
BHAGCHEM,EQ,05-09-2022,"1,316.70","1,320.00","1,324.75","1,302.25","1,306.70","1,308.50","1,313.14","2,083","27,35,272.60",203,"1,679",80.6
BHAGCHEM,EQ,06-09-2022,"1,308.50","1,308.00","1,333.00","1,301.10","1,301.15","1,311.95","1,315.10","3,652","48,02,753.30",199,"2,819",77.19
BHAGCHEM,EQ,07-09-2022,"1,311.95","1,330.00","1,330.00","1,291.30","1,309.00","1,300.40","1,302.15","8,405","1,09,44,589.00",252,"7,869",93.62
BHAGCHEM,EQ,08-09-2022,"1,300.40","1,326.35","1,330.00","1,301.00","1,301.00","1,302.20","1,304.60","9,383","1,22,41,091.85",341,"8,233",87.74
BHAGCHEM,EQ,09-09-2022,"1,302.20","1,301.00","1,359.00","1,300.00","1,349.90","1,341.50","1,347.86","16,709","2,25,21,469.65","1,359","11,826",70.78
BHAGCHEM,EQ,12-09-2022,"1,341.50","1,364.90","1,378.00","1,350.00","1,368.70","1,354.75","1,356.64","5,343","72,48,537.85",404,"3,590",67.19
BHAGCHEM,EQ,13-09-2022,"1,354.75","1,381.00","1,399.95","1,343.95","1,399.95","1,394.05","1,383.99","14,908","2,06,32,488.55",769,"11,609",77.87
BHAGCHEM,EQ,14-09-2022,"1,394.05","1,352.00","1,499.00","1,352.00","1,495.00","1,489.10","1,462.18","54,508","7,97,00,408.60","3,673","22,697",41.64
BHAGCHEM,EQ,15-09-2022,"1,489.10","1,499.00","1,560.00","1,482.50","1,512.00","1,521.70","1,519.17","15,107","2,29,50,150.05","1,592","10,735",71.06
BHAGCHEM,EQ,16-09-2022,"1,521.70","1,539.95","1,547.75","1,478.60","1,501.00","1,493.40","1,511.42","14,040","2,12,20,362.75","1,800","7,978",56.82
BHAGCHEM,EQ,19-09-2022,"1,493.40","1,486.00","1,525.00","1,450.00","1,484.95","1,479.85","1,474.88","10,856","1,60,11,276.55",858,"7,195",66.28
BHAGCHEM,EQ,20-09-2022,"1,479.85","1,509.35","1,510.05","1,450.00","1,455.00","1,462.50","1,465.60","14,742","2,16,05,871.15","2,632","5,752",39.02
BHAGCHEM,EQ,21-09-2022,"1,462.50","1,463.20","1,480.20","1,425.60","1,449.00","1,447.15","1,459.30","7,588","1,10,73,180.40","1,016","3,751",49.43
BHAGCHEM,EQ,22-09-2022,"1,447.15","1,432.30","1,444.85","1,410.00","1,433.00","1,428.15","1,420.80","4,695","66,70,640.20",805,"1,914",40.77
BHAGCHEM,EQ,23-09-2022,"1,428.15","1,406.45","1,450.00","1,404.00","1,445.00","1,432.05","1,436.10","5,729","82,27,400.50","1,022","2,718",47.44
BHAGCHEM,EQ,26-09-2022,"1,432.05","1,437.90","1,448.95","1,392.05","1,417.00","1,421.30","1,416.64","6,133","86,88,266.30",688,"3,360",54.79
BHAGCHEM,EQ,27-09-2022,"1,421.30","1,416.00","1,435.00","1,369.00","1,369.00","1,376.10","1,403.87","13,085","1,83,69,658.05","2,844","4,158",31.78
BHAGCHEM,EQ,28-09-2022,"1,376.10","1,355.00","1,385.00","1,326.00","1,330.00","1,334.10","1,341.16","2,944","39,48,363.10",375,"1,934",65.69
BHAGCHEM,EQ,29-09-2022,"1,334.10","1,349.35","1,365.95","1,302.10","1,347.15","1,322.90","1,331.93","2,992","39,85,123.60",502,"1,398",46.72
BHAGCHEM,EQ,30-09-2022,"1,322.90","1,339.90","1,367.30","1,301.10","1,301.10","1,308.55","1,334.48","13,344","1,78,07,357.35","3,465","2,586",19.38
BHAGCHEM,EQ,03-10-2022,"1,308.55","1,320.00","1,361.35","1,300.00","1,360.00","1,359.75","1,331.84","5,440","72,45,226.50",955,"2,633",48.4
BHAGCHEM,EQ,04-10-2022,"1,359.75","1,394.00","1,450.00","1,368.55","1,380.00","1,396.70","1,409.53","16,917","2,38,45,047.80","4,232","2,553",15.09
BHAGCHEM,EQ,06-10-2022,"1,396.70","1,422.00","1,434.00","1,386.35","1,393.95","1,395.10","1,405.19","3,899","54,78,835.70",985,"1,378",35.34
BHAGCHEM,EQ,07-10-2022,"1,395.10","1,406.00","1,465.00","1,371.65","1,371.65","1,388.25","1,421.98","39,676","5,64,18,526.25","2,185","24,101",60.74
BHAGCHEM,EQ,10-10-2022,"1,388.25","1,399.40","1,409.95","1,350.00","1,351.05","1,363.35","1,375.67","9,705","1,33,50,859.70","1,024","6,958",71.7
BHAGCHEM,EQ,11-10-2022,"1,363.35","1,368.80","1,369.40","1,325.10","1,348.00","1,339.05","1,346.12","7,605","1,02,37,273.50",611,"6,058",79.66
BHAGCHEM,EQ,12-10-2022,"1,339.05","1,344.40","1,355.00","1,325.15","1,355.00","1,350.40","1,336.44","2,693","35,99,039.00",572,924,34.31
BHAGCHEM,EQ,13-10-2022,"1,350.40","1,349.90","1,349.95","1,320.00","1,335.00","1,321.00","1,325.56","1,216","16,11,883.75",193,815,67.02
BHAGCHEM,EQ,14-10-2022,"1,321.00","1,347.25","1,357.00","1,328.60","1,355.00","1,343.30","1,338.29",616,"8,24,386.15",160,314,50.97
BHAGCHEM,EQ,17-10-2022,"1,343.30","1,366.00","1,366.00","1,330.05","1,332.25","1,333.20","1,335.17",397,"5,30,061.50",74,282,71.03
BHAGCHEM,EQ,18-10-2022,"1,333.20","1,320.65","1,339.75","1,310.05","1,321.00","1,328.40","1,324.53","15,358","2,03,42,083.65",964,"6,645",43.27
BHAGCHEM,EQ,19-10-2022,"1,328.40","1,354.95","1,438.00","1,331.65","1,417.70","1,399.65","1,399.30","35,277","4,93,63,254.80","1,965","20,578",58.33
BHAGCHEM,EQ,20-10-2022,"1,399.65","1,427.55","1,440.00","1,400.05","1,434.00","1,429.05","1,419.88","9,482","1,34,63,300.95",365,"7,241",76.37
BHAGCHEM,EQ,21-10-2022,"1,429.05","1,439.00","1,459.00","1,395.10","1,403.00","1,401.15","1,426.03","14,679","2,09,32,711.30",852,"9,693",66.03
BHAGCHEM,EQ,24-10-2022,"1,401.15","1,435.00","1,500.00","1,425.00","1,499.00","1,478.60","1,473.00","16,884","2,48,70,181.30",545,"13,114",77.67
BHAGCHEM,EQ,25-10-2022,"1,478.60","1,500.00","1,500.80","1,412.00","1,432.00","1,425.35","1,436.85","20,217","2,90,48,778.75",793,"17,308",85.61
BHAGCHEM,EQ,27-10-2022,"1,425.35","1,452.35","1,453.25","1,401.00","1,410.10","1,411.15","1,416.38","3,777","53,49,678.90",333,"2,510",66.45
BHAGCHEM,EQ,28-10-2022,"1,411.15","1,402.10","1,427.45","1,395.20","1,405.00","1,399.95","1,402.67","30,934","4,33,90,264.65",628,"28,081",90.78
BHAGCHEM,EQ,31-10-2022,"1,399.95","1,400.45","1,450.00","1,384.50","1,419.45","1,400.25","1,413.32","37,096","5,24,28,665.10","1,199","29,888",80.57
BHAGCHEM,EQ,01-11-2022,"1,400.25","1,428.25","1,431.85","1,386.05","1,398.00","1,396.80","1,399.01","5,252","73,47,580.35",401,"4,259",81.09
BHAGCHEM,EQ,02-11-2022,"1,396.80","1,398.85","1,424.40","1,392.45","1,399.20","1,402.45","1,403.37","9,187","1,28,92,719.00",489,"7,839",85.33
BHAGCHEM,EQ,03-11-2022,"1,402.45","1,399.20","1,420.00","1,399.20","1,406.00","1,400.70","1,405.43","5,166","72,60,434.15",380,"4,250",82.27
BHAGCHEM,EQ,04-11-2022,"1,400.70","1,385.00","1,449.00","1,385.00","1,444.00","1,439.70","1,423.53","41,668","5,93,15,693.05","2,118","26,930",64.63
BHAGCHEM,EQ,07-11-2022,"1,439.70","1,470.00","1,470.00","1,425.00","1,436.00","1,431.80","1,435.88","7,659","1,09,97,435.40",578,"5,244",68.47
BHAGCHEM,EQ,09-11-2022,"1,431.80","1,469.75","1,470.00","1,433.50","1,455.65","1,456.60","1,454.98","7,633","1,11,05,842.70",901,"5,234",68.57
BHAGCHEM,EQ,10-11-2022,"1,456.60","1,455.00","1,456.60","1,412.55","1,431.95","1,434.60","1,436.98","6,922","99,46,772.20",743,"5,237",75.66
BHAGCHEM,EQ,11-11-2022,"1,434.60","1,464.00","1,467.45","1,402.55","1,449.80","1,424.85","1,429.59","7,331","1,04,80,348.60",903,"4,582",62.5
BHAGCHEM,EQ,14-11-2022,"1,424.85","1,425.00","1,449.90","1,410.00","1,448.00","1,438.55","1,428.42","2,306","32,93,934.70",417,"1,471",63.79
BHAGCHEM,EQ,15-11-2022,"1,438.55","1,462.95","1,726.25","1,440.00","1,450.00","1,458.65","1,480.76","4,373","64,75,384.40",753,"2,547",58.24
BHAGCHEM,EQ,16-11-2022,"1,458.65","1,501.95","1,501.95","1,440.75","1,460.00","1,457.80","1,472.33","6,992","1,02,94,513.45",533,"5,630",80.52
BHAGCHEM,EQ,17-11-2022,"1,457.80","1,430.00","1,490.00","1,421.00","1,478.00","1,453.35","1,453.98","10,066","1,46,35,714.20","1,000","7,698",76.48
BHAGCHEM,EQ,18-11-2022,"1,453.35","1,477.00","1,485.95","1,438.00","1,438.20","1,447.85","1,448.88","7,640","1,10,69,431.60",510,"6,805",89.07
BHAGCHEM,EQ,21-11-2022,"1,447.85","1,441.50","1,441.90","1,420.10","1,422.00","1,423.05","1,425.58","2,581","36,79,428.60",312,"1,740",67.42
BHAGCHEM,EQ,22-11-2022,"1,423.05","1,425.50","1,453.00","1,407.05","1,444.00","1,438.70","1,431.93","2,285","32,71,957.75",485,"1,147",50.2
BHAGCHEM,EQ,23-11-2022,"1,438.70","1,479.95","1,479.95","1,419.35","1,420.00","1,422.45","1,424.90","6,953","99,07,304.05",594,"5,187",74.6
BHAGCHEM,EQ,24-11-2022,"1,422.45","1,405.85","1,421.00","1,382.55","1,386.00","1,391.60","1,400.10","16,385","2,29,40,633.20",935,"13,374",81.62
BHAGCHEM,EQ,25-11-2022,"1,391.60","1,435.00","1,435.00","1,396.05","1,408.00","1,400.10","1,406.82",558,"7,85,007.50",112,292,52.33
BHAGCHEM,EQ,28-11-2022,"1,400.10","1,401.25","1,409.00","1,385.00","1,409.00","1,401.35","1,396.18","1,710","23,87,462.50",137,"1,324",77.43
BHAGCHEM,EQ,29-11-2022,"1,401.35","1,397.75","1,426.00","1,395.05","1,398.00","1,399.80","1,398.65","2,469","34,53,265.70",270,"1,584",64.16
BHAGCHEM,EQ,30-11-2022,"1,399.80","1,399.05","1,412.95","1,395.10","1,397.00","1,406.90","1,403.07","1,720","24,13,288.05",276,"1,182",68.72
BHAGCHEM,EQ,01-12-2022,"1,406.90","1,396.55","1,430.00","1,395.10","1,430.00","1,417.95","1,402.96","2,081","29,19,550.85",175,"1,664",79.96
BHAGCHEM,EQ,02-12-2022,"1,417.95","1,400.15","1,423.00","1,395.10","1,396.20","1,396.20","1,399.53","2,393","33,49,086.90",187,"1,875",78.35
BHAGCHEM,EQ,05-12-2022,"1,396.20","1,405.05","1,405.05","1,381.00","1,381.00","1,385.05","1,391.00","2,756","38,33,602.40",136,"2,574",93.4
BHAGCHEM,EQ,06-12-2022,"1,385.05","1,399.70","1,399.70","1,357.30","1,361.00","1,369.50","1,378.26","3,004","41,40,303.10",167,"2,671",88.91
BHAGCHEM,EQ,07-12-2022,"1,369.50","1,380.00","1,405.90","1,380.00","1,400.00","1,399.15","1,399.31","3,690","51,63,446.70",292,"2,979",80.73
BHAGCHEM,EQ,08-12-2022,"1,399.15","1,419.00","1,488.00","1,371.00","1,425.15","1,430.80","1,448.24","32,633","4,72,60,526.15","2,363","8,641",26.48
BHAGCHEM,EQ,09-12-2022,"1,430.80","1,421.80","1,448.65","1,407.55","1,412.00","1,419.90","1,420.81","2,124","30,17,792.35",311,"1,178",55.46
BHAGCHEM,EQ,12-12-2022,"1,419.90","1,412.00","1,422.00","1,404.05","1,410.00","1,413.00","1,408.90","1,857","26,16,320.80",131,"1,663",89.55
BHAGCHEM,EQ,13-12-2022,"1,413.00","1,411.80","1,428.80","1,398.00","1,399.35","1,400.15","1,408.41","4,670","65,77,266.80",137,"4,352",93.19
BHAGCHEM,EQ,14-12-2022,"1,400.15","1,400.15","1,409.95","1,375.00","1,376.00","1,377.35","1,384.17","5,061","70,05,269.45",451,"3,799",75.06
BHAGCHEM,EQ,15-12-2022,"1,377.35","1,376.00","1,399.95","1,376.00","1,399.90","1,397.45","1,393.28","4,460","62,14,032.50",483,"3,226",72.33
BHAGCHEM,EQ,16-12-2022,"1,397.45","1,382.55","1,383.00","1,370.00","1,380.00","1,372.50","1,373.46","1,462","20,07,992.80",151,"1,198",81.94
BHAGCHEM,EQ,19-12-2022,"1,372.50","1,373.50","1,390.00","1,350.00","1,350.00","1,353.00","1,360.83","4,851","66,01,362.45",293,"4,024",82.95
BHAGCHEM,EQ,20-12-2022,"1,353.00","1,360.00","1,367.00","1,330.00","1,361.00","1,343.80","1,348.09","5,536","74,63,053.75",422,"4,621",83.47
BHAGCHEM,EQ,21-12-2022,"1,343.80","1,394.00","1,394.00","1,325.00","1,345.00","1,340.40","1,340.30","2,761","37,00,564.90",341,"2,164",78.38
BHAGCHEM,EQ,22-12-2022,"1,340.40","1,367.15","1,367.15","1,280.00","1,281.00","1,294.15","1,310.60","3,718","48,72,795.35",423,"2,678",72.03
BHAGCHEM,EQ,23-12-2022,"1,294.15","1,270.05","1,275.95","1,231.00","1,245.00","1,248.75","1,259.85","3,442","43,36,396.55",250,"2,530",73.5
BHAGCHEM,EQ,26-12-2022,"1,248.75","1,220.00","1,250.95","1,220.00","1,224.55","1,235.40","1,236.58","2,937","36,31,834.70",438,"1,874",63.81
BHAGCHEM,EQ,27-12-2022,"1,235.40","1,236.25","1,259.35","1,210.10","1,240.00","1,216.85","1,227.76","2,048","25,14,445.30",193,"1,537",75.05
BHAGCHEM,EQ,28-12-2022,"1,216.85","1,241.00","1,251.50","1,185.50","1,200.00","1,217.70","1,225.66",987,"12,09,729.10",117,685,69.4
BHAGCHEM,EQ,29-12-2022,"1,217.70","1,210.60","1,259.00","1,193.00","1,251.90","1,248.80","1,211.83","1,600","19,38,925.95",211,"1,251",78.19
BHAGCHEM,EQ,30-12-2022,"1,248.80","1,273.75","1,300.00","1,239.25","1,300.00","1,297.10","1,282.88","2,791","35,80,504.85",287,"1,869",66.97
BHAGCHEM,EQ,02-01-2023,"1,297.10","1,315.00","1,315.00","1,258.60","1,275.00","1,288.75","1,291.28",666,"8,59,991.40",102,520,78.08
BHAGCHEM,EQ,03-01-2023,"1,288.75","1,275.00","1,280.00","1,265.00","1,265.00","1,269.80","1,273.04","1,394","17,74,612.40",99,"1,282",91.97
BHAGCHEM,EQ,04-01-2023,"1,269.80","1,264.55","1,265.75","1,248.05","1,260.00","1,258.95","1,258.50","1,563","19,67,031.70",87,"1,260",80.61
BHAGCHEM,EQ,05-01-2023,"1,258.95","1,255.05","1,295.00","1,221.20","1,286.00","1,293.65","1,256.54","4,372","54,93,603.20",393,"2,917",66.72
BHAGCHEM,EQ,06-01-2023,"1,293.65","1,270.75","1,285.00","1,270.05","1,272.05","1,274.05","1,280.33",556,"7,11,861.00",71,351,63.13
BHAGCHEM,EQ,09-01-2023,"1,274.05","1,273.80","1,286.95","1,242.30","1,270.00","1,269.95","1,267.60","1,479","18,74,778.60",110,"1,289",87.15
BHAGCHEM,EQ,10-01-2023,"1,269.95","1,251.50","1,284.00","1,246.55","1,284.00","1,281.95","1,271.40",971,"12,34,528.10",100,687,70.75
BHAGCHEM,EQ,11-01-2023,"1,281.95","1,307.55","1,307.55","1,275.00","1,275.00","1,275.70","1,279.45",342,"4,37,571.55",39,292,85.38
BHAGCHEM,EQ,12-01-2023,"1,275.70","1,300.90","1,300.90","1,255.00","1,255.00","1,273.50","1,278.35",873,"11,16,000.15",129,608,69.64
BHAGCHEM,EQ,13-01-2023,"1,273.50","1,300.00","1,300.00","1,270.20","1,285.00","1,284.55","1,281.89","2,374","30,43,197.25",338,"1,646",69.33
BHAGCHEM,EQ,16-01-2023,"1,284.55","1,291.00","1,309.95","1,227.05","1,240.00","1,257.10","1,269.20","4,461","56,61,896.30",276,"4,029",90.32
BHAGCHEM,EQ,17-01-2023,"1,257.10","1,241.50","1,275.05","1,225.55","1,264.00","1,264.55","1,263.43","2,478","31,30,774.30",192,"2,095",84.54
BHAGCHEM,EQ,18-01-2023,"1,264.55","1,264.55","1,271.05","1,233.55","1,253.25","1,260.30","1,249.26","1,686","21,06,258.70",264,"1,083",64.23
BHAGCHEM,EQ,19-01-2023,"1,260.30","1,270.00","1,280.00","1,232.20","1,262.10","1,254.00","1,257.99","3,852","48,45,793.20",220,"3,209",83.31
BHAGCHEM,EQ,20-01-2023,"1,254.00","1,279.15","1,280.00","1,250.00","1,260.00","1,267.75","1,258.03","2,765","34,78,451.30",279,"1,989",71.93
BHAGCHEM,EQ,23-01-2023,"1,267.75","1,254.00","1,287.00","1,245.05","1,249.00","1,254.80","1,261.59","2,785","35,13,534.25",466,"1,886",67.72
BHAGCHEM,EQ,24-01-2023,"1,254.80","1,279.85","1,279.85","1,250.00","1,256.00","1,253.70","1,263.94","1,521","19,22,453.05",220,"1,142",75.08
BHAGCHEM,EQ,25-01-2023,"1,253.70","1,260.00","1,291.05","1,206.30","1,240.00","1,244.80","1,243.37","15,274","1,89,91,232.25",743,"11,075",72.51
BHAGCHEM,EQ,27-01-2023,"1,244.80","1,275.00","1,308.80","1,202.00","1,295.00","1,300.05","1,252.93","7,298","91,43,917.45",849,"5,174",70.9
BHAGCHEM,EQ,30-01-2023,"1,300.05","1,294.00","1,320.00","1,237.80","1,298.00","1,283.75","1,279.62","5,882","75,26,712.20",838,"3,379",57.45
BHAGCHEM,EQ,31-01-2023,"1,283.75","1,297.85","1,298.00","1,199.30","1,270.00","1,267.35","1,254.59","37,961","4,76,25,542.05","1,080","31,771",83.69
BHAGCHEM,EQ,01-02-2023,"1,267.35","1,290.00","1,290.00","1,213.75","1,225.00","1,227.00","1,247.88","1,628","20,31,552.25",328,908,55.77
BHAGCHEM,EQ,02-02-2023,"1,227.00","1,215.00","1,286.00","1,215.00","1,280.00","1,264.05","1,242.73","1,412","17,54,730.30",217,"1,089",77.12
BHAGCHEM,EQ,03-02-2023,"1,264.05","1,248.00","1,284.00","1,228.10","1,284.00","1,266.80","1,252.20","1,789","22,40,194.45",342,972,54.33
BHAGCHEM,EQ,06-02-2023,"1,266.80","1,241.00","1,291.00","1,200.00","1,205.00","1,216.70","1,235.86","1,916","23,67,910.65",319,"1,365",71.24
BHAGCHEM,EQ,07-02-2023,"1,216.70","1,222.45","1,231.15","1,191.00","1,205.00","1,194.95","1,210.20","1,683","20,36,766.40",209,"1,320",78.43
BHAGCHEM,EQ,08-02-2023,"1,194.95","1,270.00","1,270.00","1,201.00","1,218.00","1,218.30","1,218.65",463,"5,64,236.90",106,273,58.96
BHAGCHEM,EQ,09-02-2023,"1,218.30","1,238.00","1,238.00","1,190.05","1,190.05","1,193.60","1,203.15",756,"9,09,581.90",125,610,80.69
BHAGCHEM,EQ,10-02-2023,"1,193.60","1,202.55","1,202.55","1,120.00","1,190.00","1,185.95","1,169.37","7,961","93,09,383.10",571,"5,947",74.7
BHAGCHEM,EQ,13-02-2023,"1,185.95","1,198.00","1,198.60","1,056.10","1,107.00","1,097.65","1,117.59","4,770","53,30,909.70",563,"2,815",59.01
BHAGCHEM,EQ,14-02-2023,"1,097.65","1,100.00","1,136.95","1,025.05","1,040.00","1,038.25","1,059.53","17,331","1,83,62,734.45",676,"15,660",90.36
BHAGCHEM,EQ,15-02-2023,"1,038.25","1,016.00","1,064.70","1,009.65","1,020.25","1,026.75","1,021.12","7,280","74,33,785.50",410,"5,955",81.8
BHAGCHEM,EQ,16-02-2023,"1,026.75","1,026.75","1,040.00","1,008.50","1,019.10","1,015.10","1,019.34","4,192","42,73,089.80",318,"3,459",82.51
BHAGCHEM,EQ,17-02-2023,"1,015.10","1,024.00","1,024.00","1,009.00","1,012.00","1,014.70","1,013.52","2,669","27,05,088.25",241,"2,109",79.02
BHAGCHEM,EQ,20-02-2023,"1,014.70","1,045.05","1,052.20","1,000.10","1,042.00","1,045.35","1,032.56","5,912","61,04,473.35",416,"4,676",79.09
BHAGCHEM,EQ,21-02-2023,"1,045.35","1,073.95","1,099.00","1,053.05","1,094.00","1,092.80","1,091.03","3,613","39,41,890.45",564,"1,953",54.05
BHAGCHEM,EQ,22-02-2023,"1,092.80","1,127.90","1,129.00","1,032.65","1,060.00","1,043.60","1,060.39","5,913","62,70,078.50",638,"4,550",76.95
BHAGCHEM,EQ,23-02-2023,"1,043.60","1,021.20","1,091.80","1,021.05","1,060.00","1,042.65","1,056.09","3,481","36,76,258.65",364,"2,493",71.62
BHAGCHEM,EQ,24-02-2023,"1,042.65","1,021.05","1,073.85","1,005.20","1,050.00","1,044.45","1,044.52","3,636","37,97,868.70",888,"1,711",47.06
BHAGCHEM,EQ,27-02-2023,"1,044.45","1,060.00","1,071.95","1,000.00","1,022.00","1,031.45","1,019.24","11,544","1,17,66,141.65",965,"7,783",67.42
BHAGCHEM,EQ,28-02-2023,"1,031.45","1,053.00","1,053.00","1,011.55","1,050.00","1,049.50","1,027.51","4,576","47,01,897.50",462,"2,998",65.52
BHAGCHEM,EQ,01-03-2023,"1,049.50","1,068.00","1,075.00","1,050.00","1,050.00","1,053.65","1,066.99","2,386","25,45,831.45",287,"1,607",67.35
BHAGCHEM,EQ,02-03-2023,"1,053.65","1,054.10","1,073.70","1,026.00","1,055.30","1,045.75","1,052.28","1,957","20,59,303.50",270,"1,232",62.95
BHAGCHEM,EQ,03-03-2023,"1,045.75","1,077.00","1,095.00","1,045.65","1,095.00","1,090.75","1,078.25","4,951","53,38,410.00",656,"3,165",63.93
BHAGCHEM,EQ,06-03-2023,"1,090.75","1,080.00","1,199.00","1,080.00","1,170.00","1,174.00","1,159.19","10,365","1,20,15,007.35","1,257","5,984",57.73
BHAGCHEM,EQ,08-03-2023,"1,174.00","1,180.00","1,217.00","1,170.00","1,192.00","1,198.30","1,200.49","11,167","1,34,05,894.50",766,"9,117",81.64
BHAGCHEM,EQ,09-03-2023,"1,198.30","1,219.90","1,253.45","1,190.45","1,248.00","1,233.55","1,231.21","9,017","1,11,01,788.65",752,"7,311",81.08
BHAGCHEM,EQ,10-03-2023,"1,233.55","1,245.00","1,260.00","1,221.75","1,259.00","1,251.85","1,244.50","8,658","1,07,74,850.95",585,"7,107",82.09
BHAGCHEM,EQ,13-03-2023,"1,251.85","1,280.00","1,299.00","1,243.00","1,289.00","1,271.75","1,277.12","8,424","1,07,58,458.30",943,"4,793",56.9
BHAGCHEM,EQ,14-03-2023,"1,271.75","1,288.80","1,300.00","1,255.10","1,279.95","1,278.90","1,284.74","3,977","51,09,394.00",507,"2,387",60.02
BHAGCHEM,EQ,15-03-2023,"1,278.90","1,279.80","1,320.00","1,275.30","1,316.65","1,301.15","1,297.84","4,304","55,85,924.00",396,"3,180",73.88
BHAGCHEM,EQ,16-03-2023,"1,301.15","1,301.15","1,301.15","1,178.00","1,179.00","1,187.05","1,212.12","13,612","1,64,99,332.20","1,718","4,929",36.21
BHAGCHEM,EQ,17-03-2023,"1,187.05","1,204.85","1,288.80","1,195.00","1,288.80","1,235.75","1,213.47","5,464","66,30,388.10",810,"2,480",45.39
BHAGCHEM,EQ,20-03-2023,"1,235.75","1,266.65","1,266.65","1,190.00","1,240.25","1,214.95","1,216.79","5,340","64,97,667.60",995,"3,091",57.88
BHAGCHEM,EQ,21-03-2023,"1,214.95","1,246.50","1,246.50","1,202.00","1,209.75","1,225.90","1,229.83","3,367","41,40,838.75",492,"2,111",62.7
BHAGCHEM,EQ,22-03-2023,"1,225.90","1,258.80","1,262.65","1,182.40","1,210.00","1,205.75","1,211.12","13,470","1,63,13,776.50",804,"10,704",79.47
BHAGCHEM,EQ,23-03-2023,"1,205.75","1,217.70","1,221.95","1,181.00","1,200.00","1,196.40","1,201.59","2,086","25,06,513.70",296,"1,040",49.86
BHAGCHEM,EQ,24-03-2023,"1,196.40","1,213.70","1,214.75","1,131.00","1,200.00","1,177.95","1,172.01","5,997","70,28,519.90",520,"3,063",51.08
BHAGCHEM,EQ,27-03-2023,"1,177.95","1,162.00","1,199.85","1,101.00","1,106.20","1,118.25","1,140.94","2,814","32,10,619.20",343,"1,519",53.98
BHAGCHEM,EQ,28-03-2023,"1,118.25","1,117.80","1,199.00","1,095.00","1,111.50","1,136.40","1,125.38","2,216","24,93,842.15",325,"1,415",63.85
BHAGCHEM,EQ,29-03-2023,"1,136.40","1,159.90","1,189.45","1,135.25","1,152.50","1,170.85","1,158.74","1,812","20,99,633.45",314,956,52.76
BHAGCHEM,EQ,31-03-2023,"1,170.85","1,200.00","1,210.00","1,170.60","1,200.00","1,198.00","1,196.28","2,366","28,30,404.55",280,"1,471",62.17
BHAGCHEM,EQ,03-04-2023,"1,198.00","1,230.00","1,280.00","1,209.10","1,270.00","1,260.00","1,243.05","13,286","1,65,15,218.85",631,"11,295",85.01
BHAGCHEM,EQ,05-04-2023,"1,260.00","1,281.00","1,283.95","1,263.15","1,270.00","1,270.95","1,271.38","4,104","52,17,731.80",201,"3,529",85.99
BHAGCHEM,EQ,06-04-2023,"1,270.95","1,275.00","1,275.00","1,269.05","1,271.00","1,272.50","1,271.93","3,193","40,61,284.20",144,"2,882",90.26
BHAGCHEM,EQ,10-04-2023,"1,272.50","1,278.40","1,286.00","1,267.15","1,279.85","1,277.90","1,276.17","1,850","23,60,909.05",177,"1,293",69.89
BHAGCHEM,EQ,11-04-2023,"1,277.90","1,298.00","1,298.00","1,262.55","1,294.05","1,287.65","1,287.02","1,867","24,02,871.85",144,"1,452",77.77
BHAGCHEM,EQ,12-04-2023,"1,287.65","1,296.05","1,300.00","1,278.05","1,300.00","1,296.30","1,290.51","2,443","31,52,714.50",221,"1,652",67.62
BHAGCHEM,EQ,13-04-2023,"1,296.30","1,307.00","1,400.00","1,303.00","1,375.00","1,374.25","1,357.30","79,768","10,82,69,074.50","1,933","70,615",88.53
BHAGCHEM,EQ,17-04-2023,"1,374.25","1,398.00","1,402.00","1,361.20","1,402.00","1,396.80","1,391.25","69,144","9,61,96,501.05","1,179","63,287",91.53
BHAGCHEM,EQ,18-04-2023,"1,396.80","1,424.00","1,454.00","1,391.00","1,450.00","1,447.40","1,414.63","65,332","9,24,20,407.50","1,072","58,719",89.88
BHAGCHEM,EQ,19-04-2023,"1,447.40","1,458.00","1,534.95","1,269.55","1,504.00","1,505.20","1,462.05","2,04,672","29,92,39,985.70","10,221","1,14,747",56.06
BHAGCHEM,EQ,20-04-2023,"1,505.20","1,490.05","1,547.00","1,453.25","1,534.00","1,536.10","1,524.51","72,695","11,08,24,572.00","2,289","60,844",83.7
BHAGCHEM,EQ,21-04-2023,"1,536.10","1,513.05","1,538.00","1,482.55","1,500.00","1,496.95","1,520.89","64,245","9,77,09,749.00","1,300","57,491",89.49
BHAGCHEM,EQ,24-04-2023,"1,496.95","1,480.20","1,490.45","1,370.05","1,375.00","1,379.80","1,404.77","1,06,084","14,90,23,192.15","3,557","78,749",74.23
BHAGCHEM,EQ,25-04-2023,"1,379.80","1,379.80","1,418.95","1,375.00","1,397.90","1,395.05","1,392.78","60,813","8,46,98,836.35",810,"54,058",88.89
BHAGCHEM,EQ,26-04-2023,"1,395.05","1,409.00","1,410.00","1,380.05","1,385.55","1,392.10","1,397.08","60,028","8,38,64,004.15",765,"54,386",90.6
BHAGCHEM,EQ,27-04-2023,"1,392.10","1,409.25","1,414.00","1,397.05","1,403.00","1,401.85","1,404.48","5,588","78,48,234.75",360,"2,982",53.36
BHAGCHEM,EQ,28-04-2023,"1,401.85","1,395.05","1,418.55","1,358.20","1,365.00","1,368.60","1,393.35","12,920","1,80,02,044.65",830,"6,822",52.8
BHAGCHEM,EQ,02-05-2023,"1,368.60","1,369.50","1,410.00","1,365.05","1,397.00","1,379.40","1,383.10","35,389","4,89,46,571.10",622,"32,670",92.32
BHAGCHEM,EQ,03-05-2023,"1,379.40","1,367.50","1,406.00","1,367.10","1,403.90","1,400.15","1,383.52","38,608","5,34,14,971.30",564,"37,011",95.86
BHAGCHEM,EQ,04-05-2023,"1,400.15","1,409.80","1,410.00","1,380.00","1,380.00","1,385.20","1,397.14","1,640","22,91,310.60",497,985,60.06
BHAGCHEM,EQ,05-05-2023,"1,385.20","1,380.55","1,405.40","1,380.00","1,397.00","1,387.75","1,386.12","2,305","31,95,003.30",406,"1,706",74.01
BHAGCHEM,EQ,08-05-2023,"1,387.75","1,387.75","1,401.65","1,369.55","1,380.00","1,380.10","1,379.79","3,535","48,77,555.40",595,"2,419",68.43
BHAGCHEM,EQ,09-05-2023,"1,380.10","1,382.25","1,410.00","1,377.90","1,386.45","1,396.95","1,383.51","2,466","34,11,729.20",294,"2,075",84.14
BHAGCHEM,EQ,10-05-2023,"1,396.95","1,383.10","1,410.00","1,383.10","1,410.00","1,401.45","1,398.82","5,848","81,80,305.65",471,"3,949",67.53
BHAGCHEM,EQ,11-05-2023,"1,401.45","1,400.95","1,401.35","1,372.55","1,400.00","1,392.05","1,387.53",908,"12,59,881.00",191,534,58.81
BHAGCHEM,EQ,12-05-2023,"1,392.05","1,395.25","1,405.10","1,395.00","1,395.00","1,396.45","1,396.73",910,"12,71,021.05",174,737,80.99
BHAGCHEM,EQ,15-05-2023,"1,396.45","1,400.00","1,465.05","1,338.20","1,430.00","1,438.70","1,397.96","15,868","2,21,82,841.60","2,944","7,673",48.36
BHAGCHEM,EQ,16-05-2023,"1,438.70","1,438.70","1,450.00","1,403.20","1,450.00","1,444.50","1,436.40","4,282","61,50,679.70",932,"2,595",60.6
BHAGCHEM,EQ,17-05-2023,"1,444.50","1,444.15","1,500.00","1,418.45","1,499.00","1,495.70","1,473.01","19,807","2,91,75,994.95","2,625","11,724",59.19
BHAGCHEM,EQ,18-05-2023,"1,495.70","1,500.20","1,545.50","1,474.05","1,540.00","1,534.05","1,526.32","24,299","3,70,87,961.05","2,592","14,403",59.27
BHAGCHEM,EQ,19-05-2023,"1,534.05","1,549.95","1,560.00","1,517.05","1,556.00","1,549.25","1,545.98","13,230","2,04,53,348.15",870,"11,781",89.05
BHAGCHEM,EQ,22-05-2023,"1,549.25","1,560.00","1,590.00","1,509.15","1,583.00","1,582.80","1,562.97","15,005","2,34,52,322.55","2,008","9,066",60.42
BHAGCHEM,EQ,23-05-2023,"1,582.80","1,559.05","1,625.00","1,558.05","1,616.00","1,617.75","1,607.57","17,170","2,76,01,971.85","1,589","13,271",77.29
BHAGCHEM,EQ,24-05-2023,"1,617.75","1,613.20","1,621.95","1,563.90","1,565.05","1,569.75","1,588.53","5,092","80,88,798.65","1,136","3,285",64.51
BHAGCHEM,EQ,25-05-2023,"1,569.75","1,566.65","1,585.00","1,565.00","1,570.00","1,566.70","1,567.33",366,"5,73,642.10",112,211,57.65
BHAGCHEM,EQ,26-05-2023,"1,566.70","1,566.00","1,620.00","1,566.00","1,620.00","1,603.25","1,598.78","5,553","88,78,051.35",355,"4,228",76.14
BHAGCHEM,EQ,29-05-2023,"1,603.25","1,600.00","1,609.75","1,564.10","1,567.00","1,568.45","1,572.90","12,690","1,99,60,148.65",466,"11,228",88.48
BHAGCHEM,EQ,30-05-2023,"1,568.45","1,568.00","1,603.00","1,565.05","1,590.00","1,593.90","1,591.64","3,254","51,79,181.70",278,"2,276",69.94
BHAGCHEM,EQ,31-05-2023,"1,593.90","1,580.00","1,588.45","1,561.10","1,561.10","1,572.60","1,575.00","2,542","40,03,658.65",119,"1,643",64.63
BHAGCHEM,EQ,01-06-2023,"1,572.60","1,579.25","1,649.90","1,577.55","1,649.85","1,647.65","1,629.91","19,900","3,24,35,129.85","1,464","14,257",71.64
BHAGCHEM,EQ,02-06-2023,"1,647.65","1,655.00","1,689.90","1,595.55","1,601.00","1,614.15","1,651.86","8,264","1,36,50,964.85",898,"4,901",59.31
BHAGCHEM,EQ,05-06-2023,"1,614.15","1,616.00","1,624.55","1,590.00","1,600.00","1,596.65","1,604.57","2,867","46,00,288.35",336,"1,770",61.74
BHAGCHEM,EQ,06-06-2023,"1,596.65","1,620.60","1,620.60","1,561.00","1,593.90","1,591.25","1,584.84","5,782","91,63,572.85",432,"4,053",70.1
BHAGCHEM,EQ,07-06-2023,"1,591.25","1,644.95","1,650.00","1,588.05","1,650.00","1,643.20","1,625.80","5,367","87,25,652.10",459,"3,321",61.88
BHAGCHEM,EQ,08-06-2023,"1,643.20","1,659.60","1,665.00","1,585.00","1,585.00","1,606.00","1,625.84","5,548","90,20,187.45",600,"3,157",56.9
BHAGCHEM,EQ,09-06-2023,"1,606.00","1,606.00","1,630.00","1,590.15","1,629.90","1,620.90","1,610.42","4,261","68,62,000.00",282,"3,122",73.27
BHAGCHEM,EQ,12-06-2023,"1,620.90","1,620.90","1,658.50","1,582.10","1,625.00","1,609.25","1,628.32","11,586","1,88,65,663.15","1,052","7,396",63.84
BHAGCHEM,EQ,13-06-2023,"1,609.25","1,619.60","1,622.75","1,569.55","1,578.00","1,576.45","1,579.64","13,081","2,06,63,296.20",892,"10,406",79.55
BHAGCHEM,EQ,14-06-2023,"1,576.45","1,600.15","1,625.00","1,562.20","1,572.00","1,570.90","1,591.58","18,850","3,00,01,293.55",947,"15,819",83.92
BHAGCHEM,EQ,15-06-2023,"1,570.90","1,552.05","1,600.00","1,540.00","1,597.00","1,565.85","1,556.66","9,885","1,53,87,630.85","1,144","7,392",74.78
BHAGCHEM,EQ,16-06-2023,"1,565.85","1,565.00","1,599.95","1,560.00","1,560.00","1,570.80","1,575.67","3,827","60,30,086.45",580,"2,395",62.58
BHAGCHEM,EQ,19-06-2023,"1,570.80","1,594.00","1,594.00","1,536.55","1,542.05","1,544.05","1,556.59","2,391","37,21,804.30",392,"1,365",57.09
BHAGCHEM,EQ,20-06-2023,"1,544.05","1,550.05","1,583.85","1,521.55","1,540.00","1,543.70","1,548.89","10,293","1,59,42,680.70",849,"7,021",68.21
BHAGCHEM,EQ,21-06-2023,"1,543.70","1,560.00","1,562.25","1,512.00","1,520.00","1,520.35","1,529.42","5,656","86,50,421.30",605,"4,167",73.67
BHAGCHEM,EQ,22-06-2023,"1,520.35","1,539.95","1,543.45","1,500.00","1,520.00","1,523.20","1,520.56","7,652","1,16,35,293.70",706,"4,866",63.59
BHAGCHEM,EQ,23-06-2023,"1,523.20","1,534.90","1,550.00","1,510.30","1,550.00","1,547.60","1,538.92","2,820","43,39,766.50",410,"1,984",70.35
BHAGCHEM,EQ,26-06-2023,"1,547.60","1,559.30","1,563.05","1,515.00","1,515.00","1,533.50","1,540.86","2,519","38,81,424.55",474,"1,702",67.57
BHAGCHEM,EQ,27-06-2023,"1,533.50","1,534.90","1,550.00","1,510.00","1,550.00","1,539.50","1,535.48","5,281","81,08,886.15",667,"3,493",66.14
BHAGCHEM,EQ,28-06-2023,"1,539.50","1,539.70","1,586.60","1,539.50","1,546.00","1,557.80","1,564.42","18,135","2,83,70,713.25","2,144","7,250",39.98
BHAGCHEM,EQ,30-06-2023,"1,557.80","1,556.45","1,563.35","1,523.85","1,540.00","1,530.75","1,540.31","4,498","69,28,317.30",693,"3,286",73.05
BHAGCHEM,EQ,03-07-2023,"1,530.75","1,548.35","1,548.95","1,501.00","1,504.90","1,506.25","1,509.43","7,513","1,13,40,314.90",557,"6,171",82.14
BHAGCHEM,EQ,04-07-2023,"1,506.25","1,507.00","1,525.80","1,462.15","1,499.00","1,479.85","1,481.94","7,825","1,15,96,154.95",834,"5,325",68.05
BHAGCHEM,EQ,05-07-2023,"1,479.85","1,475.00","1,512.00","1,450.05","1,451.00","1,451.35","1,481.32","7,950","1,17,76,490.35",790,"5,754",72.38
BHAGCHEM,EQ,06-07-2023,"1,451.35","1,450.85","1,450.95","1,433.60","1,449.95","1,446.55","1,447.30","5,372","77,74,894.35",388,"4,413",82.15
BHAGCHEM,EQ,07-07-2023,"1,446.55","1,475.00","1,475.00","1,429.80","1,442.00","1,454.05","1,444.10","3,918","56,57,965.15",481,"2,627",67.05
BHAGCHEM,EQ,10-07-2023,"1,454.05","1,480.00","1,480.00","1,415.25","1,415.65","1,420.90","1,429.05","3,640","52,01,747.75",614,"2,024",55.6
BHAGCHEM,EQ,11-07-2023,"1,420.90","1,444.00","1,444.00","1,400.05","1,420.00","1,404.30","1,409.68","8,978","1,26,56,067.35",887,"5,040",56.14
BHAGCHEM,EQ,12-07-2023,"1,404.30","1,429.80","1,450.00","1,411.25","1,424.00","1,418.05","1,426.79","4,747","67,72,990.65",438,"2,557",53.87
BHAGCHEM,EQ,13-07-2023,"1,418.05","1,443.85","1,443.85","1,410.10","1,420.00","1,418.65","1,422.42","1,867","26,55,653.90",336,"1,182",63.31
BHAGCHEM,EQ,14-07-2023,"1,418.65","1,431.40","1,432.00","1,399.60","1,400.00","1,403.10","1,408.94","4,516","63,62,787.35",481,"2,686",59.48
BHAGCHEM,EQ,17-07-2023,"1,403.10","1,417.30","1,417.30","1,351.00","1,354.10","1,369.10","1,389.63","14,482","2,01,24,558.15",895,"9,097",62.82
BHAGCHEM,EQ,18-07-2023,"1,369.10","1,369.95","1,400.00","1,340.00","1,400.00","1,371.65","1,359.94","7,947","1,08,07,442.65",939,"5,537",69.67
BHAGCHEM,EQ,19-07-2023,"1,371.65","1,351.25","1,387.20","1,332.65","1,364.65","1,352.95","1,354.78","7,108","96,29,769.10",740,"4,596",64.66
BHAGCHEM,EQ,20-07-2023,"1,352.95","1,379.95","1,379.95","1,320.05","1,370.00","1,340.85","1,345.04","6,538","87,93,898.10",614,"4,840",74.03
BHAGCHEM,EQ,21-07-2023,"1,340.85","1,358.00","1,374.75","1,336.45","1,374.75","1,364.15","1,359.01","5,124","69,63,561.30",688,"3,388",66.12
BHAGCHEM,EQ,24-07-2023,"1,364.15","1,374.95","1,392.50","1,355.85","1,358.00","1,360.35","1,371.69","2,652","36,37,724.25",565,"1,601",60.37
BHAGCHEM,EQ,25-07-2023,"1,360.35","1,384.00","1,385.00","1,328.00","1,380.00","1,380.85","1,375.05","8,751","1,20,33,050.60",650,"6,825",77.99
BHAGCHEM,EQ,26-07-2023,"1,380.85","1,379.95","1,379.95","1,357.00","1,362.00","1,360.35","1,367.35",948,"12,96,245.40",211,703,74.16
BHAGCHEM,EQ,27-07-2023,"1,360.35","1,350.00","1,364.95","1,325.20","1,338.00","1,341.20","1,342.75","2,825","37,93,274.80",579,"1,858",65.77
BHAGCHEM,EQ,28-07-2023,"1,341.20","1,322.00","1,369.50","1,320.30","1,329.90","1,331.45","1,346.48","2,214","29,81,106.90",336,636,28.73
BHAGCHEM,EQ,31-07-2023,"1,331.45","1,363.50","1,365.00","1,300.00","1,341.90","1,324.30","1,342.44","3,774","50,66,367.10",444,"2,684",71.12
BHAGCHEM,EQ,01-08-2023,"1,324.30","1,348.00","1,348.00","1,288.90","1,310.00","1,306.35","1,314.24","6,919","90,93,212.00",997,"4,722",68.25
BHAGCHEM,EQ,02-08-2023,"1,306.35","1,300.00","1,315.95","1,191.00","1,209.95","1,199.50","1,222.93","63,168","7,72,49,885.80","4,238","40,762",64.53
BHAGCHEM,EQ,03-08-2023,"1,199.50","1,230.00","1,237.45","1,175.65","1,195.00","1,193.20","1,202.14","18,026","2,16,69,700.80","2,305","9,261",51.38
BHAGCHEM,EQ,04-08-2023,"1,193.20","1,194.00","1,200.00","1,124.95","1,188.00","1,190.55","1,179.91","10,444","1,23,22,981.90",894,"6,328",60.59
BHAGCHEM,EQ,07-08-2023,"1,190.55","1,150.00","1,244.00","1,150.00","1,200.00","1,205.40","1,194.90","24,110","2,88,09,115.05","2,916","14,876",61.7
BHAGCHEM,EQ,08-08-2023,"1,205.40","1,219.90","1,229.00","1,176.05","1,185.00","1,190.15","1,190.52","7,562","90,02,729.20","1,165","4,578",60.54
BHAGCHEM,EQ,09-08-2023,"1,190.15","1,189.40","1,200.25","1,184.10","1,186.00","1,195.20","1,193.82","5,730","68,40,566.65",604,"4,234",73.89
BHAGCHEM,EQ,10-08-2023,"1,195.20","1,208.00","1,223.95","1,192.55","1,195.00","1,200.25","1,202.93","8,602","1,03,47,624.50",744,"6,440",74.87
BHAGCHEM,EQ,11-08-2023,"1,200.25","1,193.50","1,210.95","1,190.00","1,193.00","1,197.05","1,198.56","5,384","64,53,069.20",317,"3,926",72.92
BHAGCHEM,EQ,14-08-2023,"1,197.05","1,190.00","1,199.75","1,178.00","1,186.00","1,187.25","1,189.74","4,479","53,28,859.40",243,"3,307",73.83
BHAGCHEM,EQ,16-08-2023,"1,187.25","1,191.90","1,197.40","1,168.20","1,180.00","1,172.95","1,179.60","6,195","73,07,629.20",969,"2,410",38.9
BHAGCHEM,EQ,17-08-2023,"1,172.95","1,190.55","1,223.80","1,174.45","1,210.00","1,202.90","1,200.13","5,954","71,45,590.45",427,"4,116",69.13
BHAGCHEM,EQ,18-08-2023,"1,202.90","1,220.00","1,220.00","1,183.10","1,200.00","1,198.70","1,198.56","8,384","1,00,48,757.35",510,"7,091",84.58
BHAGCHEM,EQ,21-08-2023,"1,198.70","1,207.05","1,247.20","1,175.00","1,224.95","1,202.60","1,190.68","9,407","1,12,00,704.40",932,"5,640",59.96
BHAGCHEM,EQ,22-08-2023,"1,202.60","1,239.90","1,239.90","1,175.00","1,178.00","1,186.60","1,186.08","7,753","91,95,646.25",777,"5,145",66.36
BHAGCHEM,EQ,23-08-2023,"1,186.60","1,220.00","1,220.00","1,190.00","1,190.00","1,199.85","1,193.91","64,512","7,70,21,459.35",789,"60,187",93.3
BHAGCHEM,EQ,24-08-2023,"1,199.85","1,239.90","1,258.75","1,200.55","1,205.00","1,211.50","1,237.06","27,862","3,44,66,885.75","3,076","15,466",55.51
BHAGCHEM,EQ,25-08-2023,"1,211.50","1,195.20","1,229.05","1,190.45","1,197.00","1,197.85","1,197.16","13,023","1,55,90,560.45",485,"11,587",88.97
BHAGCHEM,EQ,28-08-2023,"1,197.85","1,191.05","1,219.00","1,176.00","1,215.00","1,212.00","1,200.49","18,478","2,21,82,713.55",992,"13,941",75.45
BHAGCHEM,EQ,29-08-2023,"1,212.00","1,219.90","1,240.00","1,204.55","1,217.60","1,224.00","1,221.65","9,970","1,21,79,882.80","1,182","4,829",48.44
BHAGCHEM,EQ,30-08-2023,"1,224.00","1,223.90","1,236.25","1,212.10","1,229.75","1,220.70","1,224.03","3,846","47,07,626.10",565,"2,820",73.32
BHAGCHEM,EQ,31-08-2023,"1,220.70","1,220.50","1,238.95","1,194.75","1,205.00","1,208.65","1,209.39","20,775","2,51,24,982.20","1,203","18,186",87.54
BHAGCHEM,EQ,01-09-2023,"1,208.65","1,222.00","1,229.95","1,201.10","1,205.00","1,206.10","1,205.14","28,432","3,42,64,508.05",608,"27,309",96.05
BHAGCHEM,EQ,04-09-2023,"1,206.10","1,206.10","1,280.00","1,206.10","1,236.30","1,247.00","1,243.23","28,007","3,48,19,077.65","1,621","23,768",84.86
BHAGCHEM,EQ,05-09-2023,"1,247.00","1,258.75","1,299.00","1,242.00","1,285.00","1,268.80","1,278.73","13,226","1,69,12,547.30","1,449","6,667",50.41
BHAGCHEM,EQ,06-09-2023,"1,268.80","1,288.90","1,290.00","1,253.50","1,278.50","1,276.35","1,273.19","6,554","83,44,480.85",772,"4,234",64.6
BHAGCHEM,EQ,07-09-2023,"1,276.35","1,277.90","1,288.70","1,267.00","1,275.00","1,270.90","1,273.72","1,301","16,57,108.15",277,684,52.57
BHAGCHEM,EQ,08-09-2023,"1,270.90","1,270.00","1,281.00","1,250.85","1,251.05","1,252.95","1,267.06","1,952","24,73,293.55",373,"1,329",68.08
BHAGCHEM,EQ,11-09-2023,"1,252.95","1,254.65","1,335.95","1,246.55","1,269.90","1,260.85","1,269.15","6,885","87,38,115.55",977,"4,417",64.15
BHAGCHEM,EQ,12-09-2023,"1,260.85","1,293.70","1,299.80","1,134.95","1,179.90","1,194.25","1,218.85","17,155","2,09,09,293.25","1,594","10,640",62.02
BHAGCHEM,EQ,13-09-2023,"1,194.25","1,177.50","1,225.00","1,175.10","1,220.00","1,218.40","1,197.49","3,570","42,75,045.35",689,"1,569",43.95
BHAGCHEM,EQ,14-09-2023,"1,218.40","1,224.55","1,245.00","1,212.05","1,242.40","1,238.75","1,234.32","5,705","70,41,818.65",736,"3,981",69.78
BHAGCHEM,EQ,15-09-2023,"1,238.75","1,242.40","1,247.30","1,205.40","1,247.30","1,236.40","1,230.90","2,525","31,08,017.60",641,"1,202",47.6
BHAGCHEM,EQ,18-09-2023,"1,236.40","1,221.50","1,285.00","1,217.85","1,280.75","1,265.60","1,258.26","7,735","97,32,623.00",868,"5,279",68.25
BHAGCHEM,EQ,20-09-2023,"1,265.60","1,268.00","1,268.00","1,229.00","1,260.00","1,258.85","1,252.80","2,019","25,29,408.25",360,"1,317",65.23
BHAGCHEM,EQ,21-09-2023,"1,258.85","1,270.00","1,270.00","1,216.55","1,217.00","1,223.45","1,251.82","1,181","14,78,396.55",371,638,54.02
BHAGCHEM,EQ,22-09-2023,"1,223.45","1,222.60","1,260.00","1,187.00","1,200.10","1,212.20","1,226.82","2,891","35,46,725.95",489,"1,725",59.67
BHAGCHEM,EQ,25-09-2023,"1,212.20","1,201.65","1,239.85","1,190.85","1,209.50","1,211.10","1,219.40",869,"10,59,656.75",228,491,56.5
BHAGCHEM,EQ,26-09-2023,"1,211.10","1,219.45","1,284.00","1,210.65","1,250.00","1,265.15","1,252.33","1,781","22,30,407.75",270,"1,047",58.79
BHAGCHEM,EQ,27-09-2023,"1,265.15","1,265.00","1,275.00","1,233.40","1,262.00","1,258.80","1,254.03","1,326","16,62,842.75",194,736,55.51
BHAGCHEM,EQ,28-09-2023,"1,258.80","1,239.00","1,264.95","1,239.00","1,248.65","1,249.75","1,250.42","1,019","12,74,182.85",126,876,85.97
BHAGCHEM,EQ,29-09-2023,"1,249.75","1,248.65","1,253.10","1,200.00","1,215.00","1,216.70","1,225.05","1,797","22,01,413.45",202,"1,082",60.21
BHAGCHEM,EQ,03-10-2023,"1,216.70","1,231.40","1,339.70","1,231.40","1,295.25","1,304.00","1,293.96","32,946","4,26,30,957.80","1,471","22,687",68.86
BHAGCHEM,EQ,04-10-2023,"1,304.00","1,303.90","1,322.00","1,286.65","1,310.00","1,310.30","1,306.31","21,951","2,86,74,741.95",747,"15,671",71.39
BHAGCHEM,EQ,05-10-2023,"1,310.30","1,324.90","1,570.00","1,324.90","1,405.00","1,394.65","1,450.39","2,63,017","38,14,78,373.00","12,786","63,673",24.21
BHAGCHEM,EQ,06-10-2023,"1,394.65","1,420.00","1,520.95","1,385.40","1,513.00","1,492.85","1,461.81","94,055","13,74,90,841.05","6,579","47,029",50.0
BHAGCHEM,EQ,09-10-2023,"1,492.85","1,572.90","1,597.00","1,504.05","1,575.00","1,571.70","1,544.04","1,16,614","18,00,57,044.95","6,638","55,340",47.46
BHAGCHEM,EQ,10-10-2023,"1,571.70","1,630.00","1,630.00","1,591.95","1,601.00","1,610.10","1,611.46","59,882","9,64,97,690.65","3,908","35,300",58.95
BHAGCHEM,EQ,11-10-2023,"1,610.10","1,618.95","1,730.00","1,601.00","1,627.00","1,631.85","1,657.22","95,005","15,74,44,025.95","2,666","76,029",80.03
BHAGCHEM,EQ,12-10-2023,"1,631.85","1,643.25","1,724.00","1,602.75","1,635.00","1,635.35","1,665.06","29,925","4,98,26,964.15","1,768","17,283",57.75
BHAGCHEM,EQ,13-10-2023,"1,635.35","1,605.00","1,675.00","1,600.00","1,624.00","1,612.35","1,626.28","6,388","1,03,88,686.45",628,"3,963",62.04
BHAGCHEM,EQ,16-10-2023,"1,612.35","1,636.25","1,664.40","1,615.00","1,615.00","1,644.30","1,640.65","8,494","1,39,35,668.75",530,"4,523",53.25
BHAGCHEM,EQ,17-10-2023,"1,644.30","1,654.00","1,660.00","1,593.55","1,625.00","1,611.80","1,621.13","4,371","70,85,957.65",480,"2,724",62.32
BHAGCHEM,EQ,18-10-2023,"1,611.80","1,615.85","1,634.95","1,585.00","1,590.00","1,595.45","1,610.09","3,397","54,69,477.70",259,"2,685",79.04
BHAGCHEM,EQ,19-10-2023,"1,595.45","1,589.35","1,627.00","1,585.05","1,600.00","1,592.30","1,607.89","4,304","69,20,343.45",494,"2,678",62.22
BHAGCHEM,EQ,20-10-2023,"1,592.30","1,593.40","1,598.80","1,549.15","1,550.00","1,553.10","1,569.85","3,067","48,14,738.00",402,"2,125",69.29
BHAGCHEM,EQ,23-10-2023,"1,553.10","1,552.55","1,552.55","1,442.10","1,525.00","1,465.50","1,489.03","8,004","1,19,18,206.65",883,"5,133",64.13
BHAGCHEM,EQ,25-10-2023,"1,465.50","1,500.00","1,537.75","1,410.00","1,415.10","1,419.95","1,437.92","9,656","1,38,84,544.15","1,065","6,895",71.41
BHAGCHEM,EQ,26-10-2023,"1,419.95","1,432.95","1,459.20","1,400.00","1,457.00","1,451.40","1,421.11","5,300","75,31,881.45",722,"3,187",60.13
BHAGCHEM,EQ,27-10-2023,"1,451.40","1,471.90","1,495.00","1,414.00","1,449.00","1,428.80","1,445.48","4,848","70,07,707.25",740,"2,752",56.77
BHAGCHEM,EQ,30-10-2023,"1,428.80","1,429.45","1,515.50","1,422.15","1,500.00","1,488.65","1,475.63","6,972","1,02,88,109.45",649,"5,492",78.77
BHAGCHEM,EQ,31-10-2023,"1,488.65","1,510.00","1,559.10","1,496.95","1,520.65","1,524.85","1,530.43","3,503","53,61,104.20",733,"1,991",56.84
BHAGCHEM,EQ,01-11-2023,"1,524.85","1,531.00","1,531.00","1,464.90","1,470.00","1,476.65","1,492.86","8,401","1,25,41,500.15",915,"5,873",69.91
BHAGCHEM,EQ,02-11-2023,"1,476.65","1,470.00","1,524.00","1,465.05","1,519.00","1,513.00","1,502.96","2,338","35,13,914.45",430,"1,252",53.55
BHAGCHEM,EQ,03-11-2023,"1,513.00","1,519.15","1,522.70","1,500.00","1,500.20","1,508.15","1,509.45","3,442","51,95,516.50",529,"2,234",64.9
BHAGCHEM,EQ,06-11-2023,"1,508.15","1,513.35","1,599.70","1,510.00","1,589.00","1,588.00","1,567.74","10,118","1,58,62,347.05","1,276","5,263",52.02
BHAGCHEM,EQ,07-11-2023,"1,588.00","1,611.40","1,640.25","1,561.50","1,565.00","1,577.60","1,587.01","10,606","1,68,31,863.10",894,"7,960",75.05
BHAGCHEM,EQ,08-11-2023,"1,577.60","1,594.10","1,594.75","1,563.15","1,580.00","1,580.75","1,578.73","2,451","38,69,458.15",182,"1,744",71.15
BHAGCHEM,EQ,09-11-2023,"1,580.75","1,585.25","1,585.25","1,561.00","1,580.00","1,577.80","1,575.35","11,492","1,81,03,966.65",417,"10,396",90.46
BHAGCHEM,EQ,10-11-2023,"1,577.80","1,579.60","1,617.45","1,571.55","1,591.00","1,593.30","1,588.14","4,950","78,61,306.50",407,"3,221",65.07
BHAGCHEM,EQ,12-11-2023,"1,593.30","1,631.10","1,670.00","1,602.00","1,629.00","1,624.75","1,648.39","9,305","1,53,38,302.85",342,"7,204",77.42
BHAGCHEM,EQ,13-11-2023,"1,624.75","1,645.00","1,645.00","1,590.00","1,624.95","1,622.50","1,618.33","2,800","45,31,323.85",406,"2,062",73.64
BHAGCHEM,EQ,15-11-2023,"1,622.50","1,646.85","1,655.00","1,607.40","1,615.00","1,623.95","1,634.42","3,615","59,08,421.75",472,"2,432",67.28
BHAGCHEM,EQ,16-11-2023,"1,623.95","1,640.20","1,640.20","1,591.10","1,609.95","1,601.00","1,610.63","9,323","1,50,15,870.95",920,"4,861",52.14
BHAGCHEM,EQ,17-11-2023,"1,601.00","1,585.65","1,630.00","1,585.60","1,630.00","1,609.05","1,604.12","6,623","1,06,24,090.05",821,"3,790",57.22
BHAGCHEM,EQ,20-11-2023,"1,609.05","1,617.50","1,621.30","1,560.50","1,600.00","1,588.35","1,598.54","5,909","94,45,756.10",756,"3,135",53.05
BHAGCHEM,EQ,21-11-2023,"1,588.35","1,593.80","1,620.00","1,567.50","1,598.40","1,587.10","1,598.61","5,405","86,40,505.60",492,"3,612",66.83
BHAGCHEM,EQ,22-11-2023,"1,587.10","1,600.00","1,600.00","1,572.55","1,590.00","1,585.25","1,587.37","3,138","49,81,176.05",476,"1,546",49.27
BHAGCHEM,EQ,23-11-2023,"1,585.25","1,586.30","1,593.90","1,535.50","1,539.35","1,549.85","1,558.22","9,421","1,46,80,018.00",766,"7,156",75.96
BHAGCHEM,EQ,24-11-2023,"1,549.85","1,558.90","1,573.05","1,500.00","1,511.05","1,511.60","1,526.93","23,745","3,62,57,018.05","1,246","17,192",72.4
BHAGCHEM,EQ,28-11-2023,"1,511.60","1,515.20","1,544.10","1,497.70","1,520.00","1,518.10","1,520.53","20,721","3,15,06,995.30","1,461","15,103",72.89
BHAGCHEM,EQ,29-11-2023,"1,518.10","1,529.95","1,550.00","1,491.10","1,515.00","1,503.45","1,520.96","19,054","2,89,80,350.15","1,846","13,018",68.32
BHAGCHEM,EQ,30-11-2023,"1,503.45","1,510.00","1,530.00","1,491.10","1,500.50","1,502.15","1,509.04","20,749","3,13,11,007.75","1,933","11,176",53.86
BHAGCHEM,EQ,01-12-2023,"1,502.15","1,517.15","1,536.70","1,495.00","1,529.90","1,526.95","1,511.63","7,825","1,18,28,515.75",785,"5,876",75.09
BHAGCHEM,EQ,04-12-2023,"1,526.95","1,549.85","1,580.00","1,527.00","1,531.30","1,542.70","1,554.84","14,553","2,26,27,584.80","1,498","9,306",63.95
BHAGCHEM,EQ,05-12-2023,"1,542.70","1,513.50","1,549.50","1,472.50","1,500.00","1,490.55","1,503.10","72,132","10,84,21,547.10","3,410","56,317",78.07
BHAGCHEM,EQ,06-12-2023,"1,490.55","1,490.55","1,569.95","1,490.15","1,565.00","1,553.05","1,513.09","84,447","12,77,75,576.90","3,497","73,046",86.5
BHAGCHEM,EQ,07-12-2023,"1,553.05","1,576.35","1,603.90","1,554.35","1,560.05","1,565.60","1,580.86","12,439","1,96,64,280.35","1,698","7,364",59.2
BHAGCHEM,EQ,08-12-2023,"1,565.60","1,565.60","1,587.95","1,550.05","1,555.00","1,557.65","1,564.55","2,964","46,37,327.40",532,"1,844",62.21
BHAGCHEM,EQ,11-12-2023,"1,557.65","1,549.65","1,594.55","1,549.65","1,570.00","1,564.95","1,568.59","9,052","1,41,98,894.20",775,"7,343",81.12
BHAGCHEM,EQ,12-12-2023,"1,564.95","1,564.50","1,630.00","1,564.50","1,630.00","1,602.35","1,589.71","13,355","2,12,30,583.85","1,333","10,185",76.26
BHAGCHEM,EQ,13-12-2023,"1,602.35","1,630.00","1,635.00","1,568.60","1,580.00","1,596.30","1,597.13","7,997","1,27,72,246.45","1,578","4,610",57.65
BHAGCHEM,EQ,14-12-2023,"1,596.30","1,600.45","1,602.65","1,560.35","1,572.00","1,572.15","1,582.83","3,435","54,37,017.85",589,"2,255",65.65
BHAGCHEM,EQ,15-12-2023,"1,572.15","1,578.30","1,589.95","1,526.60","1,531.00","1,536.85","1,554.56","4,140","64,35,880.65",742,"3,047",73.6
BHAGCHEM,EQ,18-12-2023,"1,536.85","1,559.85","1,567.00","1,524.05","1,530.00","1,531.90","1,529.78","8,508","1,30,15,408.70",825,"6,428",75.55
BHAGCHEM,EQ,19-12-2023,"1,531.90","1,546.35","1,546.45","1,518.40","1,527.00","1,526.35","1,527.05","1,323","20,20,286.70",286,914,69.09
BHAGCHEM,EQ,20-12-2023,"1,526.35","1,541.60","1,541.60","1,510.00","1,516.00","1,510.20","1,514.81","5,991","90,75,202.40",397,"5,183",86.51
BHAGCHEM,EQ,21-12-2023,"1,510.20","1,515.95","1,530.00","1,515.95","1,520.60","1,523.20","1,522.06","1,882","28,64,517.05",234,"1,387",73.7
BHAGCHEM,EQ,22-12-2023,"1,523.20","1,513.25","1,548.95","1,511.05","1,531.45","1,533.60","1,528.03","2,355","35,98,519.40",334,"1,551",65.86
BHAGCHEM,EQ,26-12-2023,"1,533.60","1,556.60","1,570.45","1,527.85","1,552.00","1,548.85","1,555.51","4,361","67,83,580.35",537,"3,139",71.98
BHAGCHEM,EQ,27-12-2023,"1,548.85","1,572.05","1,604.95","1,530.00","1,537.00","1,537.50","1,565.46","7,618","1,19,25,697.75",790,"4,474",58.73
BHAGCHEM,EQ,28-12-2023,"1,537.50","1,537.35","1,541.95","1,525.00","1,539.00","1,539.25","1,537.62","3,296","50,67,979.50",360,"2,550",77.37
BHAGCHEM,EQ,29-12-2023,"1,539.25","1,550.00","1,550.00","1,532.80","1,539.80","1,534.85","1,536.70","1,790","27,50,696.65",270,"1,395",77.93
BHAGCHEM,EQ,01-01-2024,"1,534.85","1,549.25","1,550.00","1,502.50","1,514.00","1,516.70","1,530.34","2,612","39,97,248.05",263,"1,952",74.73
BHAGCHEM,EQ,02-01-2024,"1,516.70","1,513.30","1,544.95","1,513.30","1,531.15","1,533.70","1,532.27","2,464","37,75,522.45",396,"1,475",59.86
BHAGCHEM,EQ,03-01-2024,"1,533.70","1,518.30","1,540.00","1,515.25","1,535.00","1,533.00","1,534.83","2,325","35,68,469.00",213,"1,838",79.05
BHAGCHEM,EQ,04-01-2024,"1,533.00","1,533.00","1,544.95","1,497.55","1,515.00","1,519.65","1,527.31","6,298","96,19,019.90",823,"4,272",67.83
BHAGCHEM,EQ,05-01-2024,"1,519.65","1,538.90","1,540.00","1,520.10","1,530.00","1,532.50","1,531.50","3,101","47,49,173.25",399,"2,243",72.33
BHAGCHEM,EQ,08-01-2024,"1,532.50","1,533.75","1,536.05","1,510.75","1,510.75","1,515.35","1,523.94","3,129","47,68,420.10",280,"2,526",80.73
BHAGCHEM,EQ,09-01-2024,"1,515.35","1,524.65","1,534.00","1,521.35","1,521.70","1,524.05","1,526.16","1,902","29,02,756.10",197,"1,573",82.7
BHAGCHEM,EQ,10-01-2024,"1,524.05","1,521.50","1,521.70","1,510.00","1,519.00","1,517.30","1,514.05","2,884","43,66,508.60",223,"2,574",89.25
BHAGCHEM,EQ,11-01-2024,"1,517.30","1,525.00","1,529.95","1,510.00","1,520.80","1,516.75","1,518.02","3,672","55,74,156.00",343,"3,154",85.89
BHAGCHEM,EQ,12-01-2024,"1,516.75","1,510.05","1,515.70","1,486.05","1,514.00","1,506.20","1,509.29","9,782","1,47,63,883.40",563,"8,402",85.89
BHAGCHEM,EQ,15-01-2024,"1,506.20","1,528.20","1,528.20","1,500.05","1,505.00","1,504.70","1,508.65","2,147","32,39,068.05",188,"1,803",83.98
BHAGCHEM,EQ,16-01-2024,"1,504.70","1,509.65","1,510.85","1,480.00","1,480.10","1,490.00","1,501.00","3,673","55,13,164.55",380,"2,674",72.8
BHAGCHEM,EQ,17-01-2024,"1,490.00","1,477.50","1,498.40","1,455.00","1,488.60","1,474.00","1,475.42","2,508","37,00,350.45",463,"1,418",56.54
BHAGCHEM,EQ,18-01-2024,"1,474.00","1,467.50","1,478.80","1,461.05","1,470.00","1,477.40","1,475.23","2,956","43,60,780.20",256,"2,243",75.88
BHAGCHEM,EQ,19-01-2024,"1,477.40","1,497.50","1,497.50","1,467.00","1,478.00","1,472.25","1,475.41","1,196","17,64,595.25",168,580,48.49
BHAGCHEM,EQ,20-01-2024,"1,472.25","1,462.25","1,462.25","1,443.85","1,450.00","1,449.70","1,449.51","4,234","61,37,236.60",287,"3,544",83.7
BHAGCHEM,EQ,23-01-2024,"1,449.70","1,473.30","1,473.30","1,385.05","1,410.00","1,415.45","1,430.11","6,643","95,00,198.70",677,"4,873",73.36
BHAGCHEM,EQ,24-01-2024,"1,415.45","1,400.00","1,446.70","1,376.95","1,409.90","1,395.30","1,403.97","7,401","1,03,90,797.85",938,"2,939",39.71
BHAGCHEM,EQ,25-01-2024,"1,395.30","1,409.90","1,490.00","1,397.20","1,490.00","1,484.85","1,462.63","8,032","1,17,47,871.95","1,149","4,593",57.18
BHAGCHEM,EQ,29-01-2024,"1,484.85","1,450.00","1,480.00","1,391.60","1,400.00","1,399.70","1,405.15","16,961","2,38,32,760.85","1,970","9,808",57.83
BHAGCHEM,EQ,30-01-2024,"1,399.70","1,420.65","1,469.00","1,390.00","1,468.75","1,440.25","1,422.26","13,558","1,92,83,031.15","1,470","9,938",73.3
BHAGCHEM,EQ,31-01-2024,"1,440.25","1,440.60","1,452.00","1,404.05","1,435.00","1,433.25","1,434.93","26,800","3,84,56,084.25","1,292","23,710",88.47
BHAGCHEM,EQ,01-02-2024,"1,433.25","1,468.30","1,500.05","1,433.35","1,500.00","1,484.30","1,464.83","25,747","3,77,14,911.25","1,609","20,110",78.11
BHAGCHEM,EQ,02-02-2024,"1,484.30","1,512.00","1,537.00","1,475.25","1,520.00","1,515.30","1,513.80","19,403","2,93,72,308.30","1,810","14,180",73.08
BHAGCHEM,EQ,05-02-2024,"1,515.30","1,515.00","1,549.95","1,515.00","1,528.00","1,525.25","1,527.52","19,359","2,95,71,345.15","1,130","17,385",89.8
BHAGCHEM,EQ,06-02-2024,"1,525.25","1,547.00","1,547.00","1,510.50","1,526.00","1,525.85","1,527.47","3,928","59,99,914.85",817,"2,785",70.9
BHAGCHEM,EQ,07-02-2024,"1,525.85","1,543.65","1,580.00","1,535.00","1,554.00","1,550.60","1,557.84","12,685","1,97,61,195.55","1,636","9,628",75.9
BHAGCHEM,EQ,08-02-2024,"1,550.60","1,550.10","1,592.00","1,515.20","1,575.50","1,577.50","1,560.85","13,166","2,05,50,146.35","1,819","8,845",67.18
BHAGCHEM,EQ,09-02-2024,"1,577.50","1,569.00","1,570.00","1,512.05","1,520.00","1,530.90","1,530.11","8,588","1,31,40,612.15","1,233","6,212",72.33
BHAGCHEM,EQ,12-02-2024,"1,530.90","1,553.85","1,625.85","1,530.00","1,600.00","1,586.60","1,583.52","24,488","3,87,77,325.95","2,115","16,395",66.95
BHAGCHEM,EQ,13-02-2024,"1,586.60","1,610.00","1,624.90","1,587.00","1,595.00","1,598.90","1,602.78","10,571","1,69,42,946.80","1,017","7,922",74.94
BHAGCHEM,EQ,14-02-2024,"1,598.90","1,590.75","1,600.00","1,575.60","1,599.45","1,591.65","1,586.56","1,072","17,00,790.90",279,626,58.4
BHAGCHEM,EQ,15-02-2024,"1,591.65","1,576.00","1,640.00","1,576.00","1,624.00","1,610.80","1,599.50","10,653","1,70,39,441.00",917,"7,656",71.87
BHAGCHEM,EQ,16-02-2024,"1,610.80","1,610.80","1,655.40","1,590.35","1,639.40","1,632.25","1,622.45","13,387","2,17,19,740.50","1,191","9,245",69.06
BHAGCHEM,EQ,19-02-2024,"1,632.25","1,770.00","1,844.00","1,701.20","1,742.50","1,725.10","1,778.58","95,265","16,94,36,551.30","10,722","44,758",46.98
BHAGCHEM,EQ,20-02-2024,"1,725.10","1,729.00","1,770.70","1,722.15","1,740.00","1,726.50","1,739.28","7,599","1,32,16,813.70","1,346","3,743",49.26
BHAGCHEM,EQ,21-02-2024,"1,726.50","1,759.75","1,760.00","1,724.00","1,750.00","1,745.55","1,738.52","6,306","1,09,63,076.75","1,004","4,086",64.8
BHAGCHEM,EQ,22-02-2024,"1,745.55","1,727.00","1,790.00","1,686.05","1,745.00","1,753.15","1,744.69","15,936","2,78,03,321.75","2,518","10,048",63.05
BHAGCHEM,EQ,23-02-2024,"1,753.15","1,769.00","1,771.00","1,685.15","1,704.05","1,716.35","1,735.16","4,758","82,55,880.70",716,"3,027",63.62
BHAGCHEM,EQ,26-02-2024,"1,716.35","1,739.90","1,784.90","1,725.00","1,784.00","1,768.50","1,759.28","6,633","1,16,69,312.25","1,048","3,383",51.0
BHAGCHEM,EQ,27-02-2024,"1,768.50","1,786.20","1,787.45","1,730.00","1,750.00","1,745.60","1,746.13","5,666","98,93,548.40",771,"4,281",75.56
BHAGCHEM,EQ,28-02-2024,"1,745.60","1,751.50","1,784.50","1,676.95","1,739.90","1,756.10","1,743.28","21,946","3,82,58,015.05","2,439","15,446",70.38
BHAGCHEM,EQ,29-02-2024,"1,756.10","1,749.95","1,773.55","1,741.00","1,759.10","1,755.05","1,759.29","2,498","43,94,697.70",485,"1,080",43.23
BHAGCHEM,EQ,01-03-2024,"1,755.05","1,794.00","1,820.00","1,735.20","1,742.60","1,748.80","1,785.20","8,418","1,50,27,804.60","1,210","3,988",47.37
BHAGCHEM,EQ,02-03-2024,"1,748.80","1,780.35","1,804.80","1,750.05","1,793.00","1,787.20","1,789.63",802,"14,35,283.40",140,643,80.17
BHAGCHEM,EQ,04-03-2024,"1,787.20","1,805.05","1,805.95","1,699.90","1,780.00","1,761.15","1,740.73","23,268","4,05,03,331.00","1,446","17,002",73.07
BHAGCHEM,EQ,05-03-2024,"1,761.15","1,775.00","1,830.00","1,735.10","1,820.00","1,807.90","1,796.55","12,422","2,23,16,710.00","1,828","7,859",63.27
BHAGCHEM,EQ,06-03-2024,"1,807.90","1,840.00","1,840.00","1,751.00","1,796.50","1,792.10","1,788.29","13,884","2,48,28,619.20","3,287","6,059",43.64
BHAGCHEM,EQ,07-03-2024,"1,792.10","1,800.00","1,816.05","1,764.05","1,771.95","1,775.55","1,787.55","3,968","70,93,018.10",910,"1,988",50.1
BHAGCHEM,EQ,11-03-2024,"1,775.55","1,799.00","1,799.00","1,655.55","1,691.00","1,679.70","1,722.56","6,267","1,07,95,309.25","1,353","3,338",53.26
BHAGCHEM,EQ,12-03-2024,"1,679.70","1,704.90","1,704.90","1,620.05","1,627.00","1,634.60","1,652.00","4,741","78,32,119.40","1,124","2,571",54.23
BHAGCHEM,EQ,13-03-2024,"1,634.60","1,620.00","1,639.90","1,550.05","1,556.00","1,563.85","1,588.87","5,641","89,62,821.25",988,"3,632",64.39
BHAGCHEM,EQ,14-03-2024,"1,563.85","1,540.40","1,600.00","1,512.55","1,581.00","1,589.80","1,576.47","1,891","29,81,101.70",431,"1,151",60.87
BHAGCHEM,EQ,15-03-2024,"1,589.80","1,613.65","1,648.40","1,540.20","1,571.00","1,568.90","1,587.88","2,685","42,63,468.50",466,944,35.16
BHAGCHEM,EQ,18-03-2024,"1,568.90","1,569.45","1,600.00","1,554.00","1,563.15","1,572.05","1,566.99","1,961","30,72,874.60",470,790,40.29
BHAGCHEM,EQ,19-03-2024,"1,572.05","1,563.15","1,579.85","1,535.00","1,535.00","1,544.80","1,555.58",603,"9,38,017.45",153,419,69.49
BHAGCHEM,EQ,20-03-2024,"1,544.80","1,567.95","1,592.45","1,516.65","1,555.85","1,535.95","1,547.62","4,160","64,38,079.60",383,"2,305",55.41
BHAGCHEM,EQ,21-03-2024,"1,535.95","1,546.05","1,588.65","1,546.05","1,560.10","1,561.95","1,568.78",563,"8,83,224.00",176,282,50.09
BHAGCHEM,EQ,22-03-2024,"1,561.95","1,575.95","1,645.00","1,543.60","1,626.05","1,622.05","1,601.80","2,432","38,95,589.15",488,"1,428",58.72
BHAGCHEM,EQ,26-03-2024,"1,622.05","1,700.00","1,700.00","1,550.00","1,587.65","1,580.15","1,605.17","6,592","1,05,81,306.75","1,076","3,829",58.09
BHAGCHEM,EQ,27-03-2024,"1,580.15","1,580.05","1,591.95","1,549.85","1,568.00","1,563.90","1,569.06","3,796","59,56,162.25",586,"2,736",72.08
BHAGCHEM,EQ,28-03-2024,"1,563.90","1,563.90","1,648.00","1,563.90","1,599.00","1,608.40","1,604.23","6,430","1,03,15,190.30","1,101","2,750",42.77
BHAGCHEM,EQ,01-04-2024,"1,608.40","1,648.00","1,662.60","1,604.00","1,640.75","1,637.35","1,629.40","3,019","49,19,146.05",597,"1,603",53.1
BHAGCHEM,EQ,02-04-2024,"1,637.35","1,670.00","1,670.00","1,616.05","1,623.00","1,621.65","1,628.87","8,004","1,30,37,473.30",630,"6,154",76.89
BHAGCHEM,EQ,03-04-2024,"1,621.65","1,650.00","1,699.00","1,614.05","1,652.00","1,652.30","1,641.04","14,188","2,32,83,059.00","1,127","10,829",76.33
BHAGCHEM,EQ,04-04-2024,"1,652.30","1,683.95","1,683.95","1,629.90","1,632.10","1,636.05","1,647.22","13,608","2,24,15,354.90",971,"10,532",77.4
BHAGCHEM,EQ,05-04-2024,"1,636.05","1,670.00","1,717.50","1,620.00","1,698.05","1,693.60","1,634.30","33,015","5,39,56,556.00","1,688","24,771",75.03
BHAGCHEM,EQ,08-04-2024,"1,693.60","1,717.00","1,717.00","1,664.25","1,692.75","1,686.60","1,685.95","34,478","5,81,28,079.25",511,"33,179",96.23
BHAGCHEM,EQ,09-04-2024,"1,686.60","1,681.50","1,745.95","1,669.65","1,696.00","1,698.65","1,694.56","12,288","2,08,22,713.85","1,467","8,651",70.4
BHAGCHEM,EQ,10-04-2024,"1,698.65","1,715.00","1,795.00","1,672.05","1,770.00","1,772.75","1,754.95","14,382","2,52,39,682.50","2,111","9,548",66.39
BHAGCHEM,EQ,12-04-2024,"1,772.75","1,808.25","1,860.00","1,792.05","1,825.00","1,821.85","1,828.95","23,953","4,38,08,724.15","4,667","9,377",39.15
BHAGCHEM,EQ,15-04-2024,"1,821.85","1,819.90","1,819.90","1,725.15","1,740.60","1,741.65","1,766.51","17,672","3,12,17,757.85","3,688","10,155",57.46
BHAGCHEM,EQ,16-04-2024,"1,741.65","1,739.05","1,781.20","1,727.85","1,759.85","1,751.10","1,749.38","11,069","1,93,63,884.55","2,418","6,388",57.71
BHAGCHEM,EQ,18-04-2024,"1,751.10","1,777.35","1,990.00","1,771.00","1,958.80","1,951.85","1,924.72","58,541","11,26,75,115.65","9,853","19,917",34.02
BHAGCHEM,EQ,19-04-2024,"1,951.85","1,999.00","1,999.00","1,870.10","1,895.85","1,888.70","1,923.32","27,501","5,28,93,315.55","4,781","9,877",35.92
BHAGCHEM,EQ,22-04-2024,"1,888.70","1,907.60","1,970.00","1,900.50","1,950.00","1,930.20","1,932.79","21,064","4,07,12,258.10","3,589","11,727",55.67
BHAGCHEM,EQ,23-04-2024,"1,930.20","1,973.00","1,995.00","1,935.25","1,947.30","1,951.60","1,960.82","14,604","2,86,35,814.55","2,879","7,194",49.26
BHAGCHEM,EQ,24-04-2024,"1,951.60","1,980.85","1,981.00","1,900.00","1,918.00","1,909.35","1,929.23","9,255","1,78,55,010.90","1,512","5,372",58.04
BHAGCHEM,EQ,25-04-2024,"1,909.35","1,928.00","1,928.80","1,909.55","1,918.00","1,916.15","1,920.31","7,142","1,37,14,838.10","1,007","4,972",69.62
BHAGCHEM,EQ,26-04-2024,"1,916.15","1,924.90","1,949.95","1,914.35","1,934.75","1,927.60","1,928.85","8,481","1,63,58,603.00","1,461","5,578",65.77
BHAGCHEM,EQ,29-04-2024,"1,927.60","1,949.80","1,964.95","1,928.50","1,949.00","1,949.20","1,950.50","30,752","5,99,81,630.90","3,741","10,962",35.65
BHAGCHEM,EQ,30-04-2024,"1,949.20","1,974.90","1,974.90","1,930.00","1,955.25","1,959.45","1,950.49","21,378","4,16,97,500.05","2,614","13,316",62.29
BHAGCHEM,EQ,02-05-2024,"1,959.45",198.45,204.40,193.00,195.35,194.75,197.59,"2,66,528","5,26,63,374.25","9,970","1,11,757",41.93
BHAGCHEM,EQ,03-05-2024,194.75,194.40,194.40,185.25,190.20,191.00,188.60,"1,32,945","2,50,72,828.75","5,552","59,388",44.67
BHAGCHEM,EQ,06-05-2024,191.00,189.00,189.55,181.00,182.80,182.05,183.83,"76,372","1,40,39,107.65","5,373","34,287",44.89
BHAGCHEM,EQ,07-05-2024,182.05,179.90,181.85,168.20,173.90,171.30,175.54,"83,967","1,47,39,441.15","4,558","38,035",45.3
BHAGCHEM,EQ,08-05-2024,171.30,173.00,179.35,172.05,174.90,174.60,175.91,"57,208","1,00,63,718.40","3,823","25,907",45.29
BHAGCHEM,EQ,09-05-2024,174.60,174.00,177.50,170.25,172.00,172.40,173.61,"57,066","99,07,132.95","2,549","34,168",59.87
BHAGCHEM,EQ,10-05-2024,172.40,174.00,175.80,168.70,173.00,171.60,171.63,"84,123","1,44,38,377.45","3,085","56,270",66.89
BHAGCHEM,EQ,13-05-2024,171.60,171.00,183.70,171.00,176.55,177.90,176.68,"85,537","1,51,12,594.30","7,215","30,747",35.95
BHAGCHEM,EQ,14-05-2024,177.90,176.55,184.90,176.50,184.60,184.15,182.63,"58,559","1,06,94,687.05","4,186","32,340",55.23
BHAGCHEM,EQ,15-05-2024,184.15,184.15,186.45,169.80,174.25,175.60,176.53,"4,39,752","7,76,27,564.50","6,719","2,94,867",67.05
BHAGCHEM,EQ,16-05-2024,175.60,177.75,178.05,171.90,175.00,174.10,175.78,"4,76,339","8,37,30,539.00","3,984","4,45,266",93.48
BHAGCHEM,EQ,17-05-2024,174.10,177.90,179.20,175.00,176.00,176.85,177.28,"48,547","86,06,259.90","2,184","36,339",74.85
BHAGCHEM,EQ,18-05-2024,176.85,175.00,180.90,175.00,178.90,177.80,178.39,"6,468","11,53,858.25",373,"4,199",64.92
BHAGCHEM,EQ,21-05-2024,177.80,178.85,182.70,176.00,181.60,180.30,180.07,"68,215","1,22,83,636.90","2,555","47,926",70.26
BHAGCHEM,EQ,22-05-2024,180.30,182.10,183.90,178.05,181.20,180.75,180.45,"50,433","91,00,817.05","2,213","32,708",64.85
BHAGCHEM,EQ,23-05-2024,180.75,181.95,187.40,181.10,185.20,185.45,184.84,"90,935","1,68,08,306.85","2,129","63,162",69.46
BHAGCHEM,EQ,24-05-2024,185.45,187.30,190.00,180.00,182.50,185.15,186.46,"71,311","1,32,96,527.90","2,263","48,658",68.23
BHAGCHEM,EQ,27-05-2024,185.15,187.95,199.00,183.50,195.90,194.35,193.68,"1,95,576","3,78,80,031.05","8,425","1,15,553",59.08
BHAGCHEM,EQ,28-05-2024,194.35,194.35,195.90,187.55,188.00,188.90,191.46,"68,458","1,31,06,675.75","3,507","44,237",64.62
BHAGCHEM,EQ,29-05-2024,188.90,188.90,205.55,186.75,198.25,199.90,198.69,"2,42,999","4,82,82,411.25","8,973","1,46,647",60.35
BHAGCHEM,EQ,30-05-2024,199.90,199.90,202.65,185.00,189.55,188.50,194.34,"1,31,062","2,54,69,976.05","4,996","78,476",59.88
BHAGCHEM,EQ,31-05-2024,188.50,190.90,194.40,188.10,191.50,191.50,191.45,"1,29,880","2,48,65,825.70","5,374","72,530",55.84
BHAGCHEM,EQ,03-06-2024,191.50,196.00,204.70,193.20,194.95,194.65,197.49,"1,33,469","2,63,58,476.75","6,182","93,131",69.78
BHAGCHEM,EQ,04-06-2024,194.65,195.00,195.00,184.95,185.00,185.35,187.51,"1,69,737","3,18,26,630.85","5,691","1,32,124",77.84
BHAGCHEM,EQ,05-06-2024,185.35,189.10,222.40,188.00,222.40,222.40,215.80,"9,96,798","21,51,07,176.30","10,819","5,22,666",52.43
BHAGCHEM,EQ,06-06-2024,222.40,242.00,263.00,232.65,241.25,242.10,248.21,"30,90,949","76,71,99,766.85","71,928","7,63,721",24.71
BHAGCHEM,EQ,07-06-2024,242.10,243.90,246.20,235.50,237.50,238.15,240.58,"7,05,928","16,98,31,006.90","19,468","3,32,792",47.14
BHAGCHEM,EQ,10-06-2024,238.15,238.99,260.00,238.15,255.97,253.90,248.48,"9,74,963","24,22,58,906.73","8,606","5,65,423",57.99
BHAGCHEM,EQ,11-06-2024,253.90,257.85,264.98,246.43,257.00,257.50,256.15,"7,26,398","18,60,69,791.26","9,578","4,13,712",56.95
BHAGCHEM,EQ,12-06-2024,257.50,257.00,264.90,251.25,263.50,263.62,259.84,"2,87,695","7,47,54,192.41","3,981","1,84,968",64.29
BHAGCHEM,EQ,13-06-2024,263.62,266.00,267.50,256.84,259.00,258.13,261.59,"3,49,094","9,13,18,281.88","4,189","2,26,422",64.86
BHAGCHEM,EQ,14-06-2024,258.13,258.99,265.90,256.01,263.50,263.23,262.80,"2,01,764","5,30,23,118.67","3,222","1,34,458",66.64
BHAGCHEM,EQ,18-06-2024,263.23,271.00,275.50,261.00,272.50,273.13,268.27,"3,14,204","8,42,90,864.97","5,603","1,85,424",59.01
BHAGCHEM,EQ,19-06-2024,273.13,276.70,279.00,266.30,268.50,268.66,272.80,"4,40,938","12,02,86,965.11","4,698","3,14,223",71.26
BHAGCHEM,EQ,20-06-2024,268.66,272.80,285.00,263.95,266.05,268.13,270.88,"4,87,303","13,20,02,533.74","5,362","2,84,413",58.36
BHAGCHEM,EQ,21-06-2024,268.13,270.10,274.97,247.28,248.00,249.76,256.80,"7,97,108","20,46,97,622.15","6,954","5,97,650",74.98
BHAGCHEM,EQ,24-06-2024,249.76,247.30,259.90,242.95,248.45,246.01,252.74,"3,97,703","10,05,13,849.47","5,451","2,30,118",57.86
BHAGCHEM,EQ,25-06-2024,246.01,249.00,264.00,245.10,262.40,257.12,253.04,"5,64,244","14,27,74,551.21","6,487","3,57,659",63.39
BHAGCHEM,EQ,26-06-2024,257.12,262.00,264.50,255.10,256.91,256.51,259.52,"1,83,265","4,75,61,456.04","2,539","1,05,126",57.36
BHAGCHEM,EQ,27-06-2024,256.51,259.00,265.00,250.55,254.40,254.36,257.98,"2,80,332","7,23,18,881.63","3,800","1,40,768",50.21
BHAGCHEM,EQ,28-06-2024,254.36,254.21,257.45,248.00,250.00,249.76,251.92,"1,27,413","3,20,97,650.40","2,603","66,274",52.02
BHAGCHEM,EQ,01-07-2024,249.76,251.00,274.00,249.77,269.67,270.26,266.63,"8,66,382","23,10,05,045.62","9,737","5,49,234",63.39
BHAGCHEM,EQ,02-07-2024,270.26,272.00,274.75,261.60,264.80,263.32,266.25,"2,93,370","7,81,11,100.79","3,643","1,99,100",67.87
BHAGCHEM,EQ,03-07-2024,263.32,266.00,269.00,259.13,260.40,259.97,263.23,"1,79,335","4,72,07,159.16","3,001","1,19,566",66.67
BHAGCHEM,EQ,04-07-2024,259.97,261.70,263.00,255.90,256.21,257.08,259.38,"1,46,206","3,79,22,850.97","2,353","98,876",67.63
BHAGCHEM,EQ,05-07-2024,257.08,257.08,259.27,254.88,256.67,256.10,256.78,"1,73,624","4,45,83,960.37","1,798","1,12,161",64.6
BHAGCHEM,EQ,08-07-2024,256.10,256.50,264.34,255.00,259.02,257.70,258.44,"1,41,788","3,66,43,390.90","2,438","82,547",58.22
BHAGCHEM,EQ,09-07-2024,257.70,260.00,260.85,250.10,253.75,253.26,256.01,"89,453","2,29,01,028.08","1,914","58,153",65.01
BHAGCHEM,EQ,10-07-2024,253.26,254.90,259.95,247.15,250.00,252.14,254.11,"2,49,990","6,35,25,676.31","3,881","1,40,667",56.27
BHAGCHEM,EQ,11-07-2024,252.14,252.10,270.00,252.10,265.70,263.87,264.36,"5,19,103","13,72,32,265.10","15,664","2,18,546",42.1
BHAGCHEM,EQ,12-07-2024,263.87,265.20,266.00,254.72,258.00,257.10,258.57,"2,58,097","6,67,35,912.22","8,619","1,23,477",47.84
BHAGCHEM,EQ,15-07-2024,257.10,255.50,261.00,255.10,256.98,257.31,258.29,"1,45,439","3,75,64,755.19","6,137","56,847",39.09
BHAGCHEM,EQ,16-07-2024,257.31,258.60,267.40,257.42,263.00,262.92,263.08,"2,26,463","5,95,77,826.81","6,464","1,19,424",52.73
BHAGCHEM,EQ,18-07-2024,262.92,268.03,279.95,262.00,264.10,265.50,268.79,"6,18,285","16,61,88,745.45","16,421","2,68,293",43.39
BHAGCHEM,EQ,19-07-2024,265.50,271.90,274.79,259.00,268.20,263.98,267.53,"5,47,042","14,63,50,331.66","19,148","1,93,240",35.32
BHAGCHEM,EQ,22-07-2024,263.98,263.98,279.60,260.50,278.00,277.71,273.14,"8,14,778","22,25,48,079.00","19,410","5,01,243",61.52
BHAGCHEM,EQ,23-07-2024,277.71,280.00,305.00,270.10,294.90,292.98,283.16,"12,65,926","35,84,56,872.63","36,683","5,07,097",40.06
BHAGCHEM,EQ,24-07-2024,292.98,287.35,348.50,287.35,342.99,342.71,327.94,"31,73,756","1,04,07,98,288.18","79,293","10,81,139",34.06
BHAGCHEM,EQ,25-07-2024,342.71,335.00,399.00,334.95,373.00,373.57,370.78,"49,06,740","1,81,93,09,069.65","1,13,379","12,67,550",25.83
BHAGCHEM,EQ,26-07-2024,373.57,374.90,378.10,353.17,356.00,357.27,365.93,"5,84,052","21,37,24,706.02","10,602","3,35,476",57.44
BHAGCHEM,EQ,29-07-2024,357.27,357.27,389.30,351.00,365.00,362.85,368.12,"7,87,547","28,99,12,081.54","12,855","3,26,111",41.41
BHAGCHEM,EQ,30-07-2024,362.85,366.48,380.00,366.48,373.37,374.11,373.55,"3,04,301","11,36,71,945.91","5,652","1,78,731",58.73
BHAGCHEM,EQ,31-07-2024,374.11,375.80,381.98,366.76,369.00,370.38,372.73,"1,82,105","6,78,75,199.04","4,479","90,899",49.92
BHAGCHEM,EQ,01-08-2024,370.38,372.85,372.85,356.25,362.25,361.15,363.34,"2,27,477","8,26,52,084.25","4,871","1,30,987",57.58
BHAGCHEM,EQ,02-08-2024,361.15,356.00,369.90,353.20,358.00,356.70,360.12,"1,44,349","5,19,82,395.30","3,413","70,773",49.03
BHAGCHEM,EQ,05-08-2024,356.70,330.00,356.00,325.00,349.00,346.05,343.79,"3,56,404","12,25,29,174.10","8,366","1,61,688",45.37
BHAGCHEM,EQ,06-08-2024,346.05,351.95,360.50,333.55,336.40,338.75,349.19,"1,78,271","6,22,49,795.70","5,093","82,584",46.32
BHAGCHEM,EQ,07-08-2024,338.75,350.00,361.20,340.00,360.00,351.80,349.00,"2,63,485","9,19,55,511.90","5,204","1,48,224",56.26
BHAGCHEM,EQ,08-08-2024,351.80,351.80,361.85,337.00,339.30,339.60,349.27,"2,00,350","6,99,75,868.50","5,416","1,12,123",55.96
BHAGCHEM,EQ,09-08-2024,339.60,341.30,354.00,341.30,346.00,348.10,349.73,"1,19,462","4,17,79,894.95","4,094","57,029",47.74
BHAGCHEM,EQ,12-08-2024,348.10,347.05,373.00,342.85,361.50,361.30,362.66,"2,82,923","10,26,04,808.15","7,924","1,36,536",48.26
BHAGCHEM,EQ,13-08-2024,361.30,361.00,370.00,356.65,360.00,361.30,363.83,"1,77,454","6,45,63,258.95","6,353","66,218",37.32
BHAGCHEM,EQ,14-08-2024,361.30,361.00,361.00,338.00,343.20,341.50,345.70,"2,61,233","9,03,08,499.60","5,563","1,50,264",57.52
BHAGCHEM,EQ,16-08-2024,341.50,344.95,358.15,343.00,353.00,356.65,352.31,"1,37,847","4,85,65,428.80","3,651","71,289",51.72
BHAGCHEM,EQ,19-08-2024,356.65,357.00,392.30,356.30,383.00,384.05,376.07,"4,01,565","15,10,15,822.55","8,095","1,95,299",48.63
BHAGCHEM,EQ,20-08-2024,384.05,387.80,398.10,378.75,381.80,384.25,387.34,"3,07,201","11,89,92,357.15","9,556","1,49,021",48.51
BHAGCHEM,EQ,21-08-2024,384.25,382.95,394.00,379.00,385.00,384.25,386.89,"2,86,406","11,08,07,114.30","7,614","1,52,384",53.21
BHAGCHEM,EQ,22-08-2024,384.25,392.00,420.35,390.10,407.00,408.50,409.04,"6,44,219","26,35,11,537.75","16,269","2,86,905",44.54
BHAGCHEM,EQ,23-08-2024,408.50,409.90,418.00,403.00,415.10,417.10,412.27,"2,68,305","11,06,14,253.15","5,862","1,55,937",58.12
BHAGCHEM,EQ,26-08-2024,417.10,419.40,447.70,409.90,410.00,413.40,428.82,"9,29,190","39,84,50,664.00","17,358","4,44,347",47.82
BHAGCHEM,EQ,27-08-2024,413.40,414.80,435.95,409.00,426.00,427.50,427.55,"2,89,764","12,38,89,539.85","6,522","1,25,679",43.37
BHAGCHEM,EQ,28-08-2024,427.50,425.65,428.25,398.10,400.00,402.80,410.70,"3,82,073","15,69,18,189.05","9,817","2,46,617",64.55
BHAGCHEM,EQ,29-08-2024,402.80,399.95,408.80,385.25,392.80,392.50,396.51,"3,06,630","12,15,82,729.55","7,766","1,77,989",58.05
BHAGCHEM,EQ,30-08-2024,392.50,395.70,408.45,393.80,401.55,404.75,402.33,"2,06,035","8,28,94,602.85","5,664","1,24,257",60.31
BHAGCHEM,EQ,02-09-2024,404.75,404.75,409.00,393.10,398.70,400.50,397.51,"2,64,719","10,52,28,558.80","3,682","1,86,055",70.28
BHAGCHEM,EQ,03-09-2024,400.50,396.00,399.00,392.05,393.05,393.80,395.06,"80,597","3,18,40,533.75","2,429","45,807",56.83
BHAGCHEM,EQ,04-09-2024,393.80,390.00,409.00,387.85,399.55,400.85,401.72,"1,83,093","7,35,51,648.25","4,460","1,04,882",57.28
BHAGCHEM,EQ,05-09-2024,400.85,398.00,406.40,398.00,399.10,399.75,401.49,"72,860","2,92,52,462.40","2,003","44,711",61.37
BHAGCHEM,EQ,06-09-2024,399.75,397.00,416.15,391.00,392.45,392.85,401.50,"2,59,266","10,40,94,442.80","6,080","1,09,196",42.12
BHAGCHEM,EQ,09-09-2024,392.85,389.00,395.05,385.00,391.50,390.75,389.87,"1,12,793","4,39,74,969.15","3,187","55,608",49.3
BHAGCHEM,EQ,10-09-2024,390.75,392.15,398.65,391.00,393.00,393.85,395.91,"84,172","3,33,24,531.75","2,780","45,060",53.53
BHAGCHEM,EQ,11-09-2024,393.85,398.40,406.70,390.00,390.00,391.15,393.20,"65,610","2,57,97,935.45","2,082","36,583",55.76
BHAGCHEM,EQ,12-09-2024,391.15,390.50,396.05,377.15,380.00,380.80,384.71,"1,19,379","4,59,26,528.70","3,142","75,372",63.14
BHAGCHEM,EQ,13-09-2024,380.80,382.40,391.00,380.80,389.50,389.80,387.38,"82,247","3,18,60,974.00","1,495","61,242",74.46
BHAGCHEM,EQ,16-09-2024,389.80,392.50,397.50,382.00,384.00,383.70,385.72,"61,482","2,37,14,668.80","2,231","35,528",57.79
BHAGCHEM,EQ,17-09-2024,383.70,387.95,387.95,374.00,379.00,379.25,379.03,"56,454","2,13,97,867.35","1,744","27,812",49.26
BHAGCHEM,EQ,18-09-2024,379.25,379.25,384.60,371.05,371.75,372.80,378.70,"61,951","2,34,60,643.15","1,786","33,215",53.61
BHAGCHEM,EQ,19-09-2024,372.80,372.80,378.00,357.15,369.50,365.55,364.70,"1,29,375","4,71,82,464.40","3,835","83,069",64.21
BHAGCHEM,EQ,20-09-2024,365.55,362.00,371.55,348.70,365.00,362.35,361.79,"2,22,350","8,04,43,811.90","4,630","1,41,139",63.48
BHAGCHEM,EQ,23-09-2024,362.35,366.40,380.85,360.80,370.00,369.60,372.32,"1,29,981","4,83,94,759.60","3,327","81,312",62.56
BHAGCHEM,EQ,24-09-2024,369.60,370.10,373.00,361.55,363.00,363.60,366.12,"67,103","2,45,67,963.00","1,863","35,191",52.44
BHAGCHEM,EQ,25-09-2024,363.60,360.00,369.30,353.55,356.00,355.60,358.62,"1,48,629","5,33,01,518.10","2,974","1,08,647",73.1
BHAGCHEM,EQ,26-09-2024,355.60,355.60,360.05,345.10,349.25,349.95,350.58,"1,06,358","3,72,86,636.20","2,564","75,595",71.08
BHAGCHEM,EQ,27-09-2024,349.95,346.55,352.45,339.50,341.00,341.50,345.10,"1,30,967","4,51,96,766.00","3,155","99,084",75.66
BHAGCHEM,EQ,30-09-2024,341.50,337.10,345.90,332.80,339.25,340.45,339.84,"1,18,908","4,04,09,647.10","3,340","71,949",60.51
BHAGCHEM,EQ,01-10-2024,340.45,347.00,347.65,339.30,344.05,342.90,342.57,"65,631","2,24,83,126.20","1,641","43,585",66.41
BHAGCHEM,EQ,03-10-2024,342.90,344.00,368.60,337.05,352.45,355.85,349.96,"2,04,097","7,14,25,232.70","4,664","1,39,804",68.5
BHAGCHEM,EQ,04-10-2024,355.85,355.00,358.95,345.00,354.25,355.30,353.25,"1,06,010","3,74,47,924.05","2,536","67,985",64.13
BHAGCHEM,EQ,07-10-2024,355.30,350.00,359.50,330.00,331.00,333.75,339.60,"1,23,154","4,18,22,622.10","3,122","75,168",61.04
BHAGCHEM,EQ,08-10-2024,333.75,332.90,354.20,330.10,350.00,349.10,346.51,"80,625","2,79,37,006.20","2,415","45,387",56.29
BHAGCHEM,EQ,09-10-2024,349.10,352.00,357.50,348.70,352.40,353.30,353.18,"51,046","1,80,28,484.45","1,680","30,658",60.06
BHAGCHEM,EQ,10-10-2024,353.30,353.30,356.80,346.35,349.50,348.85,351.44,"27,372","96,19,561.25","1,184","17,594",64.28
BHAGCHEM,EQ,11-10-2024,348.85,348.00,354.45,345.05,353.00,351.55,349.54,"26,655","93,16,861.25","1,057","13,606",51.04
BHAGCHEM,EQ,14-10-2024,351.55,348.00,359.00,341.00,348.00,347.40,346.84,"50,508","1,75,18,310.60","1,709","29,142",57.7
BHAGCHEM,EQ,15-10-2024,347.40,350.20,371.50,347.70,363.20,363.70,363.08,"1,35,663","4,92,56,534.60","4,861","85,690",63.16
BHAGCHEM,EQ,16-10-2024,363.70,360.20,374.00,360.20,368.60,369.40,367.88,"86,565","3,18,45,713.65","3,105","49,341",57.0
BHAGCHEM,EQ,17-10-2024,369.40,373.00,374.00,361.60,365.05,366.10,368.49,"76,117","2,80,48,302.45","2,920","39,586",52.01
BHAGCHEM,EQ,18-10-2024,366.10,363.90,372.10,342.60,363.00,361.80,359.92,"67,546","2,43,11,004.25","2,703","30,878",45.71
BHAGCHEM,EQ,21-10-2024,361.80,365.05,365.05,345.00,350.05,350.55,351.73,"1,08,591","3,81,94,927.50","4,322","63,777",58.73
BHAGCHEM,EQ,22-10-2024,350.55,350.55,350.55,322.10,327.80,326.25,332.66,"2,29,873","7,64,69,828.90","4,956","1,58,634",69.01
BHAGCHEM,EQ,23-10-2024,326.25,326.25,342.90,320.40,324.50,326.30,331.72,"1,59,075","5,27,68,642.35","5,103","86,877",54.61
BHAGCHEM,EQ,24-10-2024,326.30,329.80,332.05,318.00,326.60,328.55,326.50,"65,193","2,12,85,638.00","2,133","36,621",56.17
BHAGCHEM,EQ,25-10-2024,328.55,331.00,333.95,315.10,320.00,317.20,319.15,"82,253","2,62,51,084.35","3,117","45,460",55.27
BHAGCHEM,EQ,28-10-2024,317.20,320.85,348.90,320.85,343.10,340.35,341.25,"2,52,753","8,62,50,861.70","3,858","1,73,263",68.55
BHAGCHEM,EQ,29-10-2024,340.35,343.45,353.65,333.00,347.80,346.25,342.21,"1,04,532","3,57,71,970.25","4,190","51,309",49.08
BHAGCHEM,EQ,30-10-2024,346.25,341.55,360.80,341.55,345.20,348.75,350.09,"90,440","3,16,62,056.25","2,680","59,668",65.98
BHAGCHEM,EQ,31-10-2024,348.75,348.70,360.00,344.70,355.15,357.55,356.10,"66,364","2,36,31,968.00","1,963","39,947",60.19
BHAGCHEM,EQ,01-11-2024,357.55,353.10,369.00,353.10,364.75,364.30,364.90,"32,079","1,17,05,632.45",676,"26,812",83.58
BHAGCHEM,EQ,04-11-2024,364.30,364.30,364.30,345.05,345.20,347.85,351.17,"46,598","1,63,63,919.90","1,687","27,024",57.99
BHAGCHEM,EQ,05-11-2024,347.85,344.10,351.15,340.80,347.00,345.65,346.77,"28,360","98,34,480.70","1,068","18,004",63.48
BHAGCHEM,EQ,06-11-2024,345.65,349.10,353.00,344.55,351.40,350.20,349.41,"52,314","1,82,78,924.50","1,651","34,796",66.51
BHAGCHEM,EQ,07-11-2024,350.20,352.00,360.00,342.10,344.00,344.80,349.31,"51,400","1,79,54,499.05","1,682","29,179",56.77
BHAGCHEM,EQ,08-11-2024,344.80,349.00,349.00,339.75,347.00,341.45,341.66,"82,084","2,80,44,646.60","1,346","66,199",80.65
BHAGCHEM,EQ,11-11-2024,341.45,339.00,343.00,332.00,333.10,335.20,339.03,"32,743","1,11,00,866.00",835,"21,602",65.97
BHAGCHEM,EQ,12-11-2024,335.20,337.00,340.00,325.15,325.15,328.25,333.40,"32,908","1,09,71,684.40","1,142","21,864",66.44
BHAGCHEM,EQ,13-11-2024,328.25,325.00,330.20,309.90,315.50,312.30,314.87,"86,431","2,72,14,180.55","2,215","64,091",74.15
BHAGCHEM,EQ,14-11-2024,312.30,312.00,335.00,312.00,325.00,328.35,323.48,"1,14,854","3,71,53,432.60","3,222","74,629",64.98
BHAGCHEM,EQ,18-11-2024,328.35,330.00,333.80,317.55,328.00,328.30,325.49,"52,605","1,71,22,385.55","1,817","23,276",44.25
BHAGCHEM,EQ,19-11-2024,328.30,330.50,340.00,320.35,323.85,325.20,331.11,"51,736","1,71,30,515.55","2,201","19,853",38.37
BHAGCHEM,EQ,21-11-2024,325.20,334.55,334.55,308.00,311.75,310.40,313.32,"3,45,028","10,81,05,834.70","4,963","2,18,369",63.29
BHAGCHEM,EQ,22-11-2024,310.40,314.05,331.00,310.95,325.10,327.60,321.52,"1,19,277","3,83,49,434.90","3,048","80,261",67.29
BHAGCHEM,EQ,25-11-2024,327.60,334.50,340.00,325.20,329.00,328.55,333.94,"1,34,522","4,49,22,720.80","3,654","83,849",62.33
BHAGCHEM,EQ,26-11-2024,328.55,329.15,340.00,326.40,333.10,333.15,336.65,"54,886","1,84,77,441.10","2,014","30,249",55.11
BHAGCHEM,EQ,27-11-2024,333.15,339.95,349.25,332.35,347.00,347.85,342.83,"1,01,594","3,48,29,158.25","2,410","58,581",57.66
BHAGCHEM,EQ,28-11-2024,347.85,350.45,352.00,339.70,343.25,344.25,346.34,"60,805","2,10,59,249.85","1,609","32,736",53.84
BHAGCHEM,EQ,29-11-2024,344.25,344.00,347.50,338.30,338.30,341.20,342.83,"37,175","1,27,44,731.75","1,444","18,356",49.38
BHAGCHEM,EQ,02-12-2024,341.20,345.00,349.00,343.15,347.95,346.65,346.62,"40,077","1,38,91,383.80","1,352","21,047",52.52
BHAGCHEM,EQ,03-12-2024,346.65,346.65,359.05,341.70,343.05,344.60,349.20,"69,564","2,42,91,618.20","2,295","39,038",56.12
BHAGCHEM,EQ,04-12-2024,344.60,347.40,350.85,338.10,341.00,341.15,345.66,"63,294","2,18,78,312.70","1,766","40,654",64.23
BHAGCHEM,EQ,05-12-2024,341.15,344.00,359.75,343.40,344.05,345.15,352.07,"1,88,339","6,63,08,636.45","4,377","88,970",47.24
BHAGCHEM,EQ,06-12-2024,345.15,346.00,356.00,342.10,348.70,348.15,347.14,"1,22,331","4,24,65,868.40","2,329","65,361",53.43
BHAGCHEM,EQ,09-12-2024,348.15,351.65,364.70,342.00,342.10,343.10,350.53,"2,57,943","9,04,17,284.65","5,599","1,18,206",45.83
BHAGCHEM,EQ,10-12-2024,343.10,346.40,348.05,338.10,338.35,340.15,342.28,"75,374","2,57,98,643.80","1,822","42,251",56.06
BHAGCHEM,EQ,11-12-2024,340.15,340.15,349.00,335.95,345.80,344.20,343.99,"1,48,167","5,09,67,417.40","1,797","87,203",58.85
BHAGCHEM,EQ,12-12-2024,344.20,341.05,345.30,335.00,336.10,336.30,338.83,"87,589","2,96,78,042.60","1,511","55,963",63.89
BHAGCHEM,EQ,13-12-2024,336.30,336.00,344.40,329.05,330.00,331.25,332.49,"74,110","2,46,40,931.00","1,423","42,918",57.91
BHAGCHEM,EQ,16-12-2024,331.25,327.00,340.85,327.00,340.15,338.25,334.30,"94,831","3,17,01,760.15","1,656","52,830",55.71
BHAGCHEM,EQ,17-12-2024,338.25,336.00,343.35,328.00,328.05,329.10,333.29,"67,533","2,25,08,402.15","1,605","34,897",51.67
BHAGCHEM,EQ,18-12-2024,329.10,333.00,333.10,326.10,328.90,329.10,329.27,"75,740","2,49,39,040.85","1,926","49,625",65.52
BHAGCHEM,EQ,19-12-2024,329.10,325.00,327.45,322.30,323.40,323.35,324.95,"35,574","1,15,59,684.80","1,439","19,144",53.81
BHAGCHEM,EQ,20-12-2024,323.35,327.90,327.90,311.00,314.25,319.30,319.06,"5,13,903","16,39,65,579.20","4,747","4,62,146",89.93
BHAGCHEM,EQ,23-12-2024,319.30,319.00,321.55,308.25,309.15,309.65,313.73,"2,75,924","8,65,64,744.25","2,179","2,29,020",83.0
BHAGCHEM,EQ,24-12-2024,309.65,312.45,318.00,309.15,310.10,310.90,315.65,"1,69,047","5,33,59,133.80","1,638","1,31,701",77.91
BHAGCHEM,EQ,26-12-2024,310.90,315.55,315.55,298.20,300.00,299.90,303.81,"82,044","2,49,25,701.25","1,564","52,316",63.77
BHAGCHEM,EQ,27-12-2024,299.90,304.40,310.70,295.00,298.95,296.60,303.29,"1,94,664","5,90,39,716.85","2,107","1,51,650",77.9
BHAGCHEM,EQ,30-12-2024,296.60,301.05,304.60,295.20,299.00,298.35,298.55,"92,905","2,77,36,852.95","1,874","62,891",67.69
BHAGCHEM,EQ,31-12-2024,298.35,301.35,310.00,294.90,298.15,299.95,300.53,"2,48,445","7,46,64,299.25","2,686","1,63,610",65.85
BHAGCHEM,EQ,01-01-2025,299.95,302.2,304.45,297.9,300.15,301.1,300.73,"99,579","2,99,46,418.30","1,160","68,751",69.04
BHAGCHEM,EQ,02-01-2025,301.1,301.2,304.0,297.0,298.5,297.75,298.95,"57,817","1,72,84,456.45","1,190","36,644",63.38
BHAGCHEM,EQ,03-01-2025,297.75,296.1,321.7,296.1,316.0,316.2,311.8,"2,14,591","6,69,08,501.65","3,720","1,06,152",49.47
BHAGCHEM,EQ,06-01-2025,316.2,311.45,316.2,300.0,300.1,302.6,308.05,"1,69,108","5,20,93,695.55","3,704","88,866",52.55
BHAGCHEM,EQ,07-01-2025,302.6,307.0,307.0,300.0,304.5,304.35,303.81,"56,503","1,71,66,204.30","1,551","21,724",38.45
BHAGCHEM,EQ,08-01-2025,304.35,304.0,305.7,296.1,297.0,297.65,299.58,"82,819","2,48,11,063.00","1,601","40,370",48.74
BHAGCHEM,EQ,09-01-2025,297.65,299.0,305.95,293.1,295.85,294.75,299.43,"1,18,939","3,56,13,862.55","2,729","72,755",61.17
BHAGCHEM,EQ,10-01-2025,294.75,295.0,312.45,287.1,305.25,301.35,300.23,"2,55,884","7,68,22,930.65","5,643","1,06,280",41.53
BHAGCHEM,EQ,13-01-2025,301.35,296.85,304.0,286.05,292.55,295.7,294.93,"1,41,512","4,17,35,907.75","3,472","72,594",51.3
BHAGCHEM,EQ,14-01-2025,295.7,300.15,300.15,291.0,292.8,293.2,295.21,"54,119","1,59,76,209.80","1,676","24,915",46.04
BHAGCHEM,EQ,15-01-2025,293.2,294.8,302.9,291.2,291.3,293.05,295.4,"32,180","95,05,899.80",672,"19,628",60.99
BHAGCHEM,EQ,16-01-2025,293.05,299.95,299.95,290.05,290.05,290.9,293.21,"60,807","1,78,29,323.00","1,664","32,920",54.14
BHAGCHEM,EQ,17-01-2025,290.9,290.9,303.0,288.2,301.0,300.8,296.84,"1,11,342","3,30,50,610.45","2,567","61,021",54.81
BHAGCHEM,EQ,20-01-2025,300.8,305.3,305.3,298.0,300.05,300.1,300.64,"23,167","69,64,826.00",660,"14,550",62.8
BHAGCHEM,EQ,21-01-2025,300.1,301.0,304.35,290.05,290.1,291.15,296.64,"30,921","91,72,498.15","1,136","15,812",51.14
BHAGCHEM,EQ,22-01-2025,291.15,291.15,294.65,278.45,290.75,292.35,287.46,"1,28,464","3,69,28,891.95","3,088","63,505",49.43
BHAGCHEM,EQ,23-01-2025,292.35,293.35,303.0,290.2,303.0,299.4,297.79,"46,361","1,38,06,040.85","1,304","29,455",63.53
BHAGCHEM,EQ,24-01-2025,299.4,299.4,300.0,284.2,287.5,290.35,290.79,"57,126","1,66,11,916.55","1,998","29,940",52.41
BHAGCHEM,EQ,27-01-2025,290.35,284.0,292.0,279.9,286.0,287.7,286.63,"95,967","2,75,06,702.20","2,385","54,856",57.16
BHAGCHEM,EQ,28-01-2025,287.7,286.0,290.9,274.15,277.4,282.05,282.36,"1,07,692","3,04,07,417.45","3,051","63,205",58.69
BHAGCHEM,EQ,29-01-2025,282.05,280.4,296.8,280.15,296.4,295.4,291.0,"36,986","1,07,62,957.50","1,245","21,241",57.43
BHAGCHEM,EQ,30-01-2025,295.4,293.55,295.95,290.95,292.55,293.25,293.28,"23,542","69,04,342.60",930,"15,128",64.26
BHAGCHEM,EQ,31-01-2025,293.25,298.0,298.0,289.8,292.95,292.05,292.06,"25,814","75,39,317.85","1,044","9,406",36.44
BHAGCHEM,EQ,01-02-2025,292.05,296.35,304.2,270.0,290.3,292.7,295.64,"63,500","1,87,73,339.55","1,654","40,501",63.78
BHAGCHEM,EQ,03-02-2025,292.7,289.8,300.1,285.85,291.0,292.8,291.03,"2,40,319","6,99,39,028.20","3,019","1,62,021",67.42
BHAGCHEM,EQ,04-02-2025,292.8,291.4,301.9,290.55,293.95,292.8,294.75,"1,15,893","3,41,59,652.25","2,298","84,182",72.64
BHAGCHEM,EQ,05-02-2025,292.8,289.0,304.45,289.0,295.0,295.75,298.49,"75,732","2,26,05,342.20","1,806","46,376",61.24
BHAGCHEM,EQ,06-02-2025,295.75,300.15,301.25,288.35,292.0,291.5,293.26,"52,147","1,52,92,654.55","1,156","34,996",67.11
BHAGCHEM,EQ,07-02-2025,291.5,292.1,294.0,284.65,285.1,287.75,289.05,"59,623","1,72,34,251.25","1,659","35,333",59.26
BHAGCHEM,EQ,10-02-2025,287.75,292.95,292.95,281.7,289.9,287.05,286.85,"71,392","2,04,78,671.90","1,993","41,606",58.28
BHAGCHEM,EQ,11-02-2025,287.05,284.05,291.35,279.0,284.5,286.3,286.86,"3,28,106","9,41,19,109.30","4,012","72,122",21.98
BHAGCHEM,EQ,12-02-2025,286.3,287.0,290.85,272.4,286.0,289.1,283.0,"99,739","2,82,25,659.50","4,471","53,231",53.37
BHAGCHEM,EQ,13-02-2025,289.1,288.6,295.05,282.0,284.0,285.75,289.19,"42,140","1,21,86,386.70","1,322","21,892",51.95
BHAGCHEM,EQ,14-02-2025,285.75,286.0,310.0,280.55,300.2,303.35,293.8,"1,92,288","5,64,94,943.55","5,382","1,10,011",57.21
BHAGCHEM,EQ,17-02-2025,303.35,293.0,305.0,288.0,299.95,300.25,299.03,"1,28,523","3,84,32,321.90","3,254","68,219",53.08
BHAGCHEM,EQ,18-02-2025,300.25,300.0,301.2,287.0,287.0,292.35,291.7,"2,13,602","6,23,07,601.30","3,051","1,57,870",73.91
BHAGCHEM,EQ,19-02-2025,292.35,289.45,299.85,286.6,291.95,294.75,293.75,"1,13,399","3,33,10,426.60","1,752","86,717",76.47
BHAGCHEM,EQ,20-02-2025,294.75,293.35,301.05,289.15,293.0,294.75,294.74,"62,188","1,83,29,243.80","1,816","35,042",56.35
BHAGCHEM,EQ,21-02-2025,294.75,294.75,298.45,290.0,290.25,291.35,294.1,"23,197","68,22,158.20",674,"12,534",54.03
BHAGCHEM,EQ,24-02-2025,291.35,290.0,297.0,286.6,291.0,293.2,292.85,"51,911","1,52,02,177.55","1,674","26,580",51.2
BHAGCHEM,EQ,25-02-2025,293.2,294.0,297.05,286.8,286.8,288.9,291.82,"44,584","1,30,10,693.55","1,738","19,582",43.92
BHAGCHEM,EQ,27-02-2025,288.9,288.05,298.0,280.15,293.2,295.55,288.57,"97,766","2,82,12,703.55","3,254","52,848",54.06
BHAGCHEM,EQ,28-02-2025,295.55,295.4,295.5,282.1,294.0,289.35,289.0,"75,037","2,16,85,746.55","2,424","41,367",55.13
BHAGCHEM,EQ,03-03-2025,289.35,290.0,301.0,278.45,299.45,297.35,287.77,"1,37,267","3,95,01,345.30","3,164","77,732",56.63
BHAGCHEM,EQ,04-03-2025,297.35,290.2,300.95,289.75,295.4,293.05,295.85,"1,04,497","3,09,15,189.30","2,286","65,036",62.24
BHAGCHEM,EQ,05-03-2025,293.05,292.0,300.0,292.0,294.9,296.05,296.52,"63,367","1,87,89,669.25","2,436","42,452",66.99
BHAGCHEM,EQ,06-03-2025,296.05,294.9,303.0,294.15,297.0,295.8,298.44,"60,655","1,81,01,712.60","2,428","39,331",64.84
BHAGCHEM,EQ,07-03-2025,295.8,295.2,305.45,295.2,304.0,301.95,301.05,"1,01,429","3,05,35,282.40","3,862","56,484",55.69
BHAGCHEM,EQ,10-03-2025,301.95,306.5,307.0,298.0,305.0,303.4,301.37,"1,18,775","3,57,95,057.15","2,805","68,056",57.3
BHAGCHEM,EQ,11-03-2025,303.4,303.4,303.4,294.7,297.5,297.3,298.65,"83,897","2,50,56,036.95","1,668","60,006",71.52
BHAGCHEM,EQ,12-03-2025,297.3,297.95,304.9,292.4,293.8,294.1,298.63,"69,495","2,07,53,073.10","1,627","43,385",62.43
BHAGCHEM,EQ,13-03-2025,294.1,294.05,299.9,290.3,299.5,297.35,295.43,"92,084","2,72,04,702.95","1,752","62,817",68.22
BHAGCHEM,EQ,17-03-2025,297.35,292.3,299.75,290.0,290.0,290.75,293.67,"71,535","2,10,07,614.45","2,048","41,933",58.62
BHAGCHEM,EQ,18-03-2025,290.75,290.8,293.3,284.1,285.0,287.7,288.55,"1,28,484","3,70,73,971.55","1,989","1,03,756",80.75
BHAGCHEM,EQ,19-03-2025,287.7,287.5,294.0,286.0,290.1,290.4,289.51,"1,16,128","3,36,20,375.85","1,691","80,957",69.71
BHAGCHEM,EQ,20-03-2025,290.4,291.55,294.0,288.6,289.85,289.75,290.41,"1,35,902","3,94,67,787.95","2,748","1,09,468",80.55
BHAGCHEM,EQ,21-03-2025,289.75,290.3,292.0,283.0,289.0,286.25,287.18,"1,71,064","4,91,25,778.55","5,740","1,04,920",61.33
BHAGCHEM,EQ,24-03-2025,286.25,289.8,292.5,283.0,283.0,284.65,288.05,"1,31,599","3,79,07,303.35","4,647","74,699",56.76
BHAGCHEM,EQ,25-03-2025,284.65,285.35,289.0,273.0,284.1,284.0,279.74,"1,78,265","4,98,67,765.35","5,997","94,115",52.79
BHAGCHEM,EQ,26-03-2025,284.0,288.7,288.7,275.5,281.0,281.7,280.34,"1,38,820","3,89,17,406.10","5,383","76,686",55.24
BHAGCHEM,EQ,27-03-2025,281.7,281.7,288.0,275.0,283.0,283.45,279.06,"1,90,233","5,30,85,695.40","5,353","1,37,391",72.22
BHAGCHEM,EQ,28-03-2025,283.45,283.0,293.45,276.0,280.0,278.05,282.89,"1,36,131","3,85,10,602.85","5,559","72,933",53.58
BHAGCHEM,EQ,01-04-2025,278.05,274.0,286.2,274.0,284.0,284.15,281.78,"30,215","85,13,996.00","2,085","13,675",45.26
BHAGCHEM,EQ,02-04-2025,284.15,284.0,293.4,279.4,292.0,291.8,288.86,"33,878","97,85,829.75","1,773","18,117",53.48
BHAGCHEM,EQ,03-04-2025,291.8,292.6,305.0,288.6,300.55,302.2,297.4,"91,580","2,72,35,516.65","3,501","55,736",60.86
BHAGCHEM,EQ,04-04-2025,302.2,301.0,301.0,278.15,281.9,280.0,286.18,"84,192","2,40,94,256.45","4,414","49,911",59.28
BHAGCHEM,EQ,07-04-2025,280.0,266.0,285.1,260.0,283.9,279.5,271.72,"76,599","2,08,13,675.85","5,280","33,373",43.57
BHAGCHEM,EQ,08-04-2025,279.5,284.1,285.0,276.15,283.95,280.65,280.18,"43,075","1,20,68,573.95","1,794","21,269",49.38
BHAGCHEM,EQ,09-04-2025,280.65,283.45,283.45,276.15,279.0,277.55,278.3,"50,943","1,41,77,465.30","1,537","35,544",69.77
BHAGCHEM,EQ,11-04-2025,277.55,278.5,289.05,275.0,275.1,275.9,282.12,"1,02,045","2,87,89,443.95","4,068","59,185",58.0
BHAGCHEM,EQ,15-04-2025,275.9,280.05,288.0,277.85,287.0,286.3,282.99,"68,614","1,94,17,086.25","3,240","26,940",39.26
BHAGCHEM,EQ,16-04-2025,286.3,286.3,292.3,283.4,290.0,288.85,287.55,"88,009","2,53,07,101.95","4,694","40,166",45.64
BHAGCHEM,EQ,17-04-2025,288.85,288.5,291.0,283.45,284.0,284.5,287.13,"98,849","2,83,82,583.00","3,167","63,910",64.65
BHAGCHEM,EQ,21-04-2025,284.5,281.5,286.25,277.1,279.5,278.95,280.52,"68,343","1,91,71,863.30","2,882","44,157",64.61
BHAGCHEM,EQ,22-04-2025,278.95,280.95,284.35,277.4,283.0,282.95,281.45,"63,103","1,77,60,029.55","3,442","24,837",39.36
BHAGCHEM,EQ,23-04-2025,282.95,282.95,286.15,277.75,281.5,282.35,281.8,"49,906","1,40,63,309.35","1,786","25,718",51.53
BHAGCHEM,EQ,24-04-2025,282.35,284.65,323.45,284.3,307.0,305.7,309.04,"6,43,590","19,88,94,367.55","23,821","1,78,578",27.75
BHAGCHEM,EQ,25-04-2025,305.7,310.3,315.3,285.55,305.0,308.05,306.56,"2,93,226","8,98,92,459.85","9,568","1,33,999",45.7
BHAGCHEM,EQ,28-04-2025,308.05,305.0,309.7,303.85,304.0,305.45,305.83,"80,080","2,44,91,123.40","2,498","43,645",54.5
BHAGCHEM,EQ,29-04-2025,305.45,301.55,313.6,301.55,306.0,305.1,309.3,"1,52,883","4,72,87,238.20","6,102","55,044",36.0
BHAGCHEM,EQ,30-04-2025,305.1,304.25,304.55,297.1,297.1,299.9,301.02,"74,841","2,25,28,312.65","1,940","57,063",76.25
BHAGCHEM,EQ,02-05-2025,299.9,297.0,303.8,290.35,290.4,293.3,297.09,"98,777","2,93,45,378.20","3,136","72,781",73.68
BHAGCHEM,EQ,05-05-2025,293.3,295.1,297.7,289.4,295.0,294.05,294.62,"44,368","1,30,71,836.45","2,214","21,461",48.37
BHAGCHEM,EQ,06-05-2025,294.05,292.5,295.35,281.35,283.0,282.1,286.27,"70,064","2,00,57,221.20","3,392","38,706",55.24
BHAGCHEM,EQ,07-05-2025,282.1,280.7,282.35,275.0,275.0,275.9,278.11,"75,886","2,11,04,826.70","3,182","42,642",56.19
BHAGCHEM,EQ,08-05-2025,275.9,275.05,281.7,265.0,277.0,271.6,274.29,"1,10,157","3,02,14,459.90","4,712","57,327",52.04
BHAGCHEM,EQ,09-05-2025,271.6,268.9,294.95,266.8,283.1,283.65,283.31,"2,10,600","5,96,64,114.95","10,391","71,085",33.75
BHAGCHEM,EQ,12-05-2025,283.65,290.0,298.0,287.7,290.15,290.85,292.26,"1,49,567","4,37,12,706.95","4,201","87,398",58.43
BHAGCHEM,EQ,13-05-2025,290.85,290.8,299.85,287.95,294.1,294.5,295.38,"84,831","2,50,57,160.15","3,004","46,439",54.74
BHAGCHEM,EQ,14-05-2025,294.5,294.6,306.5,294.6,304.0,303.3,301.97,"1,45,298","4,38,75,721.80","4,220","80,002",55.06
BHAGCHEM,EQ,15-05-2025,303.3,303.3,305.75,298.5,299.95,299.95,301.83,"1,22,202","3,68,83,651.15","3,518","80,247",65.67
BHAGCHEM,EQ,16-05-2025,299.95,301.0,305.0,297.9,300.8,300.95,301.5,"1,91,787","5,78,23,173.35","4,276","1,19,791",62.46
BHAGCHEM,EQ,19-05-2025,300.95,302.0,317.0,299.85,309.5,308.15,310.61,"3,27,413","10,16,97,769.50","8,501","1,65,282",50.48
BHAGCHEM,EQ,20-05-2025,308.15,314.9,314.9,299.1,300.5,300.2,305.47,"1,92,745","5,88,76,881.90","7,214","1,14,973",59.65
BHAGCHEM,EQ,21-05-2025,300.2,303.0,303.2,295.7,298.3,299.2,299.48,"1,63,558","4,89,82,641.80","4,979","94,639",57.86
BHAGCHEM,EQ,22-05-2025,299.2,300.0,303.7,297.55,299.95,299.75,301.4,"66,847","2,01,47,619.05","3,092","40,604",60.74
BHAGCHEM,EQ,23-05-2025,299.75,302.75,309.0,298.8,306.0,306.1,305.65,"1,23,132","3,76,34,939.30","4,073","77,860",63.23
BHAGCHEM,EQ,26-05-2025,306.1,304.0,310.7,303.4,305.95,304.9,307.46,"1,00,108","3,07,79,483.75","3,995","47,488",47.44
BHAGCHEM,EQ,27-05-2025,304.9,305.1,307.0,301.25,306.0,304.65,304.96,"62,832","1,91,61,035.75","1,279","46,696",74.32
BHAGCHEM,EQ,28-05-2025,304.65,307.0,331.0,307.0,325.3,327.8,321.53,"4,83,707","15,55,25,215.70","12,726","2,55,503",52.82
BHAGCHEM,EQ,29-05-2025,327.8,324.0,327.8,300.2,306.0,303.95,309.63,"3,76,875","11,66,91,458.00","14,687","1,65,886",44.02
BHAGCHEM,EQ,30-05-2025,303.95,304.3,314.9,304.3,309.55,310.3,309.84,"1,56,586","4,85,16,350.55","5,850","76,564",48.9
BHAGCHEM,EQ,02-06-2025,310.3,306.5,309.0,300.0,300.0,301.35,304.52,"69,643","2,12,07,754.75","3,297","47,475",68.17
BHAGCHEM,EQ,03-06-2025,301.35,301.0,304.7,297.5,297.5,298.85,300.7,"76,139","2,28,95,117.05","3,251","47,235",62.04
BHAGCHEM,EQ,04-06-2025,298.85,299.8,303.2,294.1,296.2,295.45,296.99,"1,26,978","3,77,11,807.20","5,186","75,759",59.66
BHAGCHEM,EQ,05-06-2025,295.45,297.8,297.8,290.95,293.9,292.4,294.09,"1,02,403","3,01,16,093.35","3,160","77,657",75.83
BHAGCHEM,EQ,06-06-2025,292.4,296.8,305.1,291.95,299.2,298.95,298.47,"1,07,697","3,21,44,504.90","3,690","43,220",40.13
BHAGCHEM,EQ,09-06-2025,298.95,303.45,307.5,295.4,305.0,304.55,302.01,"1,53,059","4,62,25,135.05","4,813","1,01,580",66.37
BHAGCHEM,EQ,10-06-2025,304.55,306.95,311.0,302.95,307.5,307.05,307.15,"1,46,899","4,51,20,171.60","3,506","98,747",67.22
BHAGCHEM,EQ,11-06-2025,307.05,308.95,311.0,302.0,303.4,304.4,306.13,"98,778","3,02,39,292.75","3,544","58,263",58.98
BHAGCHEM,EQ,12-06-2025,304.4,306.45,308.5,301.45,303.55,304.2,304.77,"61,831","1,88,44,190.35","1,683","35,188",56.91
BHAGCHEM,EQ,13-06-2025,304.2,302.9,307.75,297.05,306.05,305.7,304.04,"75,187","2,28,60,012.35","2,817","34,830",46.32
BHAGCHEM,EQ,16-06-2025,305.7,304.0,306.2,297.0,303.0,302.55,300.96,"86,521","2,60,39,055.80","3,404","43,655",50.46
BHAGCHEM,EQ,17-06-2025,302.55,305.6,315.0,304.8,305.0,305.15,309.75,"1,79,097","5,54,74,908.60","5,154","82,890",46.28
BHAGCHEM,EQ,18-06-2025,305.15,306.0,306.45,294.25,297.0,297.95,298.5,"1,21,714","3,63,31,984.35","3,878","64,956",53.37
BHAGCHEM,EQ,19-06-2025,297.95,300.95,301.2,295.8,298.0,298.35,298.34,"91,895","2,74,15,734.95","2,854","50,374",54.82
BHAGCHEM,EQ,20-06-2025,298.35,298.35,303.65,295.6,299.2,299.35,300.53,"92,709","2,78,61,749.30","3,326","48,767",52.6
BHAGCHEM,EQ,23-06-2025,299.35,295.5,300.0,295.35,297.25,299.0,298.01,"28,042","83,56,792.40","1,380","13,066",46.59
BHAGCHEM,EQ,24-06-2025,299.0,303.0,303.0,292.5,293.35,293.55,296.87,"80,526","2,39,05,975.40","2,879","44,412",55.15
BHAGCHEM,EQ,25-06-2025,293.55,293.55,297.25,291.4,293.1,294.75,295.1,"68,366","2,01,74,736.35","3,574","38,713",56.63
BHAGCHEM,EQ,26-06-2025,294.75,297.5,301.0,292.8,294.5,295.4,296.75,"92,541","2,74,61,187.90","4,127","46,142",49.86
BHAGCHEM,EQ,27-06-2025,295.4,297.8,301.2,293.05,298.0,298.75,298.75,"92,805","2,77,25,911.40","2,056","51,128",55.09
BHAGCHEM,EQ,30-06-2025,298.75,302.45,304.1,297.1,300.8,301.0,300.32,"56,468","1,69,58,298.50","3,311","28,124",49.81
BHAGCHEM,EQ,01-07-2025,301.0,299.2,303.3,296.1,296.1,298.05,300.21,"54,287","1,62,97,660.90","1,824","30,107",55.46
BHAGCHEM,EQ,02-07-2025,298.05,298.05,301.3,295.1,300.8,300.15,297.78,"43,040","1,28,16,307.65","1,806","23,117",53.71
BHAGCHEM,EQ,03-07-2025,300.15,298.0,305.95,298.0,301.85,301.15,302.49,"58,995","1,78,45,586.65","2,122","27,328",46.32
BHAGCHEM,EQ,04-07-2025,301.15,302.0,315.0,300.0,308.8,308.1,309.26,"1,71,516","5,30,42,527.75","4,980","85,248",49.7
BHAGCHEM,EQ,07-07-2025,308.1,311.2,311.2,298.1,299.0,299.8,303.52,"56,530","1,71,58,217.35","2,226","34,090",60.3
BHAGCHEM,EQ,08-07-2025,299.8,300.1,303.75,297.1,300.0,300.05,300.16,"70,933","2,12,91,551.10","2,045","47,036",66.31
BHAGCHEM,EQ,09-07-2025,300.05,300.8,303.0,297.25,302.3,299.3,299.93,"27,502","82,48,804.30","1,073","14,097",51.26
BHAGCHEM,EQ,10-07-2025,299.3,302.0,303.95,295.55,298.4,299.05,299.01,"52,522","1,57,04,342.10","1,976","22,699",43.22
BHAGCHEM,EQ,11-07-2025,299.05,296.55,299.05,294.0,295.05,295.6,295.77,"47,083","1,39,25,951.25","1,521","23,976",50.92
BHAGCHEM,EQ,14-07-2025,295.6,298.55,298.55,294.0,296.95,296.5,296.15,"26,701","79,07,496.40","1,149","12,333",46.19
BHAGCHEM,EQ,15-07-2025,296.5,297.1,311.95,297.0,304.5,305.1,304.84,"1,39,654","4,25,71,624.80","3,579","87,586",62.72
BHAGCHEM,EQ,16-07-2025,305.1,305.1,310.0,290.7,305.3,307.35,305.68,"1,11,086","3,39,56,982.30","2,573","67,326",60.61
BHAGCHEM,EQ,17-07-2025,307.35,308.0,310.0,300.0,301.5,302.55,304.26,"94,175","2,86,53,257.65","2,570","64,728",68.73
BHAGCHEM,EQ,18-07-2025,302.55,302.1,306.45,300.05,301.2,301.4,302.24,"20,243","61,18,207.15","1,048","11,899",58.78
BHAGCHEM,EQ,21-07-2025,301.4,302.5,303.7,297.5,299.75,298.45,300.79,"81,936","2,46,45,925.15","2,618","61,885",75.53
BHAGCHEM,EQ,22-07-2025,298.45,301.45,304.45,298.7,299.15,299.7,300.83,"58,782","1,76,83,222.40","1,675","44,275",75.32
BHAGCHEM,EQ,23-07-2025,299.7,300.05,315.0,300.05,306.85,309.3,308.9,"2,91,932","9,01,77,148.40","7,822","1,84,438",63.18
BHAGCHEM,EQ,24-07-2025,309.3,309.25,309.25,300.1,305.95,302.9,303.08,"81,138","2,45,90,928.50","2,752","52,352",64.52
BHAGCHEM,EQ,25-07-2025,302.9,303.9,311.9,291.05,298.0,293.4,298.81,453277,1354.43,10078, 238129,52.53
BHAGCHEM,EQ,28-07-2025,293.4,295.75,305.5,295.75,302.6,304.0,300.85,136838,411.68,4349, 98265,71.81
BHAGCHEM,EQ,29-07-2025,304.0,305.5,312.0,303.6,308.5,311.45,307.97,151270,465.87,5632, 102848,67.99
BHAGCHEM,EQ,30-07-2025,311.45,311.45,313.75,303.65,312.0,311.05,308.96,98466,304.22,4211, 56473,57.35
BHAGCHEM,EQ,31-07-2025,311.05,305.55,325.0,297.0,301.0,301.45,312.69,864451,2703.04,22607, 511845,59.21
BHAGCHEM,EQ,01-08-2025,301.45,303.8,309.95,302.0,303.3,303.2,306.65,135527,415.59,3707, 90264,66.6
BHAGCHEM,EQ,04-08-2025,303.2,301.2,309.05,301.2,305.0,304.75,305.08,50787,154.94,2525, 28662,56.44
BHAGCHEM,EQ,05-08-2025,304.75,304.75,306.9,299.0,300.05,300.85,301.97,111140,335.61,2402, 71769,64.58
BHAGCHEM,EQ,06-08-2025,300.85,304.9,304.9,295.0,296.95,297.45,299.75,514173,1541.22,2743, 479620,93.28
BHAGCHEM,EQ,07-08-2025,297.45,301.9,301.9,291.1,294.95,296.1,294.95,101732,300.05,2742, 64961,63.86
BHAGCHEM,EQ,08-08-2025,296.1,292.6,294.15,285.1,285.1,286.7,289.91,87693,254.23,2942, 58806,67.06
BHAGCHEM,EQ,11-08-2025,286.7,286.7,286.7,282.6,283.0,284.2,284.25,49796,141.55,2176, 26209,52.63
BHAGCHEM,EQ,12-08-2025,284.2,288.45,288.45,280.0,282.05,284.8,285.36,35421,101.08,1154, 20785,58.68
BHAGCHEM,EQ,13-08-2025,284.8,276.3,287.7,276.3,282.0,282.85,283.02,51542,145.87,2068, 27232,52.83
BHAGCHEM,EQ,14-08-2025,282.85,286.9,286.9,276.0,279.25,279.85,281.85,60369,170.15,1223, 45823,75.9
BHAGCHEM,EQ,18-08-2025,279.85,285.95,291.65,282.6,283.25,283.55,286.87,94379,270.75,2594, 62682,66.42
BHAGCHEM,EQ,19-08-2025,283.55,284.95,286.45,281.0,281.9,282.55,283.32,48370,137.04,1303, 33439,69.13
BHAGCHEM,EQ,20-08-2025,282.55,282.55,287.0,280.2,282.0,281.85,283.14,54902,155.45,1867, 27550,50.18
BHAGCHEM,EQ,21-08-2025,281.85,283.8,285.0,282.2,282.55,283.4,283.75,16158,45.85,674, 10415,64.46
BHAGCHEM,EQ,22-08-2025,283.4,283.4,283.4,279.05,279.35,280.5,280.84,38228,107.36,1078, 23613,61.77
BHAGCHEM,EQ,25-08-2025,280.5,280.5,281.0,277.2,278.0,277.95,278.4,33791,94.08,900, 22880,67.71
BHAGCHEM,EQ,26-08-2025,277.95,278.9,278.9,269.1,271.0,270.65,274.1,42855,117.46,1737, 26303,61.38
BHAGCHEM,EQ,28-08-2025,270.65,271.0,272.0,261.0,264.0,262.5,266.42,65854,175.45,2271, 37293,56.63
BHAGCHEM,EQ,29-08-2025,262.5,260.05,267.6,260.0,260.05,261.55,261.86,63070,165.15,1922, 34905,55.34
BHAGCHEM,EQ,01-09-2025,261.55,261.55,275.5,261.55,272.5,273.95,270.5,77991,210.96,2550, 51188,65.63
BHAGCHEM,EQ,02-09-2025,273.95,273.0,275.9,268.2,273.65,274.45,273.14,52945,144.61,1685, 29124,55.01
BHAGCHEM,EQ,03-09-2025,274.45,277.2,277.2,272.25,273.25,274.95,274.71,33600,92.3,1141, 21218,63.15
BHAGCHEM,EQ,04-09-2025,274.95,274.95,275.25,267.55,267.7,268.05,271.55,25177,68.37,1033, 14865,59.04
BHAGCHEM,EQ,05-09-2025,268.05,267.05,272.0,267.05,269.0,270.35,269.95,31648,85.43,1364, 16068,50.77
BHAGCHEM,EQ,08-09-2025,270.35,273.95,273.95,265.0,265.1,265.95,268.63,46281,124.32,1692, 28632,61.87
BHAGCHEM,EQ,09-09-2025,265.95,265.95,272.0,265.95,270.0,267.2,268.44,26156,70.21,822, 14576,55.73
BHAGCHEM,EQ,10-09-2025,267.2,268.95,273.2,266.5,269.9,267.85,269.85,26101,70.43,841, 15049,57.66
BHAGCHEM,EQ,11-09-2025,267.85,265.2,273.1,264.0,265.35,265.25,267.21,23818,63.64,757, 14849,62.34
BHAGCHEM,EQ,12-09-2025,265.25,265.2,274.6,254.35,262.85,267.8,264.44,232992,616.13,6768, 119546,51.31
BHAGCHEM,EQ,15-09-2025,267.8,263.8,266.8,259.3,259.5,259.7,261.22,107119,279.82,1893, 71758,66.99
BHAGCHEM,EQ,16-09-2025,259.7,261.4,261.4,257.05,258.0,259.15,259.59,81986,212.83,861, 63348,77.27
BHAGCHEM,EQ,17-09-2025,259.15,263.05,265.55,254.95,259.0,258.45,258.91,127143,329.18,2893, 71836,56.5
BHAGCHEM,EQ,18-09-2025,258.45,257.0,261.2,255.05,256.0,255.45,257.12,68438,175.97,2087, 39993,58.44
BHAGCHEM,EQ,19-09-2025,255.45,253.05,261.0,253.05,257.95,257.05,257.29,55510,142.82,1881, 21877,39.41
BHAGCHEM,EQ,22-09-2025,257.05,253.25,260.0,253.25,258.95,256.9,257.48,35737,92.01,1160, 20852,58.35
BHAGCHEM,EQ,23-09-2025,256.9,257.65,258.3,255.0,256.0,256.9,256.74,34609,88.86,1011, 24406,70.52
BHAGCHEM,EQ,24-09-2025,256.9,255.0,258.35,255.0,255.45,255.25,257.24,87272,224.5,1330, 45990,52.7
BHAGCHEM,EQ,25-09-2025,255.25,254.1,256.85,250.0,252.35,251.1,252.58,38087,96.2,1242, 20898,54.87
BHAGCHEM,EQ,26-09-2025,251.1,252.0,252.45,248.9,250.1,249.9,249.94,19313,48.27,772, 10589,54.83
BHAGCHEM,EQ,29-09-2025,249.9,249.0,250.95,243.3,243.3,244.6,246.35,23657,58.28,1050, 12814,54.17
BHAGCHEM,EQ,30-09-2025,244.6,243.0,264.0,239.8,263.0,255.85,249.13,141620,352.82,3153, 87813,62.01
BHAGCHEM,EQ,01-10-2025,255.85,243.5,263.1,243.45,259.05,261.25,256.49,107949,276.88,3499, 37467,34.71
BHAGCHEM,EQ,03-10-2025,261.25,260.9,263.85,256.0,262.4,261.6,260.64,17748,46.26,886, 9463,53.32
BHAGCHEM,EQ,06-10-2025,261.6,264.0,266.65,258.5,263.0,263.65,262.84,40468,106.37,1912, 18021,44.53
BHAGCHEM,EQ,07-10-2025,263.65,264.0,264.0,255.5,255.85,256.8,259.29,26857,69.64,1446, 15374,57.24
BHAGCHEM,EQ,08-10-2025,256.8,260.2,263.0,247.1,247.1,248.2,253.8,81600,207.1,2178, 62216,76.25
BHAGCHEM,EQ,09-10-2025,248.2,248.2,255.95,245.6,247.8,249.95,251.79,37625,94.73,2304, 21387,56.84
BHAGCHEM,EQ,10-10-2025,249.95,248.1,255.0,248.05,251.1,252.05,252.93,55503,140.38,1204, 39559,71.27
BHAGCHEM,EQ,13-10-2025,252.05,253.35,253.35,243.6,244.85,244.8,246.72,29358,72.43,1991, 17314,58.98
BHAGCHEM,EQ,14-10-2025,244.8,248.55,255.0,242.55,247.25,250.15,249.44,59709,148.94,2375, 30596,51.24
BHAGCHEM,EQ,15-10-2025,250.15,249.65,249.65,243.5,243.55,244.4,245.12,57246,140.32,1620, 42886,74.92
BHAGCHEM,EQ,16-10-2025,244.4,244.4,247.5,240.55,241.1,241.75,243.4,40758,99.2,1341, 24219,59.42
BHAGCHEM,EQ,17-10-2025,241.75,243.5,257.0,242.6,244.1,244.4,244.27,102166,249.56,1616, 72912,71.37
BHAGCHEM,EQ,20-10-2025,244.4,247.5,250.0,243.0,249.75,249.6,246.94,27332,67.49,671, 18021,65.93
BHAGCHEM,EQ,21-10-2025,249.6,249.6,254.8,248.95,250.6,251.8,252.02,21283,53.64,689, 15092,70.91
BHAGCHEM,EQ,23-10-2025,251.8,254.95,255.2,247.95,250.9,249.55,251.33,43382,109.03,1390, 11813,27.23
BHAGCHEM,EQ,24-10-2025,249.55,249.55,251.9,245.8,249.0,248.55,248.05,14788,36.68,1119, 5853,39.58
BHAGCHEM,EQ,27-10-2025,248.55,246.05,255.0,242.3,255.0,253.35,249.47,103294,257.69,1771, 55924,54.14
BHAGCHEM,EQ,28-10-2025,253.35,255.0,258.15,250.0,255.0,252.55,253.8,40600,103.04,1440, 13497,33.24
BHAGCHEM,EQ,29-10-2025,252.55,253.45,254.65,251.0,252.95,251.75,252.11,12452,31.39,345, 8090,64.97
BHAGCHEM,EQ,30-10-2025,251.75,249.25,251.95,247.1,249.75,248.95,249.6,18546,46.29,786, 9070,48.91
BHAGCHEM,EQ,31-10-2025,248.95,249.4,250.8,247.05,248.0,247.7,248.48,12111,30.09,433, 7059,58.29
BHAGCHEM,EQ,03-11-2025,247.7,249.95,249.95,245.23,248.7,247.88,247.04,12221,30.19,314, 7687,62.9
BHAGCHEM,EQ,04-11-2025,247.88,249.41,249.77,244.0,245.8,245.63,246.05,20941,51.53,708, 13604,64.96
BHAGCHEM,EQ,06-11-2025,245.63,245.0,248.69,240.9,241.0,241.48,244.47,76701,187.51,1123, 60014,78.24
BHAGCHEM,EQ,07-11-2025,241.48,240.0,244.46,240.0,243.0,243.21,243.18,17884,43.49,402, 14347,80.22
BHAGCHEM,EQ,10-11-2025,243.21,245.43,250.89,243.5,246.0,246.03,247.62,27013,66.89,711, 11853,43.88
BHAGCHEM,EQ,11-11-2025,246.03,249.4,259.24,243.01,256.1,257.06,254.65,139292,354.71,2407, 75454,54.17
BHAGCHEM,EQ,12-11-2025,257.06,257.06,261.0,249.25,249.25,251.23,254.25,22186,56.41,597, 13453,60.64
BHAGCHEM,EQ,13-11-2025,251.23,252.65,253.07,248.37,251.95,250.43,251.0,9714,24.38,355, 5129,52.8
BHAGCHEM,EQ,14-11-2025,250.43,253.9,256.0,246.32,246.6,247.17,249.25,25560,63.71,699, 16150,63.18
BHAGCHEM,EQ,17-11-2025,247.17,248.0,253.0,246.77,253.0,251.71,249.06,27109,67.52,802, 19139,70.6
BHAGCHEM,EQ,18-11-2025,251.71,248.45,254.4,247.0,254.4,253.07,250.24,54049,135.25,883, 46690,86.38
BHAGCHEM,EQ,19-11-2025,253.07,253.03,263.7,252.26,253.0,257.18,257.56,181059,466.33,2169, 51335,28.35
BHAGCHEM,EQ,20-11-2025,257.18,254.05,260.59,252.13,259.0,255.87,255.54,96841,247.47,812, 34610,35.74
BHAGCHEM,EQ,21-11-2025,255.87,258.45,258.45,250.7,251.51,251.66,253.35,11513,29.17,375, 6485,56.33
BHAGCHEM,EQ,24-11-2025,251.66,251.05,252.61,242.0,246.5,246.38,246.36,31772,78.27,1012, 18661,58.73
BHAGCHEM,EQ,25-11-2025,246.38,246.17,250.0,243.0,249.0,248.45,246.67,17400,42.92,665, 10562,60.7
BHAGCHEM,EQ,26-11-2025,248.45,249.0,255.0,247.06,250.0,249.38,251.71,24746,62.29,822, 15270,61.71
BHAGCHEM,EQ,27-11-2025,249.38,253.63,253.77,245.5,248.5,248.22,248.94,30040,74.78,926, 16409,54.62
BHAGCHEM,EQ,28-11-2025,248.22,250.0,250.0,243.1,243.15,245.26,245.66,111515,273.95,723, 12879,11.55
BHAGCHEM,EQ,01-12-2025,245.26,244.0,246.85,240.2,240.52,241.84,242.18,76664,185.67,1030, 60247,78.59
BHAGCHEM,EQ,02-12-2025,241.84,244.52,244.52,232.35,236.0,235.97,237.39,54897,130.32,1552, 32024,58.33
BHAGCHEM,EQ,03-12-2025,235.97,230.2,238.75,230.2,236.0,236.72,235.43,19151,45.09,643, 12060,62.97
BHAGCHEM,EQ,04-12-2025,236.72,237.05,240.0,234.11,234.16,234.91,236.61,11238,26.59,389, 8624,76.74
BHAGCHEM,EQ,05-12-2025,234.91,236.09,236.21,230.0,235.89,233.3,233.86,152016,355.51,1364, 129622,85.27
BHAGCHEM,EQ,08-12-2025,233.3,236.59,238.97,228.0,232.95,231.89,233.21,40580,94.64,1342, 13653,33.64
BHAGCHEM,EQ,09-12-2025,231.89,231.89,239.0,226.1,233.7,236.05,230.19,76096,175.17,2462, 48906,64.27
BHAGCHEM,EQ,10-12-2025,236.05,236.38,239.23,228.0,228.0,228.97,231.38,55316,127.99,1035, 33850,61.19
BHAGCHEM,EQ,11-12-2025,228.97,231.07,231.15,225.0,228.55,227.99,228.18,36224,82.65,1292, 25866,71.41
BHAGCHEM,EQ,12-12-2025,227.99,228.25,232.59,226.82,230.0,229.21,229.08,26448,60.59,766, 19304,72.99
BHAGCHEM,EQ,15-12-2025,229.21,231.99,232.0,226.4,226.4,228.68,228.94,12715,29.11,530, 8297,65.25
BHAGCHEM,EQ,16-12-2025,228.68,230.4,232.4,225.0,231.0,230.17,228.61,27546,62.97,852, 16183,58.75
BHAGCHEM,EQ,17-12-2025,230.17,232.0,232.0,226.0,227.0,228.01,227.61,26363,60.0,789, 13769,52.23
BHAGCHEM,EQ,18-12-2025,228.01,227.71,264.0,225.2,235.0,248.91,252.84,1953877,4940.17,33764, 214279,10.97
BHAGCHEM,EQ,19-12-2025,248.91,238.81,241.99,228.13,230.0,229.52,234.06,396550,928.15,7977, 177258,44.7
BHAGCHEM,EQ,22-12-2025,229.52,231.36,233.55,225.31,229.3,230.0,229.5,241791,554.92,4164, 136288,56.37
BHAGCHEM,EQ,23-12-2025,230.0,227.01,238.7,227.01,230.0,230.59,230.56,235627,543.27,4039, 143021,60.7
BHAGCHEM,EQ,24-12-2025,230.59,231.5,236.79,224.26,224.5,226.77,229.24,373408,856.01,4578, 237452,63.59
BHAGCHEM,EQ,26-12-2025,226.77,225.2,237.8,224.5,231.59,229.15,230.86,495223,1143.29,6831, 277138,55.96
BHAGCHEM,EQ,29-12-2025,229.15,227.61,234.9,224.81,224.95,227.17,227.84,304381,693.49,5464, 152815,50.21
BHAGCHEM,EQ,30-12-2025,227.17,230.0,234.7,219.18,223.25,224.06,225.02,781749,1759.11,9393, 454585,58.15
BHAGCHEM,EQ,31-12-2025,224.06,223.0,228.45,216.74,220.39,219.71,221.13,448443,991.64,4976, 262267,58.48
BHAGCHEM,EQ,01-01-2026,219.71,221.67,221.67,205.02,205.5,206.04,209.84,452062,948.61,4650, 215768,47.73
BHAGCHEM,EQ,02-01-2026,206.04,206.9,212.5,198.82,200.02,200.62,203.69,438707,893.59,6587, 230938,52.64
BHAGCHEM,EQ,05-01-2026,200.62,205.0,220.98,198.02,220.0,216.98,207.91,1255501,2610.29,13034, 642388,51.17
BHAGCHEM,EQ,06-01-2026,216.98,220.23,231.99,215.34,222.92,225.87,226.63,812796,1842.08,11798, 309357,38.06
BHAGCHEM,EQ,07-01-2026,225.87,221.6,229.9,221.6,226.5,227.82,226.86,143206,324.88,3413, 54488,38.05
BHAGCHEM,EQ,08-01-2026,227.82,225.55,229.95,217.0,217.0,219.3,225.46,247379,557.74,3721, 130940,52.93
BHAGCHEM,EQ,09-01-2026,219.3,215.5,220.39,207.0,208.0,208.13,212.91,85650,182.36,2463, 48067,56.12
BHAGCHEM,EQ,12-01-2026,208.13,208.13,212.0,203.0,208.0,209.13,207.64,78867,163.76,2406, 31362,39.77
BHAGCHEM,EQ,13-01-2026,209.13,212.25,220.0,209.14,217.0,217.25,213.9,55629,118.99,1600, 29023,52.17
BHAGCHEM,EQ,14-01-2026,217.25,214.0,229.0,214.0,228.0,227.29,222.32,183600,408.18,3946, 98065,53.41
BHAGCHEM,EQ,16-01-2026,227.29,230.0,230.0,221.0,221.0,223.1,225.41,58004,130.74,1599, 30527,52.63
BHAGCHEM,EQ,19-01-2026,223.1,223.1,223.7,214.51,217.25,218.24,217.71,108228,235.62,2820, 47325,43.73
BHAGCHEM,EQ,20-01-2026,218.24,214.8,215.2,208.4,211.19,212.02,211.57,106675,225.69,2102, 60854,57.05
BHAGCHEM,EQ,21-01-2026,212.02,208.0,215.0,204.1,206.52,206.92,208.42,82517,171.98,2109, 42025,50.93
BHAGCHEM,EQ,22-01-2026,206.92,208.28,210.91,206.0,206.2,207.33,208.76,105671,220.6,5409, 20533,19.43
BHAGCHEM,EQ,23-01-2026,207.33,206.0,208.86,202.3,202.3,204.63,205.71,39090,80.41,1275, 21962,56.18
BHAGCHEM,EQ,27-01-2026,204.63,204.63,204.99,201.01,203.9,202.61,203.16,37123,75.42,938, 22169,59.72
BHAGCHEM,EQ,28-01-2026,202.61,202.61,208.0,202.61,205.0,205.68,205.63,46039,94.67,1117, 24687,53.62
BHAGCHEM,EQ,29-01-2026,205.68,208.22,208.24,200.1,201.08,201.82,202.68,60102,121.81,1596, 33466,55.68
BHAGCHEM,EQ,30-01-2026,201.82,201.82,215.0,200.0,214.0,211.68,207.14,70293,145.6,1621, 40788,58.03
BHAGCHEM,EQ,01-02-2026,211.68,214.0,229.9,207.56,212.25,216.86,222.09,314995,699.57,6303, 94438,29.98
BHAGCHEM,EQ,02-02-2026,216.86,216.88,219.99,209.0,214.8,212.84,213.37,79026,168.62,1938, 37631,47.62
BHAGCHEM,EQ,03-02-2026,212.84,222.9,229.5,215.1,222.73,224.24,222.79,120027,267.41,1836, 69191,57.65
BHAGCHEM,EQ,04-02-2026,224.24,227.0,229.95,222.87,229.9,229.63,228.13,79957,182.41,1262, 48368,60.49
BHAGCHEM,EQ,05-02-2026,229.63,227.35,229.9,223.65,227.05,227.91,226.63,34173,77.45,821, 14995,43.88
BHAGCHEM,EQ,06-02-2026,227.91,228.5,229.0,221.9,229.0,227.61,225.13,28025,63.09,813, 12844,45.83
BHAGCHEM,EQ,09-02-2026,227.61,227.61,237.11,223.16,233.95,233.37,229.28,54129,124.11,1219, 28115,51.94
BHAGCHEM,EQ,10-02-2026,233.37,230.05,237.5,218.5,223.21,222.68,224.49,157163,352.81,2299, 68445,43.55
BHAGCHEM,EQ,11-02-2026,222.68,225.35,229.9,220.66,225.0,224.59,224.62,42937,96.45,1187, 17527,40.82
BHAGCHEM,EQ,12-02-2026,224.59,221.2,223.27,216.1,216.36,217.49,219.77,27477,60.39,1061, 15367,55.93
BHAGCHEM,EQ,13-02-2026,217.49,219.79,219.79,212.01,212.51,212.71,213.42,29085,62.07,686, 15925,54.75
BHAGCHEM,EQ,16-02-2026,212.71,211.65,212.64,207.22,208.62,209.7,209.11,29248,61.16,780, 13798,47.18
BHAGCHEM,EQ,17-02-2026,209.7,210.15,210.6,206.35,206.96,208.18,208.49,65690,136.96,1208, 39106,59.53
BHAGCHEM,EQ,18-02-2026,208.18,207.5,211.0,206.49,208.5,208.4,208.09,50756,105.62,619, 32038,63.12
BHAGCHEM,EQ,19-02-2026,208.4,206.25,210.52,204.59,205.51,206.46,207.65,78300,162.59,1284, 43200,55.17
BHAGCHEM,EQ,20-02-2026,206.46,207.5,208.38,201.7,205.99,205.38,204.82,96690,198.04,1266, 63732,65.91
BHAGCHEM,EQ,23-02-2026,205.38,202.75,208.0,202.5,202.8,203.57,204.13,37091,75.71,733, 22989,61.98
BHAGCHEM,EQ,24-02-2026,203.57,203.29,203.29,198.89,200.79,200.57,200.84,64957,130.46,1263, 37916,58.37
BHAGCHEM,EQ,25-02-2026,200.57,201.84,205.9,200.79,205.0,204.63,202.96,60996,123.8,1097, 33653,55.17
BHAGCHEM,EQ,26-02-2026,204.63,204.0,206.19,203.95,204.5,204.96,204.6,33241,68.01,713, 16831,50.63
BHAGCHEM,EQ,27-02-2026,204.96,204.0,204.07,201.0,204.0,202.31,202.51,27954,56.61,440, 14320,51.23
BHAGCHEM,EQ,02-03-2026,202.31,196.2,202.24,196.2,200.5,199.93,200.07,50595,101.23,694, 32992,65.21
BHAGCHEM,EQ,04-03-2026,199.93,193.5,201.99,193.5,201.0,201.1,198.84,77783,154.66,1393, 51082,65.67
BHAGCHEM,EQ,05-03-2026,201.1,201.1,203.0,198.2,199.85,199.52,200.83,41360,83.06,818, 22492,54.38
BHAGCHEM,EQ,06-03-2026,199.52,199.0,200.99,197.5,197.5,198.91,199.62,70540,140.81,1174, 47536,67.39
BHAGCHEM,EQ,09-03-2026,198.91,198.0,198.0,192.76,193.35,196.37,196.01,59748,117.11,617, 46859,78.43
BHAGCHEM,EQ,10-03-2026,196.37,198.0,205.04,196.08,198.5,199.18,199.94,129887,259.69,2086, 74797,57.59
BHAGCHEM,EQ,11-03-2026,199.18,199.18,207.0,198.82,202.9,203.35,201.71,77477,156.28,1292, 51244,66.14
BHAGCHEM,EQ,12-03-2026,203.35,200.3,202.0,196.25,197.0,197.51,198.46,140717,279.27,1314, 105477,74.96
BHAGCHEM,EQ,13-03-2026,197.51,197.01,198.0,189.1,189.42,190.08,193.65,104199,201.79,1762, 74016, 71.03
