SYMBOL,SERIES,DATE1,PREV_CLOSE,OPEN_PRICE,HIGH_PRICE,LOW_PRICE,LAST_PRICE,CLOSE_PRICE,AVG_PRICE,TTL_TRD_QNTY,TURNOVER_LACS,NO_OF_TRADES,DELIV_QTY,DELIV_PER
FIDEL,ST,10-06-2022,37.0,59.1,62.05,59.1,62.05,62.05,59.95,"17,94,000","10,75,45,050.00",545,"17,94,000",100.0
FIDEL,ST,13-06-2022,62.05,58.95,64.4,58.95,60.5,59.8,59.91,"10,65,000","6,38,00,700.00",306,"9,72,000",91.27
FIDEL,ST,14-06-2022,59.8,58.5,58.95,56.85,56.85,56.85,57.52,"4,05,000","2,32,97,400.00",103,"3,78,000",93.33
FIDEL,ST,15-06-2022,56.85,55.65,59.65,54.05,59.0,59.05,56.87,"4,50,000","2,55,92,250.00",140,"3,60,000",80.0
FIDEL,ST,16-06-2022,59.05,60.85,60.85,56.1,56.1,56.1,57.08,"1,38,000","78,76,800.00",39,"1,29,000",93.48
FIDEL,ST,17-06-2022,56.1,53.55,56.5,53.3,54.1,54.9,54.29,"63,000","34,20,450.00",21,"60,000",95.24
FIDEL,ST,20-06-2022,54.9,53.2,54.45,52.2,53.55,53.45,52.74,"93,000","49,04,550.00",28,"93,000",100.0
FIDEL,ST,21-06-2022,53.45,54.0,54.0,50.8,50.8,50.8,51.48,"87,000","44,79,150.00",27,"81,000",93.1
FIDEL,ST,22-06-2022,50.8,48.6,53.3,48.6,53.3,53.3,51.48,"96,000","49,41,600.00",27,"81,000",84.38
FIDEL,ST,23-06-2022,53.3,55.3,55.95,55.1,55.95,55.95,55.67,"30,000","16,69,950.00",9,"24,000",80.0
FIDEL,SM,24-06-2022,55.95,60.65,63.0,58.9,61.1,60.7,60.57,"4,11,000","2,48,92,950.00",114,"2,94,000",71.53
FIDEL,SM,27-06-2022,60.7,61.15,62.15,57.1,57.2,57.15,59.09,"84,000","49,63,650.00",27,"63,000",75.0
FIDEL,SM,28-06-2022,57.15,57.2,57.2,54.5,54.5,55.1,56.15,"87,000","48,84,750.00",25,"72,000",82.76
FIDEL,SM,29-06-2022,55.1,53.5,58.2,52.1,56.35,56.65,56.02,"87,000","48,73,950.00",29,"36,000",41.38
FIDEL,SM,30-06-2022,56.65,56.0,57.5,56.0,57.2,57.2,57.08,"30,000","17,12,250.00",10,"18,000",60.0
FIDEL,SM,01-07-2022,57.2,56.0,56.95,54.35,56.95,56.85,55.75,"60,000","33,45,150.00",20,"33,000",55.0
FIDEL,SM,04-07-2022,56.85,57.0,59.0,57.0,57.5,57.5,58.16,"30,000","17,44,800.00",9,"24,000",80.0
FIDEL,SM,05-07-2022,57.5,55.5,56.0,55.3,55.3,55.45,55.58,"15,000","8,33,700.00",5,"15,000",100.0
FIDEL,SM,06-07-2022,55.45,56.8,57.0,56.5,57.0,56.9,56.81,"18,000","10,22,550.00",6,"15,000",83.33
FIDEL,SM,07-07-2022,56.9,57.4,57.5,56.05,56.3,56.35,56.72,"24,000","13,61,250.00",8,"24,000",100.0
FIDEL,SM,08-07-2022,56.35,56.3,57.85,56.0,57.0,57.0,56.91,"45,000","25,61,100.00",15,"39,000",86.67
FIDEL,SM,11-07-2022,57.0,55.0,55.45,54.0,54.0,54.45,54.74,"24,000","13,13,700.00",8,"18,000",75.0
FIDEL,SM,12-07-2022,54.45,53.25,54.0,53.0,53.2,53.2,53.5,"48,000","25,67,850.00",16,"39,000",81.25
FIDEL,SM,13-07-2022,53.2,53.2,54.7,52.0,53.1,53.1,53.39,"21,000","11,21,100.00",7,"18,000",85.71
FIDEL,SM,14-07-2022,53.1,52.05,56.6,52.05,55.8,55.8,53.82,"1,29,000","69,43,350.00",35,"1,14,000",88.37
FIDEL,SM,15-07-2022,55.8,55.0,56.5,55.0,56.0,56.0,55.97,"66,000","36,94,200.00",13,"63,000",95.45
FIDEL,SM,18-07-2022,56.0,56.05,56.35,54.5,55.2,55.9,55.73,"57,000","31,76,700.00",13,"39,000",68.42
FIDEL,SM,19-07-2022,55.9,54.8,57.0,54.8,57.0,56.75,56.37,"33,000","18,60,150.00",11,"24,000",72.73
FIDEL,SM,20-07-2022,56.75,56.05,56.05,55.0,55.0,55.0,55.48,"18,000","9,98,550.00",6,"15,000",83.33
FIDEL,SM,21-07-2022,55.0,56.0,56.0,54.15,54.15,54.25,54.89,"12,000","6,58,650.00",4,"12,000",100.0
FIDEL,SM,22-07-2022,54.25,55.0,56.7,54.4,54.4,54.45,55.34,"27,000","14,94,150.00",9,"24,000",88.89
FIDEL,SM,25-07-2022,54.45,54.0,54.0,53.9,53.9,53.9,53.95,"6,000","3,23,700.00",2,"6,000",100.0
FIDEL,SM,26-07-2022,53.9,54.05,55.9,54.05,55.9,55.7,55.26,"21,000","11,60,550.00",7,"18,000",85.71
FIDEL,SM,27-07-2022,55.7,56.0,59.0,56.0,56.5,56.5,57.73,"93,000","53,68,800.00",28,"78,000",83.87
FIDEL,SM,28-07-2022,56.5,58.95,66.0,58.7,59.2,59.75,61.51,"4,23,000","2,60,18,700.00",135,"2,70,000",63.83
FIDEL,SM,29-07-2022,59.75,61.0,61.0,57.0,58.45,58.45,58.65,"99,000","58,06,350.00",31,"69,000",69.7
FIDEL,SM,01-08-2022,58.45,59.0,59.0,56.1,58.3,58.3,56.91,"84,000","47,80,500.00",27,"72,000",85.71
FIDEL,SM,02-08-2022,58.3,58.1,58.65,56.0,57.5,57.5,57.73,"48,000","27,71,250.00",16,"42,000",87.5
FIDEL,SM,03-08-2022,57.5,56.05,57.45,54.5,54.5,54.9,55.33,"69,000","38,17,500.00",22,"54,000",78.26
FIDEL,SM,04-08-2022,54.9,52.1,58.3,52.05,56.4,56.4,55.12,"1,02,000","56,22,300.00",34,"81,000",79.41
FIDEL,SM,05-08-2022,56.4,57.0,57.0,54.75,54.8,54.9,55.59,"42,000","23,34,900.00",14,"36,000",85.71
FIDEL,SM,08-08-2022,54.9,54.0,54.2,51.7,53.0,53.0,53.0,"93,000","49,28,700.00",31,"72,000",77.42
FIDEL,SM,10-08-2022,53.0,54.0,54.2,52.6,52.6,52.7,53.31,"21,000","11,19,450.00",7,"18,000",85.71
FIDEL,SM,11-08-2022,52.7,51.8,57.0,51.7,55.9,55.9,55.18,"90,000","49,65,750.00",30,"72,000",80.0
FIDEL,SM,12-08-2022,55.9,57.0,57.0,54.7,55.4,55.4,55.22,"24,000","13,25,250.00",8,"24,000",100.0
FIDEL,SM,16-08-2022,55.4,56.0,57.0,56.0,57.0,56.8,56.7,"48,000","27,21,450.00",16,"42,000",87.5
FIDEL,SM,17-08-2022,56.8,57.0,57.0,57.0,57.0,57.0,57.0,"3,000","1,71,000.00",1,"3,000",100.0
FIDEL,SM,18-08-2022,57.0,55.0,56.6,55.0,56.0,56.0,55.56,"27,000","15,00,150.00",9,"18,000",66.67
FIDEL,SM,19-08-2022,56.0,55.6,57.5,55.55,57.5,57.5,56.46,"30,000","16,93,650.00",10,"27,000",90.0
FIDEL,SM,22-08-2022,57.5,55.0,56.95,55.0,56.45,56.45,55.88,"24,000","13,41,000.00",8,"18,000",75.0
FIDEL,SM,23-08-2022,56.45,55.5,56.5,53.9,54.2,54.2,55.12,"48,000","26,45,550.00",16,"36,000",75.0
FIDEL,SM,24-08-2022,54.2,57.0,57.25,55.3,56.9,56.9,56.05,"39,000","21,85,800.00",12,"30,000",76.92
FIDEL,SM,25-08-2022,56.9,57.45,64.8,56.3,62.5,60.5,59.92,"1,83,000","1,09,65,900.00",61,"1,17,000",63.93
FIDEL,SM,26-08-2022,60.5,64.0,70.0,64.0,67.8,67.45,67.2,"5,82,000","3,91,08,600.00",187,"3,72,000",63.92
FIDEL,SM,29-08-2022,67.45,66.0,80.9,66.0,80.9,80.9,77.47,"3,69,000","2,85,87,000.00",111,"2,46,000",66.67
FIDEL,SM,30-08-2022,80.9,88.4,88.95,80.65,87.2,88.3,87.08,"5,25,000","4,57,18,650.00",168,"2,49,000",47.43
FIDEL,SM,01-09-2022,88.3,85.0,95.0,81.4,86.0,86.35,87.59,"2,88,000","2,52,26,700.00",88,"1,92,000",66.67
FIDEL,SM,02-09-2022,86.35,87.95,87.95,80.7,82.6,82.45,83.88,"1,68,000","1,40,91,600.00",49,"1,14,000",67.86
FIDEL,SM,05-09-2022,82.45,80.25,84.0,79.3,80.5,80.5,81.31,"36,000","29,27,250.00",12,"30,000",83.33
FIDEL,SM,06-09-2022,80.5,78.0,79.0,76.35,76.35,76.65,77.6,"51,000","39,57,450.00",17,"42,000",82.35
FIDEL,SM,07-09-2022,76.65,76.4,84.3,76.4,80.5,80.5,82.04,"3,09,000","2,53,49,400.00",93,"1,32,000",42.72
FIDEL,SM,08-09-2022,80.5,82.0,82.8,79.0,79.0,79.75,80.73,"48,000","38,74,800.00",16,"36,000",75.0
FIDEL,SM,09-09-2022,79.75,78.1,78.1,71.8,71.8,72.55,73.73,"1,56,000","1,15,02,150.00",50,"1,02,000",65.38
FIDEL,SM,12-09-2022,72.55,73.65,74.9,72.75,73.4,73.2,73.49,"36,000","26,45,550.00",12,"21,000",58.33
FIDEL,SM,13-09-2022,73.2,74.0,75.0,73.0,73.6,73.6,74.01,"33,000","24,42,300.00",11,"27,000",81.82
FIDEL,SM,14-09-2022,73.6,73.0,74.9,71.0,71.2,71.25,72.58,"54,000","39,19,500.00",18,"42,000",77.78
FIDEL,SM,15-09-2022,71.25,70.2,72.9,70.2,72.35,72.35,71.48,"27,000","19,29,900.00",9,"18,000",66.67
FIDEL,SM,16-09-2022,72.35,71.5,71.5,68.05,68.05,69.2,69.67,"39,000","27,17,250.00",13,"33,000",84.62
FIDEL,SM,19-09-2022,69.2,70.3,70.3,64.3,66.5,66.25,67.05,"69,000","46,26,450.00",21,"57,000",82.61
FIDEL,SM,20-09-2022,66.25,67.0,72.85,67.0,72.85,72.85,71.77,"87,000","62,43,600.00",24,"75,000",86.21
FIDEL,SM,21-09-2022,72.85,74.2,76.95,71.95,72.0,72.05,73.78,"30,000","22,13,400.00",10,"15,000",50.0
FIDEL,SM,22-09-2022,72.05,73.8,73.8,66.1,66.1,68.05,68.92,"33,000","22,74,300.00",11,"27,000",81.82
FIDEL,SM,23-09-2022,68.05,67.5,67.5,62.55,65.8,65.35,65.6,"66,000","43,29,450.00",22,"45,000",68.18
FIDEL,SM,26-09-2022,65.35,65.9,67.0,61.4,63.9,63.0,63.63,"39,000","24,81,600.00",13,"24,000",61.54
FIDEL,SM,27-09-2022,63.0,63.2,63.35,62.0,62.0,62.0,62.63,"36,000","22,54,650.00",12,"27,000",75.0
FIDEL,SM,28-09-2022,62.0,60.0,68.2,60.0,63.75,62.7,64.53,"57,000","36,78,450.00",19,"36,000",63.16
FIDEL,SM,29-09-2022,62.7,62.25,64.9,62.25,64.9,64.9,63.17,"9,000","5,68,500.00",3,"6,000",66.67
FIDEL,SM,30-09-2022,64.9,62.1,64.5,62.1,64.5,64.5,63.3,"6,000","3,79,800.00",2,"6,000",100.0
FIDEL,SM,03-10-2022,64.5,62.75,62.75,62.65,62.65,62.65,62.7,"6,000","3,76,200.00",2,"6,000",100.0
FIDEL,SM,04-10-2022,62.65,66.0,67.5,63.1,66.0,66.0,66.04,"30,000","19,81,200.00",10,"18,000",60.0
FIDEL,SM,07-10-2022,66.0,63.7,65.0,63.7,64.1,64.1,64.73,"36,000","23,30,400.00",11,"36,000",100.0
FIDEL,SM,10-10-2022,64.1,64.0,67.5,64.0,65.5,65.5,65.75,"12,000","7,89,000.00",4,"12,000",100.0
FIDEL,SM,11-10-2022,65.5,64.0,64.0,63.25,63.3,63.3,63.61,"15,000","9,54,150.00",5,"9,000",60.0
FIDEL,SM,12-10-2022,63.3,64.0,64.3,63.0,63.95,63.95,63.55,"21,000","13,34,550.00",7,"18,000",85.71
FIDEL,SM,13-10-2022,63.95,61.45,61.75,61.0,61.0,61.0,61.22,"24,000","14,69,250.00",8,"21,000",87.5
FIDEL,SM,14-10-2022,61.0,62.8,62.9,61.0,61.0,61.25,62.05,"30,000","18,61,500.00",8,"27,000",90.0
FIDEL,SM,17-10-2022,61.25,60.2,62.5,59.45,61.55,61.55,61.25,"57,000","34,91,250.00",16,"45,000",78.95
FIDEL,SM,18-10-2022,61.55,62.0,68.4,62.0,67.4,67.4,65.28,"48,000","31,33,500.00",16,"48,000",100.0
FIDEL,SM,19-10-2022,67.4,69.0,69.0,64.5,64.55,64.55,65.53,"18,000","11,79,450.00",6,"12,000",66.67
FIDEL,SM,20-10-2022,64.55,63.0,64.2,61.25,63.5,63.1,63.05,"18,000","11,34,900.00",6,"15,000",83.33
FIDEL,SM,21-10-2022,63.1,64.5,64.5,62.1,62.1,62.1,63.3,"6,000","3,79,800.00",2,"6,000",100.0
FIDEL,SM,24-10-2022,62.1,62.05,62.1,62.05,62.1,62.1,62.08,"6,000","3,72,450.00",2,"6,000",100.0
FIDEL,SM,25-10-2022,62.1,62.0,63.7,62.0,63.0,63.0,62.9,"18,000","11,32,200.00",5,"15,000",83.33
FIDEL,SM,27-10-2022,63.0,64.0,64.0,63.0,63.2,63.2,63.51,"21,000","13,33,650.00",7,"21,000",100.0
FIDEL,SM,28-10-2022,63.2,63.2,63.2,61.05,61.65,61.65,61.49,"33,000","20,29,200.00",8,"27,000",81.82
FIDEL,SM,31-10-2022,61.65,62.0,72.8,61.0,70.0,69.8,66.95,"1,50,000","1,00,42,500.00",44,"1,23,000",82.0
FIDEL,SM,01-11-2022,69.8,73.85,79.0,71.0,76.0,77.6,75.46,"2,91,000","2,19,58,050.00",92,"2,13,000",73.2
FIDEL,SM,02-11-2022,77.6,76.0,87.0,74.0,80.1,80.55,81.57,"4,38,000","3,57,27,150.00",139,"2,25,000",51.37
FIDEL,SM,03-11-2022,80.55,81.0,81.5,73.5,73.75,74.1,76.96,"1,20,000","92,35,500.00",40,"93,000",77.5
FIDEL,SM,04-11-2022,74.1,73.75,73.75,70.05,71.6,72.3,72.18,"27,000","19,48,800.00",9,"21,000",77.78
FIDEL,SM,07-11-2022,72.3,67.25,74.5,67.0,74.5,73.65,70.73,"1,26,000","89,12,550.00",39,"72,000",57.14
FIDEL,SM,09-11-2022,73.65,74.5,74.5,74.0,74.5,74.5,74.38,"12,000","8,92,500.00",4,"12,000",100.0
FIDEL,SM,10-11-2022,74.5,71.55,72.75,69.0,69.0,69.35,70.55,"30,000","21,16,350.00",10,"24,000",80.0
FIDEL,SM,11-11-2022,69.35,71.0,71.0,68.75,68.75,68.75,70.13,"21,000","14,72,700.00",7,"15,000",71.43
FIDEL,SM,14-11-2022,68.75,67.6,68.0,66.0,66.0,66.0,66.98,"21,000","14,06,550.00",7,"21,000",100.0
FIDEL,SM,15-11-2022,66.0,68.0,69.65,66.75,68.0,68.0,68.33,"21,000","14,34,900.00",7,"18,000",85.71
FIDEL,SM,16-11-2022,68.0,68.0,68.0,67.0,67.0,67.0,67.37,"9,000","6,06,300.00",3,"9,000",100.0
FIDEL,SM,17-11-2022,67.0,66.1,66.25,66.05,66.15,66.2,66.14,"12,000","7,93,650.00",4,"9,000",75.0
FIDEL,SM,18-11-2022,66.2,65.15,67.0,65.15,65.5,65.75,66.12,"15,000","9,91,800.00",5,"15,000",100.0
FIDEL,SM,21-11-2022,65.75,65.5,65.5,64.0,64.0,64.15,64.72,"39,000","25,24,050.00",12,"33,000",84.62
FIDEL,SM,22-11-2022,64.15,65.0,66.7,64.0,66.7,66.7,64.4,"51,000","32,84,250.00",16,"48,000",94.12
FIDEL,SM,23-11-2022,66.7,68.9,68.9,65.5,66.0,66.0,66.8,"9,000","6,01,200.00",3,"6,000",66.67
FIDEL,SM,25-11-2022,66.0,66.0,66.0,66.0,66.0,66.0,66.0,"6,000","3,96,000.00",2,"6,000",100.0
FIDEL,SM,28-11-2022,66.0,66.0,67.5,65.0,66.0,66.0,66.2,"21,000","13,90,200.00",7,"18,000",85.71
FIDEL,SM,29-11-2022,66.0,66.0,67.5,64.6,64.6,64.8,65.58,"15,000","9,83,700.00",5,"15,000",100.0
FIDEL,SM,30-11-2022,64.8,64.0,66.0,63.0,63.0,63.05,64.2,"36,000","23,11,050.00",12,"36,000",100.0
FIDEL,SM,01-12-2022,63.05,63.0,63.25,63.0,63.25,63.25,63.17,"9,000","5,68,500.00",3,"9,000",100.0
FIDEL,SM,02-12-2022,63.25,63.3,63.3,63.25,63.25,63.25,63.28,"6,000","3,79,650.00",2,"6,000",100.0
FIDEL,SM,05-12-2022,63.25,63.5,64.95,63.5,64.5,64.5,64.36,"12,000","7,72,350.00",4,"12,000",100.0
FIDEL,SM,06-12-2022,64.5,65.65,65.65,65.65,65.65,65.65,65.65,"3,000","1,96,950.00",1,"3,000",100.0
FIDEL,SM,07-12-2022,65.65,64.15,66.0,64.15,66.0,66.0,65.38,"9,000","5,88,450.00",3,"9,000",100.0
FIDEL,SM,08-12-2022,66.0,66.0,66.0,64.0,64.0,64.0,64.7,"12,000","7,76,400.00",4,"12,000",100.0
FIDEL,SM,09-12-2022,64.0,66.0,66.0,64.0,64.25,64.25,64.57,"15,000","9,68,550.00",5,"12,000",80.0
FIDEL,SM,13-12-2022,64.25,65.75,65.75,62.3,63.3,63.3,63.63,"15,000","9,54,450.00",5,"15,000",100.0
FIDEL,SM,14-12-2022,63.3,63.4,63.4,63.4,63.4,63.4,63.4,"3,000","1,90,200.00",1,"3,000",100.0
FIDEL,SM,15-12-2022,63.4,62.5,64.8,62.5,64.8,64.8,62.96,"15,000","9,44,400.00",2,"15,000",100.0
FIDEL,SM,16-12-2022,64.8,62.2,63.0,61.0,63.0,62.8,62.0,"33,000","20,46,150.00",11,"27,000",81.82
FIDEL,SM,19-12-2022,62.8,61.3,63.5,61.3,62.95,62.95,62.26,"21,000","13,07,550.00",7,"12,000",57.14
FIDEL,SM,20-12-2022,62.95,62.15,62.15,62.15,62.15,62.15,62.15,"3,000","1,86,450.00",1,"3,000",100.0
FIDEL,SM,21-12-2022,62.15,62.0,65.45,60.0,62.0,62.8,62.83,"99,000","62,19,750.00",32,"60,000",60.61
FIDEL,SM,22-12-2022,62.8,62.2,63.4,61.0,61.0,61.0,61.75,"36,000","22,22,850.00",12,"33,000",91.67
FIDEL,SM,23-12-2022,61.0,61.7,61.7,60.0,61.0,60.85,60.59,"48,000","29,08,200.00",15,"48,000",100.0
FIDEL,SM,26-12-2022,60.85,60.85,62.5,60.5,62.5,62.1,61.6,"21,000","12,93,600.00",7,"21,000",100.0
FIDEL,SM,27-12-2022,62.1,62.8,64.55,62.8,64.0,64.25,63.58,"12,000","7,62,900.00",4,"9,000",75.0
FIDEL,SM,28-12-2022,64.25,64.35,67.9,64.35,66.5,66.5,66.27,"81,000","53,67,900.00",26,"48,000",59.26
FIDEL,SM,29-12-2022,66.5,67.85,69.0,67.5,68.0,68.0,68.29,"36,000","24,58,350.00",11,"27,000",75.0
FIDEL,SM,30-12-2022,68.0,68.0,68.0,66.0,66.0,66.0,66.7,"9,000","6,00,300.00",3,"6,000",66.67
FIDEL,SM,03-01-2023,66.0,66.1,67.85,64.05,64.65,64.65,66.03,"15,000","9,90,450.00",5,"9,000",60.0
FIDEL,SM,04-01-2023,64.65,65.0,65.0,65.0,65.0,65.0,65.0,"3,000","1,95,000.00",1,"3,000",100.0
FIDEL,SM,05-01-2023,65.0,64.65,64.65,64.0,64.0,64.0,64.25,"9,000","5,78,250.00",3,"9,000",100.0
FIDEL,SM,06-01-2023,64.0,64.0,64.0,64.0,64.0,64.0,64.0,"6,000","3,84,000.00",2,"6,000",100.0
FIDEL,SM,09-01-2023,64.0,63.0,64.9,63.0,64.9,64.9,63.95,"6,000","3,83,700.00",2,"6,000",100.0
FIDEL,SM,10-01-2023,64.9,63.8,63.8,62.75,62.75,62.75,63.12,"9,000","5,68,050.00",3,"9,000",100.0
FIDEL,SM,11-01-2023,62.75,64.8,65.0,64.8,65.0,65.0,64.9,"6,000","3,89,400.00",2,"6,000",100.0
FIDEL,SM,12-01-2023,65.0,62.5,62.5,62.3,62.3,62.3,62.4,"6,000","3,74,400.00",2,"6,000",100.0
FIDEL,SM,13-01-2023,62.3,63.55,63.55,63.55,63.55,63.55,63.55,"3,000","1,90,650.00",1,"3,000",100.0
FIDEL,SM,16-01-2023,63.55,65.25,73.5,65.25,71.2,71.7,69.78,"1,14,000","79,55,250.00",38,"57,000",50.0
FIDEL,SM,17-01-2023,71.7,72.1,73.0,68.0,68.0,68.5,70.3,"48,000","33,74,550.00",16,"24,000",50.0
FIDEL,SM,18-01-2023,68.5,70.0,72.9,70.0,72.45,72.2,71.58,"84,000","60,12,300.00",27,"51,000",60.71
FIDEL,SM,19-01-2023,72.2,72.9,72.9,70.05,70.3,70.25,70.78,"15,000","10,61,700.00",5,"12,000",80.0
FIDEL,SM,20-01-2023,70.25,70.3,70.35,70.0,70.0,70.0,70.16,"12,000","8,41,950.00",4,"12,000",100.0
FIDEL,SM,23-01-2023,70.0,70.0,71.45,68.0,69.9,69.95,69.84,"1,11,000","77,51,850.00",31,"72,000",64.86
FIDEL,SM,24-01-2023,69.95,71.0,77.5,70.0,72.0,71.5,73.27,"3,30,000","2,41,78,350.00",104,"1,83,000",55.45
FIDEL,SM,25-01-2023,71.5,73.0,73.45,70.25,70.3,70.5,71.45,"36,000","25,72,050.00",12,"27,000",75.0
FIDEL,SM,27-01-2023,70.5,71.0,71.0,66.9,66.9,66.9,69.08,"27,000","18,65,100.00",9,"27,000",100.0
FIDEL,SM,30-01-2023,66.9,67.0,71.8,67.0,68.0,68.0,69.64,"15,000","10,44,600.00",5,"12,000",80.0
FIDEL,SM,31-01-2023,68.0,70.0,71.35,65.0,67.0,67.0,67.61,"66,000","44,62,350.00",22,"51,000",77.27
FIDEL,SM,01-02-2023,67.0,67.95,74.0,67.25,69.1,69.4,71.3,"2,73,000","1,94,66,100.00",89,"1,35,000",49.45
FIDEL,SM,02-02-2023,69.4,68.0,68.0,67.55,67.55,67.55,67.68,"12,000","8,12,100.00",4,"12,000",100.0
FIDEL,SM,03-02-2023,67.55,66.8,66.8,63.0,66.1,66.1,65.25,"33,000","21,53,400.00",11,"24,000",72.73
FIDEL,SM,06-02-2023,66.1,65.25,68.3,64.6,67.9,67.9,66.15,"24,000","15,87,600.00",8,"12,000",50.0
FIDEL,SM,07-02-2023,67.9,68.9,68.9,66.5,67.0,67.0,67.47,"9,000","6,07,200.00",3,"6,000",66.67
FIDEL,SM,08-02-2023,67.0,66.1,66.25,66.0,66.25,66.25,66.12,"9,000","5,95,050.00",3,"9,000",100.0
FIDEL,SM,09-02-2023,66.25,67.9,68.3,67.2,67.2,67.2,67.78,"15,000","10,16,700.00",5,"12,000",80.0
FIDEL,SM,10-02-2023,67.2,65.75,66.0,65.75,66.0,66.0,65.88,"6,000","3,95,250.00",2,"6,000",100.0
FIDEL,SM,13-02-2023,66.0,68.3,68.95,68.3,68.95,68.95,68.52,"9,000","6,16,650.00",3,"9,000",100.0
FIDEL,SM,14-02-2023,68.95,68.75,70.8,68.75,70.8,70.8,69.77,"39,000","27,20,850.00",13,"33,000",84.62
FIDEL,SM,15-02-2023,70.8,69.05,69.2,66.05,67.5,67.5,68.11,"27,000","18,38,850.00",9,"21,000",77.78
FIDEL,SM,16-02-2023,67.5,67.0,69.0,66.3,69.0,69.0,67.7,"42,000","28,43,400.00",13,"39,000",92.86
FIDEL,SM,17-02-2023,69.0,69.0,69.0,69.0,69.0,69.0,69.0,"3,000","2,07,000.00",1,"3,000",100.0
FIDEL,SM,20-02-2023,69.0,69.5,69.5,69.5,69.5,69.5,69.5,"3,000","2,08,500.00",1,"3,000",100.0
FIDEL,SM,22-02-2023,69.5,67.5,69.0,65.05,66.0,66.0,66.18,"39,000","25,81,050.00",13,"36,000",92.31
FIDEL,SM,23-02-2023,66.0,64.8,65.1,64.0,65.1,65.1,64.61,"12,000","7,75,350.00",4,"9,000",75.0
FIDEL,SM,24-02-2023,65.1,64.45,64.5,60.0,64.5,63.45,62.79,"51,000","32,02,050.00",17,"30,000",58.82
FIDEL,SM,27-02-2023,63.45,62.2,62.5,62.2,62.2,62.2,62.3,"9,000","5,60,700.00",3,"9,000",100.0
FIDEL,SM,01-03-2023,62.2,62.7,62.7,62.7,62.7,62.7,62.7,"6,000","3,76,200.00",2,"6,000",100.0
FIDEL,SM,02-03-2023,62.7,66.0,66.0,62.2,64.0,64.0,63.84,"33,000","21,06,600.00",11,"15,000",45.45
FIDEL,SM,03-03-2023,64.0,64.0,64.0,64.0,64.0,64.0,64.0,"3,000","1,92,000.00",1,"3,000",100.0
FIDEL,SM,06-03-2023,64.0,64.55,65.75,64.55,65.4,65.25,64.88,"39,000","25,30,500.00",9,"33,000",84.62
FIDEL,SM,08-03-2023,65.25,64.1,67.6,64.1,66.7,67.15,66.13,"9,000","5,95,200.00",3,"3,000",33.33
FIDEL,SM,09-03-2023,67.15,64.0,65.0,64.0,65.0,64.5,64.5,"6,000","3,87,000.00",2,"6,000",100.0
FIDEL,SM,13-03-2023,64.5,64.5,65.0,64.5,65.0,65.0,64.83,"9,000","5,83,500.00",3,"9,000",100.0
FIDEL,SM,14-03-2023,65.0,62.7,63.3,60.5,61.0,60.75,61.6,"39,000","24,02,400.00",13,"33,000",84.62
FIDEL,SM,15-03-2023,60.75,61.2,62.5,61.0,61.0,61.65,61.38,"18,000","11,04,750.00",6,"15,000",83.33
FIDEL,SM,16-03-2023,61.65,59.85,62.0,59.1,60.0,60.0,60.38,"48,000","28,98,450.00",16,"39,000",81.25
FIDEL,SM,17-03-2023,60.0,60.0,60.0,60.0,60.0,60.0,60.0,"3,000","1,80,000.00",1,"3,000",100.0
FIDEL,SM,20-03-2023,60.0,61.0,62.5,60.0,61.7,61.7,61.2,"36,000","22,03,350.00",12,"27,000",75.0
FIDEL,SM,21-03-2023,61.7,62.5,63.7,62.5,63.7,63.7,62.9,"9,000","5,66,100.00",3,"9,000",100.0
FIDEL,SM,24-03-2023,63.7,62.0,64.5,62.0,64.5,64.25,63.3,"15,000","9,49,500.00",5,"15,000",100.0
FIDEL,SM,27-03-2023,64.25,61.1,63.4,61.0,63.4,63.4,61.83,"9,000","5,56,500.00",3,"9,000",100.0
FIDEL,SM,28-03-2023,63.4,60.25,60.25,60.0,60.0,60.0,60.11,"12,000","7,21,350.00",4,"12,000",100.0
FIDEL,SM,29-03-2023,60.0,59.5,60.0,59.4,59.6,59.6,59.63,"12,000","7,15,500.00",4,"12,000",100.0
FIDEL,SM,31-03-2023,59.6,62.5,62.5,61.0,61.0,61.0,61.67,"9,000","5,55,000.00",3,"9,000",100.0
FIDEL,SM,03-04-2023,61.0,62.0,62.0,60.0,61.0,61.0,61.01,"21,000","12,81,150.00",7,"15,000",71.43
FIDEL,SM,05-04-2023,61.0,61.0,62.5,61.0,62.5,62.5,62.0,"9,000","5,58,000.00",3,"9,000",100.0
FIDEL,SM,06-04-2023,62.5,61.8,61.8,60.6,60.75,60.75,61.03,"18,000","10,98,450.00",6,"15,000",83.33
FIDEL,SM,10-04-2023,60.75,62.0,62.0,62.0,62.0,62.0,62.0,"6,000","3,72,000.00",2,"6,000",100.0
FIDEL,SM,11-04-2023,62.0,63.5,63.5,63.5,63.5,63.5,63.5,"3,000","1,90,500.00",1,"3,000",100.0
FIDEL,SM,12-04-2023,63.5,61.05,61.25,61.0,61.25,61.25,61.06,"15,000","9,15,900.00",4,"12,000",80.0
FIDEL,SM,17-04-2023,61.25,61.25,61.25,60.0,61.2,61.2,60.82,"9,000","5,47,350.00",3,"9,000",100.0
FIDEL,SM,18-04-2023,61.2,62.1,62.1,60.5,61.5,61.5,61.37,"9,000","5,52,300.00",3,"6,000",66.67
FIDEL,SM,19-04-2023,61.5,63.9,64.0,62.1,64.0,63.7,63.57,"24,000","15,25,650.00",8,"24,000",100.0
FIDEL,SM,20-04-2023,63.7,64.0,67.0,64.0,67.0,67.0,65.9,"18,000","11,86,200.00",6,"18,000",100.0
FIDEL,SM,21-04-2023,67.0,67.9,80.4,67.9,80.4,80.4,78.01,"4,83,000","3,76,78,200.00",142,"3,24,000",67.08
FIDEL,SM,24-04-2023,80.4,84.0,90.1,78.5,81.85,81.85,84.76,"1,80,000","1,52,56,500.00",59,"1,05,000",58.33
FIDEL,SM,25-04-2023,81.85,79.5,80.0,75.0,79.5,77.35,77.4,"66,000","51,08,700.00",21,"39,000",59.09
FIDEL,SM,26-04-2023,77.35,77.0,80.8,76.4,78.0,77.25,77.21,"30,000","23,16,300.00",10,"18,000",60.0
FIDEL,SM,27-04-2023,77.25,72.2,77.95,72.2,74.55,74.55,74.71,"15,000","11,20,650.00",5,"9,000",60.0
FIDEL,SM,28-04-2023,74.55,77.8,80.0,77.8,80.0,80.0,78.88,"18,000","14,19,900.00",6,"15,000",83.33
FIDEL,SM,02-05-2023,80.0,75.0,80.0,75.0,79.9,79.9,78.29,"24,000","18,79,050.00",8,"12,000",50.0
FIDEL,SM,03-05-2023,79.9,80.0,80.1,77.0,77.05,77.05,78.48,"39,000","30,60,750.00",13,"21,000",53.85
FIDEL,SM,04-05-2023,77.05,77.0,78.8,75.0,78.8,78.8,77.9,"39,000","30,38,250.00",11,"36,000",92.31
FIDEL,SM,05-05-2023,78.8,74.05,80.0,74.0,79.7,78.4,79.21,"63,000","49,90,350.00",12,"51,000",80.95
FIDEL,SM,08-05-2023,78.4,75.15,76.0,75.15,76.0,76.0,75.38,"12,000","9,04,500.00",4,"9,000",75.0
FIDEL,SM,10-05-2023,76.0,75.0,75.0,75.0,75.0,75.0,75.0,"3,000","2,25,000.00",1,"3,000",100.0
FIDEL,SM,11-05-2023,75.0,74.0,76.45,74.0,76.45,76.45,75.11,"12,000","9,01,350.00",4,"9,000",75.0
FIDEL,SM,12-05-2023,76.45,73.5,73.5,73.5,73.5,73.5,73.5,"3,000","2,20,500.00",1,"3,000",100.0
FIDEL,SM,15-05-2023,73.5,75.0,75.9,73.55,75.9,75.9,74.61,"12,000","8,95,350.00",4,"6,000",50.0
FIDEL,SM,16-05-2023,75.9,75.9,77.45,75.9,76.0,76.0,76.64,"21,000","16,09,500.00",7,"21,000",100.0
FIDEL,SM,17-05-2023,76.0,76.2,78.0,76.1,76.1,76.1,76.8,"18,000","13,82,400.00",6,"18,000",100.0
FIDEL,SM,18-05-2023,76.1,76.2,78.0,72.6,72.6,72.85,75.79,"42,000","31,83,300.00",14,"36,000",85.71
FIDEL,SM,19-05-2023,72.85,72.6,72.6,69.0,72.2,72.2,70.77,"84,000","59,44,950.00",28,"48,000",57.14
FIDEL,SM,22-05-2023,72.2,75.0,75.0,71.0,73.8,73.5,72.76,"42,000","30,55,950.00",14,"30,000",71.43
FIDEL,SM,23-05-2023,73.5,74.2,75.95,72.0,73.0,73.0,73.82,"54,000","39,86,250.00",17,"39,000",72.22
FIDEL,SM,24-05-2023,73.0,74.0,74.0,71.25,73.55,73.45,72.79,"27,000","19,65,450.00",9,"18,000",66.67
FIDEL,SM,25-05-2023,73.45,75.65,75.65,73.15,75.45,74.55,75.08,"18,000","13,51,500.00",6,"9,000",50.0
FIDEL,SM,26-05-2023,74.55,75.0,75.0,72.8,72.8,73.9,73.9,"6,000","4,43,400.00",2,"6,000",100.0
FIDEL,SM,29-05-2023,73.9,70.35,77.0,70.0,77.0,77.0,73.11,"81,000","59,21,700.00",26,"45,000",55.56
FIDEL,SM,31-05-2023,77.0,73.65,74.15,73.65,74.15,74.15,73.9,"6,000","4,43,400.00",2,"3,000",50.0
FIDEL,SM,01-06-2023,74.15,74.15,74.15,74.15,74.15,74.15,74.15,"6,000","4,44,900.00",1,"6,000",100.0
FIDEL,SM,02-06-2023,74.15,75.0,75.0,74.0,75.0,75.0,74.27,"24,000","17,82,450.00",7,"18,000",75.0
FIDEL,SM,05-06-2023,75.0,75.5,75.5,73.45,73.45,73.45,74.86,"12,000","8,98,350.00",3,"12,000",100.0
FIDEL,SM,06-06-2023,73.45,74.5,74.5,73.5,73.5,73.5,74.0,"6,000","4,44,000.00",2,"3,000",50.0
FIDEL,SM,07-06-2023,73.5,73.6,77.75,73.6,74.1,74.1,74.56,"42,000","31,31,700.00",14,"27,000",64.29
FIDEL,SM,08-06-2023,74.1,75.0,75.9,72.65,75.0,75.0,74.69,"45,000","33,61,050.00",12,"42,000",93.33
FIDEL,SM,09-06-2023,75.0,75.0,76.2,74.5,75.0,75.0,75.39,"39,000","29,40,150.00",13,"30,000",76.92
FIDEL,SM,12-06-2023,75.0,75.0,78.0,75.0,75.0,75.0,76.24,"54,000","41,17,200.00",16,"48,000",88.89
FIDEL,SM,14-06-2023,75.0,77.0,85.7,76.55,82.35,82.8,82.7,"1,23,000","1,01,71,650.00",41,"75,000",60.98
FIDEL,SM,15-06-2023,82.8,85.7,95.9,84.65,94.75,94.1,88.79,"2,67,000","2,37,05,850.00",88,"1,59,000",59.55
FIDEL,SM,16-06-2023,94.1,94.0,104.65,91.0,93.5,92.35,97.36,"1,86,000","1,81,08,900.00",62,"1,05,000",56.45
FIDEL,SM,19-06-2023,92.35,92.0,92.0,87.0,89.95,89.95,89.13,"36,000","32,08,800.00",12,"24,000",66.67
FIDEL,SM,20-06-2023,89.95,90.5,96.5,88.25,90.0,89.3,91.41,"51,000","46,61,850.00",17,"33,000",64.71
FIDEL,SM,21-06-2023,89.3,92.8,92.85,90.1,91.0,90.55,91.73,"18,000","16,51,050.00",6,"12,000",66.67
FIDEL,SM,22-06-2023,90.55,92.0,92.0,89.25,89.25,89.25,90.42,"9,000","8,13,750.00",3,"6,000",66.67
FIDEL,SM,23-06-2023,89.25,90.0,90.0,90.0,90.0,90.0,90.0,"3,000","2,70,000.00",1,"3,000",100.0
FIDEL,SM,27-06-2023,90.0,86.1,86.6,84.05,84.05,84.5,85.35,"96,000","81,93,750.00",13,"84,000",87.5
FIDEL,SM,28-06-2023,84.5,82.6,91.5,81.5,91.5,91.5,84.93,"18,000","15,28,650.00",6,"15,000",83.33
FIDEL,SM,30-06-2023,91.5,88.8,89.0,88.0,89.0,88.5,88.53,"15,000","13,27,950.00",5,"12,000",80.0
FIDEL,SM,04-07-2023,88.5,85.4,86.5,85.05,86.5,86.5,85.65,"9,000","7,70,850.00",3,"6,000",66.67
FIDEL,SM,05-07-2023,86.5,86.6,86.65,84.0,84.1,84.1,85.5,"30,000","25,65,000.00",10,"24,000",80.0
FIDEL,SM,06-07-2023,84.1,84.75,84.75,84.75,84.75,84.75,84.75,"3,000","2,54,250.00",1,"3,000",100.0
FIDEL,SM,07-07-2023,84.75,85.75,85.75,84.2,84.2,84.5,84.8,"15,000","12,72,000.00",5,"9,000",60.0
FIDEL,SM,11-07-2023,84.5,85.0,85.0,85.0,85.0,85.0,85.0,"3,000","2,55,000.00",1,"3,000",100.0
FIDEL,SM,12-07-2023,85.0,84.0,84.0,84.0,84.0,84.0,84.0,"12,000","10,08,000.00",4,"12,000",100.0
FIDEL,SM,13-07-2023,84.0,84.95,88.0,84.0,84.0,84.0,86.16,"18,000","15,50,850.00",6,"12,000",66.67
FIDEL,SM,14-07-2023,84.0,84.0,84.0,84.0,84.0,84.0,84.0,"3,000","2,52,000.00",1,"3,000",100.0
FIDEL,SM,17-07-2023,84.0,87.4,100.8,87.4,93.0,92.75,93.33,"2,55,000","2,37,99,300.00",77,"93,000",36.47
FIDEL,SM,18-07-2023,92.75,93.0,93.0,90.0,91.85,91.85,91.25,"12,000","10,95,000.00",4,"12,000",100.0
FIDEL,SM,19-07-2023,91.85,91.65,94.7,91.65,94.7,94.7,93.08,"24,000","22,33,950.00",8,"15,000",62.5
FIDEL,SM,20-07-2023,94.7,94.7,94.7,93.0,93.0,93.0,93.58,"24,000","22,45,950.00",8,"15,000",62.5
FIDEL,SM,21-07-2023,93.0,88.5,88.5,88.5,88.5,88.5,88.5,"6,000","5,31,000.00",2,"6,000",100.0
FIDEL,SM,24-07-2023,88.5,88.5,92.5,87.5,92.0,92.0,90.13,"12,000","10,81,500.00",4,"9,000",75.0
FIDEL,SM,25-07-2023,92.0,90.95,90.95,89.0,89.0,89.0,89.98,"6,000","5,39,850.00",2,"3,000",50.0
FIDEL,SM,26-07-2023,89.0,89.0,89.0,89.0,89.0,89.0,89.0,"3,000","2,67,000.00",1,"3,000",100.0
FIDEL,SM,27-07-2023,89.0,89.0,89.0,85.5,85.5,85.5,86.63,"12,000","10,39,500.00",4,"12,000",100.0
FIDEL,SM,31-07-2023,85.5,85.5,90.5,84.5,90.5,86.8,86.48,"12,000","10,37,700.00",4,"12,000",100.0
FIDEL,SM,01-08-2023,86.8,93.95,97.95,91.55,97.95,96.25,94.56,"81,000","76,59,750.00",26,"63,000",77.78
FIDEL,SM,02-08-2023,96.25,96.5,97.95,92.0,92.0,92.0,94.89,"36,000","34,15,950.00",12,"27,000",75.0
FIDEL,SM,03-08-2023,92.0,92.0,92.5,88.0,89.1,89.1,90.11,"24,000","21,62,550.00",8,"15,000",62.5
FIDEL,SM,04-08-2023,89.1,89.0,92.25,89.0,92.25,92.25,91.05,"9,000","8,19,450.00",3,"9,000",100.0
FIDEL,SM,07-08-2023,92.25,92.0,93.8,91.5,93.8,93.6,92.62,"21,000","19,45,050.00",7,"18,000",85.71
FIDEL,SM,08-08-2023,93.6,94.0,94.0,94.0,94.0,94.0,94.0,"3,000","2,82,000.00",1,"3,000",100.0
FIDEL,SM,09-08-2023,94.0,89.1,89.5,89.1,89.5,89.5,89.3,"6,000","5,35,800.00",2,"3,000",50.0
FIDEL,SM,10-08-2023,89.5,89.5,92.5,89.0,92.5,92.5,90.0,"15,000","13,50,000.00",5,"12,000",80.0
FIDEL,SM,11-08-2023,92.5,89.0,89.85,89.0,89.85,89.4,89.28,"9,000","8,03,550.00",3,"9,000",100.0
FIDEL,SM,14-08-2023,89.4,89.4,90.5,89.05,89.05,89.05,89.65,"9,000","8,06,850.00",3,"9,000",100.0
FIDEL,SM,16-08-2023,89.05,90.0,92.0,90.0,90.0,90.0,90.67,"9,000","8,16,000.00",3,"9,000",100.0
FIDEL,SM,17-08-2023,90.0,90.0,92.0,88.55,88.55,88.55,90.38,"27,000","24,40,350.00",9,"24,000",88.89
FIDEL,SM,18-08-2023,88.55,91.0,92.0,88.0,91.5,91.5,91.04,"27,000","24,58,050.00",9,"15,000",55.56
FIDEL,SM,21-08-2023,91.5,86.15,93.0,86.15,91.0,91.0,90.15,"33,000","29,74,950.00",11,"21,000",63.64
FIDEL,SM,22-08-2023,91.0,93.5,98.0,93.0,93.0,93.0,94.64,"42,000","39,75,000.00",14,"33,000",78.57
FIDEL,SM,23-08-2023,93.0,94.0,94.0,94.0,94.0,94.0,94.0,"6,000","5,64,000.00",2,"6,000",100.0
FIDEL,SM,24-08-2023,94.0,94.9,94.9,88.05,88.05,90.15,90.84,"21,000","19,07,550.00",7,"18,000",85.71
FIDEL,SM,25-08-2023,90.15,89.05,92.5,89.05,90.15,90.15,90.21,"12,000","10,82,550.00",4,"6,000",50.0
FIDEL,SM,28-08-2023,90.15,91.0,91.0,91.0,91.0,91.0,91.0,"6,000","5,46,000.00",2,"6,000",100.0
FIDEL,SM,29-08-2023,91.0,94.0,101.0,93.35,98.1,96.7,96.73,"81,000","78,35,100.00",27,"51,000",62.96
FIDEL,SM,30-08-2023,96.7,98.0,98.0,94.35,94.75,95.85,96.39,"36,000","34,70,100.00",11,"18,000",50.0
FIDEL,SM,31-08-2023,95.85,96.7,97.0,95.0,95.0,95.0,96.23,"9,000","8,66,100.00",3,"9,000",100.0
FIDEL,SM,01-09-2023,95.0,93.1,96.35,93.05,95.4,95.4,94.74,"21,000","19,89,450.00",7,"18,000",85.71
FIDEL,SM,05-09-2023,95.4,97.0,100.0,96.55,100.0,99.3,97.95,"51,000","49,95,300.00",17,"39,000",76.47
FIDEL,SM,06-09-2023,99.3,104.0,119.15,104.0,119.15,119.15,112.74,"2,04,000","2,29,98,900.00",65,"1,23,000",60.29
FIDEL,SM,07-09-2023,119.15,126.7,130.0,115.0,117.6,118.0,122.45,"1,02,000","1,24,90,350.00",34,"57,000",55.88
FIDEL,SM,08-09-2023,118.0,119.0,119.0,109.0,112.75,112.75,115.09,"36,000","41,43,150.00",12,"30,000",83.33
FIDEL,SM,11-09-2023,112.75,110.1,110.1,104.0,105.0,105.0,106.56,"27,000","28,77,150.00",9,"18,000",66.67
FIDEL,SM,12-09-2023,105.0,104.1,111.5,100.0,105.0,105.0,103.68,"84,000","87,09,000.00",28,"45,000",53.57
FIDEL,SM,13-09-2023,105.0,102.3,104.95,100.55,102.55,102.55,102.27,"15,000","15,34,050.00",5,"15,000",100.0
FIDEL,SM,14-09-2023,102.55,105.0,105.0,104.0,105.0,105.0,104.75,"12,000","12,57,000.00",4,"12,000",100.0
FIDEL,SM,15-09-2023,105.0,108.6,111.0,106.3,106.3,106.3,108.21,"15,000","16,23,150.00",5,"9,000",60.0
FIDEL,SM,18-09-2023,106.3,111.0,114.0,110.0,110.0,110.0,112.08,"27,000","30,26,250.00",9,"18,000",66.67
FIDEL,SM,20-09-2023,110.0,112.2,113.0,112.2,113.0,113.0,112.52,"15,000","16,87,800.00",5,"12,000",80.0
FIDEL,SM,21-09-2023,113.0,111.75,112.0,109.0,110.0,110.0,111.06,"27,000","29,98,500.00",9,"21,000",77.78
FIDEL,SM,22-09-2023,110.0,107.0,110.1,107.0,110.1,110.1,107.9,"12,000","12,94,800.00",4,"9,000",75.0
FIDEL,SM,25-09-2023,110.1,110.1,118.95,110.1,116.1,116.5,115.69,"51,000","58,99,950.00",17,"21,000",41.18
FIDEL,SM,26-09-2023,116.5,116.05,117.05,116.05,117.0,117.0,116.7,"9,000","10,50,300.00",3,"9,000",100.0
FIDEL,SM,27-09-2023,117.0,116.6,117.0,116.6,117.0,117.0,116.83,"9,000","10,51,500.00",3,"6,000",66.67
FIDEL,SM,28-09-2023,117.0,114.05,114.05,114.0,114.0,114.0,114.03,"6,000","6,84,150.00",2,"6,000",100.0
FIDEL,SM,29-09-2023,114.0,114.0,114.0,114.0,114.0,114.0,114.0,"3,000","3,42,000.00",1,"3,000",100.0
FIDEL,SM,03-10-2023,114.0,114.0,114.0,112.1,112.1,112.1,112.87,"9,000","10,15,800.00",3,"9,000",100.0
FIDEL,SM,04-10-2023,112.1,112.1,112.1,110.0,111.1,111.1,110.94,"15,000","16,64,100.00",5,"12,000",80.0
FIDEL,SM,05-10-2023,111.1,112.0,117.0,112.0,117.0,116.75,115.17,"9,000","10,36,500.00",3,"9,000",100.0
FIDEL,SM,06-10-2023,116.75,117.0,117.0,117.0,117.0,117.0,117.0,"3,000","3,51,000.00",1,"3,000",100.0
FIDEL,SM,09-10-2023,117.0,116.0,120.0,116.0,120.0,120.0,118.59,"15,000","17,78,850.00",5,"15,000",100.0
FIDEL,SM,10-10-2023,120.0,120.0,120.0,119.95,119.95,119.95,119.98,"6,000","7,19,850.00",2,"3,000",50.0
FIDEL,SM,11-10-2023,119.95,122.0,137.7,122.0,130.0,130.0,128.6,"96,000","1,23,46,050.00",15,"81,000",84.38
FIDEL,SM,12-10-2023,130.0,133.1,136.95,129.6,136.95,133.45,132.14,"21,000","27,74,850.00",7,"18,000",85.71
FIDEL,SM,13-10-2023,133.45,128.0,128.0,128.0,128.0,128.0,128.0,"6,000","7,68,000.00",2,"6,000",100.0
FIDEL,SM,16-10-2023,128.0,127.0,127.0,127.0,127.0,127.0,127.0,"3,000","3,81,000.00",1,"3,000",100.0
FIDEL,SM,17-10-2023,127.0,130.0,130.1,130.0,130.1,130.1,130.07,"18,000","23,41,200.00",6,"18,000",100.0
FIDEL,SM,20-10-2023,130.1,130.1,130.1,130.1,130.1,130.1,130.1,"30,000","39,03,000.00",3,"30,000",100.0
FIDEL,SM,23-10-2023,130.1,133.0,135.5,130.6,130.6,130.6,132.9,"21,000","27,90,900.00",7,"18,000",85.71
FIDEL,SM,25-10-2023,130.6,135.0,135.0,130.0,130.0,130.0,132.5,"6,000","7,95,000.00",2,"3,000",50.0
FIDEL,SM,26-10-2023,130.0,126.75,126.75,123.8,123.9,123.9,124.61,"12,000","14,95,350.00",4,"12,000",100.0
FIDEL,SM,27-10-2023,123.9,128.95,129.0,120.0,124.5,124.5,123.06,"24,000","29,53,500.00",8,"18,000",75.0
FIDEL,SM,30-10-2023,124.5,124.5,127.5,123.0,127.5,127.5,124.92,"6,000","7,49,500.00",6,"6,000",100.0
FIDEL,SM,31-10-2023,127.5,127.0,127.0,117.0,117.0,118.5,120.26,"22,000","26,45,800.00",18,"18,000",81.82
FIDEL,SM,01-11-2023,118.5,115.55,119.85,112.0,112.4,112.4,114.21,"10,000","11,42,100.00",10,"8,000",80.0
FIDEL,SM,02-11-2023,112.4,118.0,118.0,112.0,112.0,112.0,113.53,"4,000","4,54,100.00",4,"4,000",100.0
FIDEL,SM,03-11-2023,112.0,114.0,122.0,114.0,122.0,122.0,117.77,"12,000","14,13,200.00",12,"12,000",100.0
FIDEL,SM,06-11-2023,122.0,122.0,122.0,116.0,116.0,116.85,118.56,"6,000","7,11,350.00",6,"5,000",83.33
FIDEL,SM,07-11-2023,116.85,117.0,117.0,114.8,115.8,115.8,116.01,"6,000","6,96,050.00",5,"6,000",100.0
FIDEL,SM,08-11-2023,115.8,115.8,118.3,115.8,118.3,118.25,117.45,"3,000","3,52,350.00",3,"3,000",100.0
FIDEL,SM,09-11-2023,118.25,119.15,119.7,118.0,118.0,118.0,119.24,"7,000","8,34,700.00",7,"7,000",100.0
FIDEL,SM,10-11-2023,118.0,118.0,120.0,116.0,116.0,116.0,117.51,"7,000","8,22,600.00",7,"7,000",100.0
FIDEL,SM,13-11-2023,116.0,116.0,116.0,112.3,114.1,114.1,114.96,"11,000","12,64,600.00",8,"11,000",100.0
FIDEL,SM,15-11-2023,114.1,113.5,118.0,113.5,118.0,118.0,116.33,"3,000","3,49,000.00",3,"2,000",66.67
FIDEL,SM,16-11-2023,118.0,118.0,118.0,118.0,118.0,118.0,118.0,"1,000","1,18,000.00",1,"1,000",100.0
FIDEL,SM,17-11-2023,118.0,118.95,118.95,116.0,116.0,116.0,117.8,"3,000","3,53,400.00",3,"3,000",100.0
FIDEL,SM,20-11-2023,116.0,117.35,117.35,112.0,112.0,113.5,114.19,"8,000","9,13,500.00",8,"7,000",87.5
FIDEL,SM,21-11-2023,113.5,118.45,118.45,118.45,118.45,118.45,118.45,"1,000","1,18,450.00",1,"1,000",100.0
FIDEL,SM,22-11-2023,118.45,120.0,120.0,117.1,117.1,117.1,118.45,"5,000","5,92,250.00",5,"4,000",80.0
FIDEL,SM,23-11-2023,117.1,117.1,117.1,117.1,117.1,117.1,117.1,"1,000","1,17,100.00",1,"1,000",100.0
FIDEL,SM,24-11-2023,117.1,117.1,117.1,117.0,117.0,117.0,117.05,"2,000","2,34,100.00",2,"1,000",50.0
FIDEL,SM,28-11-2023,117.0,113.1,113.1,113.05,113.05,113.05,113.08,"2,000","2,26,150.00",2,"2,000",100.0
FIDEL,SM,29-11-2023,113.05,113.0,113.0,113.0,113.0,113.0,113.0,"1,000","1,13,000.00",1,"1,000",100.0
FIDEL,SM,01-12-2023,113.0,113.05,113.05,113.05,113.05,113.05,113.05,"1,000","1,13,050.00",1,"1,000",100.0
FIDEL,SM,04-12-2023,113.05,113.5,113.5,113.5,113.5,113.5,113.5,"1,000","1,13,500.00",1,"1,000",100.0
FIDEL,SM,05-12-2023,113.5,111.0,119.5,111.0,119.5,119.5,115.25,"2,000","2,30,500.00",2,"2,000",100.0
FIDEL,SM,06-12-2023,119.5,108.0,112.5,107.0,112.5,112.0,109.46,"10,000","10,94,600.00",10,"8,000",80.0
FIDEL,SM,07-12-2023,112.0,124.0,124.0,111.0,114.75,112.1,114.2,"23,000","26,26,550.00",20,"19,000",82.61
FIDEL,SM,08-12-2023,112.1,112.0,114.95,108.2,114.85,114.85,111.94,"12,000","13,43,300.00",12,"10,000",83.33
FIDEL,SM,11-12-2023,114.85,107.5,114.5,107.45,114.5,113.3,111.76,"8,000","8,94,050.00",8,"5,000",62.5
FIDEL,SM,12-12-2023,113.3,110.05,115.0,109.0,113.95,110.8,110.98,"20,000","22,19,500.00",18,"16,000",80.0
FIDEL,SM,13-12-2023,110.8,109.1,109.1,109.1,109.1,109.1,109.1,"1,000","1,09,100.00",1,"1,000",100.0
FIDEL,SM,14-12-2023,109.1,113.0,113.0,105.2,110.0,108.35,108.02,"23,000","24,84,350.00",21,"20,000",86.96
FIDEL,SM,15-12-2023,108.35,108.35,108.35,108.1,108.1,108.1,108.31,"6,000","6,49,850.00",6,"5,000",83.33
FIDEL,SM,18-12-2023,108.1,109.0,109.0,105.0,105.1,105.1,106.47,"7,000","7,45,300.00",7,"5,000",71.43
FIDEL,SM,19-12-2023,105.1,105.1,112.0,105.1,111.65,111.65,110.19,"4,000","4,40,750.00",4,"3,000",75.0
FIDEL,SM,20-12-2023,111.65,107.0,107.0,105.1,105.1,105.85,106.07,"5,000","5,30,350.00",5,"5,000",100.0
FIDEL,SM,21-12-2023,105.85,100.5,109.9,100.5,105.5,105.75,105.93,"6,000","6,35,550.00",6,"5,000",83.33
FIDEL,SM,22-12-2023,105.75,105.0,106.1,105.0,106.1,106.1,105.74,"8,000","8,45,950.00",5,"8,000",100.0
FIDEL,SM,26-12-2023,106.1,108.0,115.0,108.0,108.0,109.0,111.16,"21,000","23,34,400.00",21,"16,000",76.19
FIDEL,SM,28-12-2023,109.0,112.95,113.5,112.75,113.5,113.0,112.96,"7,000","7,90,700.00",7,"7,000",100.0
FIDEL,SM,29-12-2023,113.0,110.0,110.95,107.5,110.0,110.45,109.19,"5,000","5,45,950.00",5,"4,000",80.0
FIDEL,SM,01-01-2024,110.45,109.25,110.0,109.25,110.0,110.0,109.63,"2,000","2,19,250.00",2,"2,000",100.0
FIDEL,SM,02-01-2024,110.0,108.25,108.25,108.0,108.1,108.1,108.11,"4,000","4,32,450.00",4,"4,000",100.0
FIDEL,SM,03-01-2024,108.1,106.5,107.1,101.35,107.1,107.1,104.78,"11,000","11,52,600.00",11,"9,000",81.82
FIDEL,SM,04-01-2024,107.1,107.5,109.65,107.0,109.65,109.65,108.96,"7,000","7,62,750.00",7,"7,000",100.0
FIDEL,SM,05-01-2024,109.65,111.0,111.0,107.1,109.95,109.95,110.06,"9,000","9,90,500.00",9,"7,000",77.78
FIDEL,SM,08-01-2024,109.95,109.9,109.95,104.1,105.8,105.8,108.52,"20,000","21,70,300.00",18,"17,000",85.0
FIDEL,SM,09-01-2024,105.8,110.55,116.7,110.0,113.0,113.0,112.99,"18,000","20,33,750.00",18,"14,000",77.78
FIDEL,SM,10-01-2024,113.0,115.0,125.0,114.05,121.95,121.6,120.61,"61,000","73,57,150.00",57,"43,000",70.49
FIDEL,SM,11-01-2024,121.6,129.45,145.9,129.4,145.9,145.9,141.32,"2,20,000","3,10,91,100.00",182,"1,32,000",60.0
FIDEL,SM,12-01-2024,145.9,149.95,149.95,132.0,134.5,134.45,138.12,"83,000","1,14,63,800.00",81,"60,000",72.29
FIDEL,SM,15-01-2024,134.45,134.45,134.45,126.35,130.55,130.55,131.56,"21,000","27,62,800.00",21,"15,000",71.43
FIDEL,SM,16-01-2024,130.55,129.3,129.35,122.0,122.0,122.65,124.56,"24,000","29,89,450.00",24,"19,000",79.17
FIDEL,SM,17-01-2024,122.65,126.65,126.65,115.0,119.75,118.5,118.66,"37,000","43,90,400.00",35,"27,000",72.97
FIDEL,SM,18-01-2024,118.5,119.75,132.7,119.75,126.0,125.65,126.24,"24,000","30,29,700.00",24,"18,000",75.0
FIDEL,SM,19-01-2024,125.65,129.9,129.9,123.15,124.15,124.15,125.98,"16,000","20,15,750.00",16,"13,000",81.25
FIDEL,SM,20-01-2024,124.15,123.0,123.1,119.5,119.5,119.5,122.0,"13,000","15,86,000.00",13,"10,000",76.92
FIDEL,SM,23-01-2024,119.5,121.0,124.75,119.0,119.0,119.25,121.01,"13,000","15,73,100.00",13,"12,000",92.31
FIDEL,SM,24-01-2024,119.25,120.0,120.0,116.55,119.0,118.7,118.74,"9,000","10,68,650.00",8,"8,000",88.89
FIDEL,SM,25-01-2024,118.7,120.0,123.4,120.0,121.5,121.5,121.26,"16,000","19,40,200.00",15,"12,000",75.0
FIDEL,SM,29-01-2024,121.5,121.5,121.5,119.0,121.0,121.0,119.86,"14,000","16,78,100.00",11,"7,000",50.0
FIDEL,SM,30-01-2024,121.0,121.0,123.0,118.0,122.0,122.0,121.14,"7,000","8,48,000.00",7,"6,000",85.71
FIDEL,SM,31-01-2024,122.0,122.5,122.5,117.1,118.75,118.75,119.26,"9,000","10,73,300.00",9,"7,000",77.78
FIDEL,SM,01-02-2024,118.75,124.0,125.0,118.05,118.05,118.05,122.04,"5,000","6,10,200.00",5,"4,000",80.0
FIDEL,SM,02-02-2024,118.05,119.5,124.7,118.0,118.4,118.15,119.44,"20,000","23,88,850.00",19,"17,000",85.0
FIDEL,SM,05-02-2024,118.15,122.0,122.0,119.0,119.0,119.0,119.98,"15,000","17,99,750.00",12,"14,000",93.33
FIDEL,SM,06-02-2024,119.0,122.5,122.6,114.05,118.6,118.6,118.11,"18,000","21,25,900.00",17,"10,000",55.56
FIDEL,SM,07-02-2024,118.6,118.6,118.6,114.5,114.5,114.5,115.84,"8,000","9,26,700.00",7,"8,000",100.0
FIDEL,SM,08-02-2024,114.5,115.0,120.0,115.0,115.5,115.8,117.93,"14,000","16,50,950.00",13,"13,000",92.86
FIDEL,SM,09-02-2024,115.8,115.5,116.0,112.25,112.25,112.25,114.18,"7,000","7,99,250.00",7,"7,000",100.0
FIDEL,SM,12-02-2024,112.25,108.05,112.25,108.05,112.25,112.25,110.52,"5,000","5,52,600.00",5,"5,000",100.0
FIDEL,SM,13-02-2024,112.25,108.1,113.0,108.1,110.05,110.05,110.34,"5,000","5,51,700.00",5,"3,000",60.0
FIDEL,SM,14-02-2024,110.05,110.05,114.2,110.05,113.95,113.95,113.05,"4,000","4,52,200.00",4,"4,000",100.0
FIDEL,SM,16-02-2024,113.95,115.05,116.2,115.0,115.0,115.0,115.68,"7,000","8,09,750.00",7,"4,000",57.14
FIDEL,SM,19-02-2024,115.0,113.6,115.95,110.5,115.85,115.85,114.17,"7,000","7,99,200.00",7,"5,000",71.43
FIDEL,SM,20-02-2024,115.85,115.5,115.85,115.5,115.85,115.85,115.68,"2,000","2,31,350.00",2,"2,000",100.0
FIDEL,SM,21-02-2024,115.85,114.0,116.45,108.35,114.95,113.5,112.65,"13,000","14,64,400.00",13,"7,000",53.85
FIDEL,SM,22-02-2024,113.5,109.05,112.3,109.05,111.0,110.8,111.05,"12,000","13,32,550.00",12,"10,000",83.33
FIDEL,SM,23-02-2024,110.8,111.55,124.9,111.55,120.0,120.0,120.47,"33,000","39,75,550.00",32,"22,000",66.67
FIDEL,SM,26-02-2024,120.0,120.0,120.0,116.05,116.1,116.1,117.89,"12,000","14,14,650.00",12,"11,000",91.67
FIDEL,SM,27-02-2024,116.1,118.0,118.0,116.8,116.8,116.8,117.4,"2,000","2,34,800.00",2,"2,000",100.0
FIDEL,SM,28-02-2024,116.8,115.0,119.5,113.0,113.0,113.0,115.34,"16,000","18,45,500.00",12,"9,000",56.25
FIDEL,SM,29-02-2024,113.0,115.0,115.0,111.05,111.05,111.05,113.03,"2,000","2,26,050.00",2,"2,000",100.0
FIDEL,SM,01-03-2024,111.05,113.0,113.45,113.0,113.45,113.45,113.23,"2,000","2,26,450.00",2,"2,000",100.0
FIDEL,SM,04-03-2024,113.45,112.5,116.2,112.5,113.6,113.6,113.42,"9,000","10,20,800.00",9,"6,000",66.67
FIDEL,SM,05-03-2024,113.6,111.15,112.0,111.15,112.0,112.0,111.83,"5,000","5,59,150.00",3,"5,000",100.0
FIDEL,SM,06-03-2024,112.0,110.0,111.6,108.65,110.0,110.0,110.14,"17,000","18,72,450.00",16,"12,000",70.59
FIDEL,SM,07-03-2024,110.0,111.0,111.0,108.3,109.9,109.35,109.49,"18,000","19,70,900.00",15,"11,000",61.11
FIDEL,SM,11-03-2024,109.35,110.5,110.5,109.35,109.35,109.35,109.73,"3,000","3,29,200.00",3,"3,000",100.0
FIDEL,SM,12-03-2024,109.35,108.0,108.85,105.0,105.0,105.0,106.97,"5,000","5,34,850.00",5,"5,000",100.0
FIDEL,SM,13-03-2024,105.0,101.2,105.0,86.2,97.0,98.0,94.57,"34,000","32,15,400.00",27,"25,000",73.53
FIDEL,SM,14-03-2024,98.0,90.0,90.0,90.0,90.0,90.0,90.0,"1,000","90,000.00",1,"1,000",100.0
FIDEL,SM,15-03-2024,90.0,90.0,107.9,90.0,107.9,107.9,101.6,"6,000","6,09,600.00",6,"5,000",83.33
FIDEL,SM,18-03-2024,107.9,115.0,127.0,107.9,113.0,113.0,118.67,"65,000","77,13,250.00",59,"25,000",38.46
FIDEL,SM,19-03-2024,113.0,112.95,112.95,108.05,112.8,112.8,109.67,"14,000","15,35,400.00",13,"12,000",85.71
FIDEL,SM,20-03-2024,112.8,121.95,121.95,115.0,115.0,115.0,117.27,"11,000","12,89,950.00",11,"7,000",63.64
FIDEL,SM,21-03-2024,115.0,116.55,116.55,114.0,114.0,114.0,115.76,"4,000","4,63,050.00",4,"4,000",100.0
FIDEL,SM,22-03-2024,114.0,114.0,115.0,112.0,112.0,112.0,113.67,"3,000","3,41,000.00",3,"3,000",100.0
FIDEL,SM,26-03-2024,112.0,118.65,118.65,113.55,118.0,117.65,117.74,"9,000","10,59,650.00",7,"5,000",55.56
FIDEL,SM,27-03-2024,117.65,118.0,118.0,112.0,112.0,112.0,114.72,"5,000","5,73,600.00",5,"5,000",100.0
FIDEL,SM,28-03-2024,112.0,113.0,113.0,112.05,112.05,112.05,112.53,"2,000","2,25,050.00",2,"2,000",100.0
FIDEL,SM,01-04-2024,112.05,118.9,118.9,112.05,114.95,114.95,114.51,"4,000","4,58,050.00",4,"2,000",50.0
FIDEL,SM,02-04-2024,114.95,119.45,119.45,114.0,118.0,117.9,117.41,"10,000","11,74,100.00",10,"5,000",50.0
FIDEL,SM,03-04-2024,117.9,115.85,115.85,106.0,107.3,107.65,109.91,"40,000","43,96,350.00",35,"29,000",72.5
FIDEL,SM,04-04-2024,107.65,111.0,113.0,109.0,109.0,109.0,110.84,"8,000","8,86,750.00",6,"8,000",100.0
FIDEL,SM,05-04-2024,109.0,109.0,109.0,109.0,109.0,109.0,109.0,"1,000","1,09,000.00",1,"1,000",100.0
FIDEL,SM,09-04-2024,109.0,109.0,111.0,109.0,111.0,111.0,110.0,"2,000","2,20,000.00",2,"2,000",100.0
FIDEL,SM,10-04-2024,111.0,114.25,115.0,114.0,114.6,114.6,114.46,"4,000","4,57,850.00",4,"3,000",75.0
FIDEL,SM,15-04-2024,114.6,113.0,113.0,111.0,111.0,111.0,112.71,"7,000","7,89,000.00",4,"7,000",100.0
FIDEL,SM,16-04-2024,111.0,108.0,109.0,107.5,109.0,109.0,108.13,"4,000","4,32,500.00",4,"3,000",75.0
FIDEL,SM,18-04-2024,109.0,111.0,111.0,107.25,107.25,107.25,108.33,"6,000","6,50,000.00",6,"5,000",83.33
FIDEL,SM,19-04-2024,107.25,110.0,112.8,110.0,112.8,112.75,111.59,"7,000","7,81,100.00",5,"7,000",100.0
FIDEL,SM,22-04-2024,112.75,106.0,113.0,106.0,109.1,109.1,110.26,"7,000","7,71,800.00",7,"6,000",85.71
FIDEL,SM,23-04-2024,109.1,112.8,112.9,109.1,109.1,109.1,111.6,"3,000","3,34,800.00",3,"3,000",100.0
FIDEL,SM,24-04-2024,109.1,107.15,110.0,107.15,110.0,109.0,108.34,"5,000","5,41,700.00",5,"3,000",60.0
FIDEL,SM,25-04-2024,109.0,110.5,110.5,110.5,110.5,110.5,110.5,"1,000","1,10,500.00",1,"1,000",100.0
FIDEL,SM,29-04-2024,110.5,109.0,111.0,108.0,109.3,109.3,109.44,"6,000","6,56,650.00",6,"6,000",100.0
FIDEL,SM,02-05-2024,109.3,110.0,112.95,110.0,110.0,110.0,111.18,"5,000","5,55,900.00",5,"3,000",60.0
FIDEL,SM,06-05-2024,110.0,109.25,109.3,109.25,109.3,109.3,109.28,"2,000","2,18,550.00",2,"2,000",100.0
FIDEL,SM,07-05-2024,109.3,108.1,108.1,106.6,107.0,107.0,107.31,"6,000","6,43,850.00",6,"5,000",83.33
FIDEL,SM,08-05-2024,107.0,106.2,107.5,106.0,107.5,107.5,106.55,"4,000","4,26,200.00",4,"3,000",75.0
FIDEL,SM,09-05-2024,107.5,105.05,107.0,103.0,105.0,105.0,104.99,"10,000","10,49,900.00",10,"7,000",70.0
FIDEL,SM,10-05-2024,105.0,100.05,104.0,100.0,100.0,100.0,101.04,"15,000","15,15,650.00",15,"15,000",100.0
FIDEL,SM,13-05-2024,100.0,105.0,105.95,94.55,99.25,99.2,98.41,"28,000","27,55,550.00",28,"24,000",85.71
FIDEL,SM,14-05-2024,99.2,94.05,104.2,94.05,100.25,100.25,100.47,"10,000","10,04,650.00",10,"6,000",60.0
FIDEL,SM,15-05-2024,100.25,111.0,111.0,103.0,103.0,103.0,105.0,"4,000","4,20,000.00",4,"4,000",100.0
FIDEL,SM,16-05-2024,103.0,106.5,107.0,101.0,101.0,101.0,104.83,"3,000","3,14,500.00",3,"3,000",100.0
FIDEL,SM,17-05-2024,101.0,105.0,110.0,101.05,106.95,106.95,106.62,"23,000","24,52,350.00",15,"14,000",60.87
FIDEL,SM,18-05-2024,106.95,109.95,110.0,105.0,105.0,106.65,108.13,"7,000","7,56,900.00",6,"7,000",100.0
FIDEL,SM,21-05-2024,106.65,93.4,110.0,93.15,99.45,99.45,101.84,"24,000","24,44,050.00",23,"13,000",54.17
FIDEL,SM,22-05-2024,99.45,99.45,100.0,99.45,100.0,100.0,99.69,"4,000","3,98,750.00",4,"3,000",75.0
FIDEL,SM,23-05-2024,100.0,105.0,105.0,103.0,105.0,105.0,104.7,"7,000","7,32,900.00",7,"6,000",85.71
FIDEL,SM,24-05-2024,105.0,104.9,104.9,103.95,103.95,103.95,104.43,"2,000","2,08,850.00",2,"2,000",100.0
FIDEL,SM,27-05-2024,103.95,91.05,101.3,88.75,100.9,100.9,97.63,"16,000","15,62,150.00",16,"9,000",56.25
FIDEL,SM,28-05-2024,100.9,100.0,100.0,100.0,100.0,100.0,100.0,"1,000","1,00,000.00",1,"1,000",100.0
FIDEL,SM,29-05-2024,100.0,102.0,105.0,101.45,101.45,101.45,103.36,"4,000","4,13,450.00",4,"4,000",100.0
FIDEL,SM,31-05-2024,101.45,98.0,98.0,98.0,98.0,98.0,98.0,"1,000","98,000.00",1,"1,000",100.0
FIDEL,SM,03-06-2024,98.0,104.45,104.45,104.45,104.45,104.45,104.45,"1,000","1,04,450.00",1,"1,000",100.0
FIDEL,SM,05-06-2024,104.45,102.95,102.95,98.0,98.0,98.0,99.59,"5,000","4,97,950.00",5,"5,000",100.0
FIDEL,SM,06-06-2024,98.0,97.7,98.8,97.3,98.8,98.8,97.85,"4,000","3,91,400.00",4,"3,000",75.0
FIDEL,SM,07-06-2024,98.8,98.0,99.0,94.2,95.75,96.3,96.1,"48,000","46,12,650.00",39,"38,000",79.17
FIDEL,SM,10-06-2024,96.3,94.0,96.45,93.5,94.5,94.5,94.97,"20,000","18,99,400.00",16,"14,000",70.0
FIDEL,SM,11-06-2024,94.5,94.5,98.4,93.5,96.0,94.75,95.65,"12,000","11,47,850.00",11,"12,000",100.0
FIDEL,SM,12-06-2024,94.75,95.05,103.4,95.05,99.9,99.9,99.39,"7,000","6,95,700.00",7,"7,000",100.0
FIDEL,SM,13-06-2024,99.9,104.95,104.95,98.85,102.0,102.0,101.9,"15,000","15,28,450.00",14,"12,000",80.0
FIDEL,SM,14-06-2024,102.0,96.0,101.95,96.0,101.0,101.0,100.59,"30,000","30,17,600.00",16,"25,000",83.33
FIDEL,SM,18-06-2024,101.0,99.95,119.65,99.95,115.0,116.45,111.03,"85,000","94,37,600.00",75,"56,000",65.88
FIDEL,SM,19-06-2024,116.45,114.95,114.95,104.05,109.0,108.3,107.96,"17,000","18,35,300.00",17,"10,000",58.82
FIDEL,SM,20-06-2024,108.3,109.55,114.95,101.0,105.7,105.3,106.76,"51,000","54,44,850.00",44,"31,000",60.78
FIDEL,SM,21-06-2024,105.3,105.25,112.0,105.0,108.0,108.0,108.77,"19,000","20,66,550.00",19,"15,000",78.95
FIDEL,SM,24-06-2024,108.0,104.4,112.0,102.05,112.0,111.75,108.7,"20,000","21,73,950.00",19,"18,000",90.0
FIDEL,SM,25-06-2024,111.75,114.0,115.0,112.0,113.0,113.0,112.63,"67,000","75,46,200.00",29,"67,000",100.0
FIDEL,SM,26-06-2024,113.0,110.0,114.0,109.0,112.0,112.0,110.16,"56,000","61,68,950.00",18,"53,000",94.64
FIDEL,SM,27-06-2024,112.0,112.0,112.0,109.0,109.0,109.0,110.01,"12,000","13,20,150.00",11,"11,000",91.67
FIDEL,SM,28-06-2024,109.0,106.5,106.55,102.5,102.5,102.5,104.58,"12,000","12,55,000.00",12,"10,000",83.33
FIDEL,SM,01-07-2024,102.5,109.2,110.0,108.4,108.4,108.4,109.2,"3,000","3,27,600.00",3,"3,000",100.0
FIDEL,SM,02-07-2024,108.4,112.95,114.9,109.0,114.9,114.9,112.11,"31,000","34,75,500.00",24,"26,000",83.87
FIDEL,SM,03-07-2024,114.9,114.5,124.0,110.6,116.7,117.15,115.84,"8,000","9,26,700.00",8,"4,000",50.0
FIDEL,SM,04-07-2024,117.15,116.95,122.95,116.8,120.45,120.3,120.12,"23,000","27,62,850.00",23,"20,000",86.96
FIDEL,SM,05-07-2024,120.3,127.5,127.5,113.05,118.0,118.0,117.81,"27,000","31,80,950.00",22,"14,000",51.85
FIDEL,SM,08-07-2024,118.0,123.95,123.95,115.05,119.0,119.0,117.99,"17,000","20,05,750.00",15,"7,000",41.18
FIDEL,SM,09-07-2024,119.0,119.0,119.0,117.55,118.0,118.0,118.34,"6,000","7,10,050.00",6,"3,000",50.0
FIDEL,SM,10-07-2024,118.0,118.0,118.0,103.0,115.0,115.0,108.12,"10,000","10,81,150.00",10,"7,000",70.0
FIDEL,SM,11-07-2024,115.0,113.75,115.9,110.25,115.9,113.05,113.19,"11,000","12,45,100.00",5,"7,000",63.64
FIDEL,SM,12-07-2024,113.05,113.05,115.0,108.0,115.0,115.0,112.69,"8,000","9,01,500.00",6,"6,000",75.0
FIDEL,SM,15-07-2024,115.0,115.5,115.5,112.0,112.0,112.0,113.9,"11,000","12,52,950.00",8,"9,000",81.82
FIDEL,SM,16-07-2024,112.0,113.0,113.0,112.0,112.0,112.0,112.5,"2,000","2,25,000.00",2,"2,000",100.0
FIDEL,SM,18-07-2024,112.0,112.0,113.0,111.0,111.0,111.05,111.64,"8,000","8,93,100.00",8,"7,000",87.5
FIDEL,SM,19-07-2024,111.05,111.05,111.05,108.0,111.0,111.0,110.02,"3,000","3,30,050.00",3,"3,000",100.0
FIDEL,SM,22-07-2024,111.0,111.0,111.0,111.0,111.0,111.0,111.0,"1,000","1,11,000.00",1,"1,000",100.0
FIDEL,SM,23-07-2024,111.0,110.0,110.0,110.0,110.0,110.0,110.0,"3,000","3,30,000.00",2,"3,000",100.0
FIDEL,SM,24-07-2024,110.0,110.0,110.0,110.0,110.0,110.0,110.0,"3,000","3,30,000.00",3,"3,000",100.0
FIDEL,SM,25-07-2024,110.0,109.75,119.5,108.05,108.05,108.65,112.87,"19,000","21,44,550.00",11,"11,000",57.89
FIDEL,SM,26-07-2024,108.65,112.5,112.5,105.55,106.95,107.8,108.58,"23,000","24,97,450.00",17,"13,000",56.52
FIDEL,SM,29-07-2024,107.8,108.0,110.7,108.0,108.0,108.0,108.83,"8,000","8,70,600.00",8,"7,000",87.5
FIDEL,SM,30-07-2024,108.0,109.95,128.25,109.95,126.75,127.6,124.06,"2,85,000","3,53,57,350.00",246,"1,61,000",56.49
FIDEL,SM,31-07-2024,127.6,128.0,132.5,118.5,121.0,120.55,123.98,"51,000","63,23,000.00",51,"37,000",72.55
FIDEL,SM,01-08-2024,120.55,123.0,123.0,116.3,119.95,119.95,120.11,"24,000","28,82,550.00",22,"18,000",75.0
FIDEL,SM,02-08-2024,119.95,112.3,116.95,112.0,115.0,114.25,113.64,"38,000","43,18,150.00",36,"27,000",71.05
FIDEL,SM,05-08-2024,114.25,107.0,114.95,106.0,113.9,114.35,110.33,"35,000","38,61,500.00",34,"27,000",77.14
FIDEL,SM,06-08-2024,114.35,112.0,112.0,106.9,106.9,106.9,109.8,"16,000","17,56,750.00",12,"13,000",81.25
FIDEL,SM,07-08-2024,106.9,108.1,113.0,108.0,110.0,110.0,109.82,"5,000","5,49,100.00",5,"4,000",80.0
FIDEL,SM,08-08-2024,110.0,113.55,115.4,113.0,113.7,114.0,114.27,"13,000","14,85,450.00",13,"9,000",69.23
FIDEL,SM,09-08-2024,114.0,112.0,117.8,110.3,117.8,117.8,115.58,"13,000","15,02,600.00",11,"8,000",61.54
FIDEL,SM,12-08-2024,117.8,105.1,118.95,105.1,117.0,117.0,115.0,"8,000","9,20,000.00",8,"5,000",62.5
FIDEL,SM,13-08-2024,117.0,119.5,119.5,110.0,112.0,112.0,113.94,"9,000","10,25,500.00",7,"7,000",77.78
FIDEL,SM,14-08-2024,112.0,112.0,112.0,112.0,112.0,112.0,112.0,"1,000","1,12,000.00",1,"1,000",100.0
FIDEL,SM,16-08-2024,112.0,112.1,112.1,112.1,112.1,112.1,112.1,"2,000","2,24,200.00",2,"2,000",100.0
FIDEL,SM,19-08-2024,112.1,110.1,115.5,110.1,113.0,113.0,112.87,"3,000","3,38,600.00",3,"2,000",66.67
FIDEL,SM,20-08-2024,113.0,108.05,116.8,104.9,113.25,113.5,113.09,"36,000","40,71,200.00",33,"33,000",91.67
FIDEL,SM,21-08-2024,113.5,113.5,115.05,113.5,115.05,115.05,114.71,"5,000","5,73,550.00",5,"5,000",100.0
FIDEL,SM,22-08-2024,115.05,115.1,117.85,115.1,117.8,117.8,115.78,"8,000","9,26,250.00",8,"7,000",87.5
FIDEL,SM,23-08-2024,117.8,115.0,120.0,115.0,116.15,116.45,118.16,"19,000","22,45,050.00",19,"15,000",78.95
FIDEL,SM,26-08-2024,116.45,121.1,127.0,120.5,122.1,122.6,123.47,"38,000","46,91,700.00",36,"27,000",71.05
FIDEL,SM,27-08-2024,122.6,122.6,129.8,122.6,123.0,124.55,125.9,"46,000","57,91,200.00",44,"36,000",78.26
FIDEL,SM,28-08-2024,124.55,121.05,126.75,121.05,126.75,126.6,124.99,"5,000","6,24,950.00",5,"4,000",80.0
FIDEL,SM,29-08-2024,126.6,120.0,126.0,120.0,124.0,124.0,123.88,"8,000","9,91,050.00",8,"6,000",75.0
FIDEL,SM,30-08-2024,124.0,125.0,125.2,125.0,125.2,125.2,125.17,"12,000","15,02,000.00",5,"11,000",91.67
FIDEL,SM,02-09-2024,125.2,128.25,128.25,123.0,123.0,123.0,125.42,"6,000","7,52,500.00",6,"5,000",83.33
FIDEL,SM,03-09-2024,123.0,124.0,124.0,124.0,124.0,124.0,124.0,"2,000","2,48,000.00",2,"2,000",100.0
FIDEL,SM,04-09-2024,124.0,124.0,124.0,118.5,122.0,122.0,121.73,"8,000","9,73,850.00",8,"5,000",62.5
FIDEL,SM,05-09-2024,122.0,126.95,126.95,126.85,126.85,126.85,126.93,"6,000","7,61,600.00",6,"6,000",100.0
FIDEL,SM,06-09-2024,126.85,126.35,127.7,125.0,126.0,126.0,126.43,"6,000","7,58,550.00",6,"5,000",83.33
FIDEL,SM,09-09-2024,126.0,119.25,123.45,119.25,123.45,122.4,121.36,"7,000","8,49,550.00",7,"5,000",71.43
FIDEL,SM,10-09-2024,122.4,127.95,127.95,125.0,125.9,125.45,126.53,"6,000","7,59,200.00",6,"5,000",83.33
FIDEL,SM,11-09-2024,125.45,125.0,125.0,125.0,125.0,125.0,125.0,"1,000","1,25,000.00",1,"1,000",100.0
FIDEL,SM,12-09-2024,125.0,122.35,126.7,122.35,126.7,126.7,124.02,"3,000","3,72,050.00",3,"3,000",100.0
FIDEL,SM,13-09-2024,126.7,126.7,126.7,121.0,126.0,126.0,125.24,"7,000","8,76,700.00",5,"6,000",85.71
FIDEL,SM,16-09-2024,126.0,127.8,131.0,122.55,129.9,126.9,129.07,"24,000","30,97,750.00",23,"22,000",91.67
FIDEL,SM,17-09-2024,126.9,133.0,134.95,128.05,132.0,131.9,131.94,"19,000","25,06,950.00",18,"15,000",78.95
FIDEL,SM,18-09-2024,131.9,127.0,132.3,123.75,129.0,129.0,128.46,"8,000","10,27,650.00",8,"3,000",37.5
FIDEL,SM,19-09-2024,129.0,125.0,133.65,123.6,132.6,131.3,129.31,"16,000","20,69,000.00",16,"13,000",81.25
FIDEL,SM,20-09-2024,131.3,134.0,134.0,132.0,132.95,132.95,133.47,"10,000","13,34,700.00",10,"9,000",90.0
FIDEL,SM,23-09-2024,132.95,133.95,140.0,133.95,134.5,134.5,136.92,"49,000","67,09,150.00",47,"35,000",71.43
FIDEL,SM,24-09-2024,134.5,134.5,138.0,134.5,137.4,137.4,136.84,"29,000","39,68,450.00",26,"25,000",86.21
FIDEL,SM,25-09-2024,137.4,137.95,144.4,132.05,135.0,136.2,138.58,"71,000","98,39,000.00",67,"39,000",54.93
FIDEL,SM,26-09-2024,136.2,139.9,161.0,139.9,150.75,152.15,150.83,"1,47,000","2,21,72,250.00",145,"1,02,000",69.39
FIDEL,SM,27-09-2024,152.15,158.4,160.0,149.0,152.0,152.0,155.3,"48,000","74,54,600.00",47,"32,000",66.67
FIDEL,SM,30-09-2024,152.0,147.0,147.0,143.5,147.0,147.0,144.91,"8,000","11,59,250.00",8,"7,000",87.5
FIDEL,SM,01-10-2024,147.0,124.0,141.0,124.0,137.5,137.5,137.61,"44,000","60,54,700.00",42,"28,000",63.64
FIDEL,SM,03-10-2024,137.5,137.5,137.5,131.0,131.05,131.0,136.15,"40,000","54,46,150.00",14,"39,000",97.5
FIDEL,SM,04-10-2024,131.0,132.05,138.0,132.05,133.5,134.25,134.13,"5,000","6,70,650.00",5,"4,000",80.0
FIDEL,SM,07-10-2024,134.25,134.5,139.0,129.85,129.85,130.05,133.08,"25,000","33,27,100.00",24,"22,000",88.0
FIDEL,SM,08-10-2024,130.05,130.05,136.0,130.05,135.4,135.4,134.36,"4,000","5,37,450.00",3,"4,000",100.0
FIDEL,SM,09-10-2024,135.4,138.5,139.0,134.0,134.0,134.0,136.49,"15,000","20,47,400.00",15,"14,000",93.33
FIDEL,SM,10-10-2024,134.0,134.0,135.0,131.5,131.5,131.85,133.56,"8,000","10,68,500.00",8,"7,000",87.5
FIDEL,SM,11-10-2024,131.85,129.5,132.0,129.45,129.6,129.75,130.11,"8,000","10,40,900.00",8,"5,000",62.5
FIDEL,SM,16-10-2024,129.75,130.0,130.2,130.0,130.2,130.2,130.1,"2,000","2,60,200.00",2,"2,000",100.0
FIDEL,SM,17-10-2024,130.2,130.2,130.2,130.0,130.0,130.0,130.1,"2,000","2,60,200.00",2,"2,000",100.0
FIDEL,SM,18-10-2024,130.0,126.0,130.0,126.0,130.0,130.0,128.5,"4,000","5,14,000.00",4,"4,000",100.0
FIDEL,SM,21-10-2024,130.0,130.0,130.0,128.0,128.0,128.0,129.6,"5,000","6,48,000.00",5,"5,000",100.0
FIDEL,SM,22-10-2024,128.0,127.0,138.0,127.0,135.0,136.05,134.53,"13,000","17,48,850.00",13,"10,000",76.92
FIDEL,SM,24-10-2024,136.05,126.0,126.0,125.0,125.0,125.0,125.5,"2,000","2,51,000.00",2,"2,000",100.0
FIDEL,SM,25-10-2024,125.0,125.0,125.0,122.05,122.1,122.35,123.63,"10,000","12,36,250.00",9,"9,000",90.0
FIDEL,SM,28-10-2024,122.35,122.35,137.0,122.35,129.2,129.2,128.32,"6,000","7,69,900.00",6,"5,000",83.33
FIDEL,SM,30-10-2024,129.2,136.0,139.0,129.25,134.5,134.5,133.49,"7,000","9,34,450.00",7,"4,000",57.14
FIDEL,SM,31-10-2024,134.5,139.45,139.45,136.5,136.5,136.5,137.98,"2,000","2,75,950.00",2,"1,000",50.0
FIDEL,SM,01-11-2024,136.5,128.0,137.0,128.0,137.0,132.5,132.5,"2,000","2,65,000.00",2,"2,000",100.0
FIDEL,SM,05-11-2024,132.5,137.5,137.5,130.1,136.0,136.0,135.12,"7,000","9,45,850.00",7,"6,000",85.71
FIDEL,SM,06-11-2024,136.0,133.0,135.8,130.0,135.0,135.25,132.73,"7,000","9,29,100.00",7,"7,000",100.0
FIDEL,SM,07-11-2024,135.25,136.5,162.3,126.55,162.3,162.3,153.25,"2,15,000","3,29,49,650.00",185,"1,33,000",61.86
FIDEL,SM,08-11-2024,162.3,173.0,191.85,161.0,161.15,163.1,174.2,"1,65,000","2,87,42,400.00",159,"98,000",59.39
FIDEL,SM,11-11-2024,163.1,165.0,183.45,165.0,178.25,179.2,177.88,"1,03,000","1,83,22,100.00",94,"74,000",71.84
FIDEL,SM,12-11-2024,179.2,180.0,180.0,170.0,170.55,170.55,172.9,"22,000","38,03,750.00",21,"17,000",77.27
FIDEL,SM,13-11-2024,170.55,168.0,169.05,162.55,162.55,162.55,165.84,"38,000","63,02,050.00",21,"35,000",92.11
FIDEL,SM,14-11-2024,162.55,162.55,171.0,162.55,170.0,170.25,167.47,"41,000","68,66,400.00",18,"36,000",87.8
FIDEL,SM,18-11-2024,170.25,175.0,175.0,165.0,165.0,165.0,167.68,"21,000","35,21,350.00",11,"20,000",95.24
FIDEL,SM,19-11-2024,165.0,165.4,176.8,165.4,176.8,174.35,173.67,"38,000","65,99,450.00",30,"34,000",89.47
FIDEL,SM,21-11-2024,174.35,179.5,179.5,170.0,170.0,170.75,172.24,"19,000","32,72,650.00",17,"16,000",84.21
FIDEL,SM,22-11-2024,170.75,170.5,172.0,170.0,171.95,171.95,171.04,"8,000","13,68,300.00",8,"5,000",62.5
FIDEL,SM,25-11-2024,171.95,175.0,178.8,156.4,165.0,169.5,170.34,"41,000","69,83,850.00",21,"38,000",92.68
FIDEL,SM,26-11-2024,169.5,167.35,167.35,165.8,166.5,166.5,166.55,"3,000","4,99,650.00",3,"3,000",100.0
FIDEL,SM,27-11-2024,166.5,174.9,176.5,167.6,169.0,171.95,172.03,"23,000","39,56,750.00",15,"20,000",86.96
FIDEL,SM,28-11-2024,171.95,169.0,176.0,169.0,176.0,174.9,173.5,"14,000","24,28,950.00",11,"12,000",85.71
FIDEL,SM,29-11-2024,174.9,168.0,174.0,168.0,170.25,170.25,170.28,"51,000","86,84,350.00",23,"49,000",96.08
FIDEL,SM,02-12-2024,170.25,168.0,175.0,168.0,170.0,170.1,171.21,"11,000","18,83,300.00",11,"10,000",90.91
FIDEL,SM,03-12-2024,170.1,171.05,173.0,168.5,168.5,168.8,170.72,"27,000","46,09,500.00",25,"18,000",66.67
FIDEL,SM,05-12-2024,168.8,171.75,171.75,169.0,171.75,171.75,171.19,"5,000","8,55,950.00",5,"4,000",80.0
FIDEL,SM,06-12-2024,171.75,172.0,173.3,172.0,172.0,172.0,172.33,"4,000","6,89,300.00",4,"4,000",100.0
FIDEL,SM,09-12-2024,172.0,170.3,172.0,170.3,171.2,171.2,171.28,"4,000","6,85,100.00",4,"4,000",100.0
FIDEL,SM,10-12-2024,171.2,171.2,172.0,162.5,162.5,164.45,167.9,"28,000","47,01,100.00",28,"25,000",89.29
FIDEL,SM,11-12-2024,164.45,161.75,167.95,161.0,167.9,166.0,163.09,"25,000","40,77,350.00",23,"16,000",64.0
FIDEL,SM,12-12-2024,166.0,167.0,171.5,167.0,171.5,171.5,170.38,"4,000","6,81,500.00",4,"4,000",100.0
FIDEL,SM,13-12-2024,171.5,173.0,173.0,168.1,173.0,172.65,171.89,"8,000","13,75,100.00",8,"5,000",62.5
FIDEL,SM,16-12-2024,172.65,166.0,171.0,166.0,171.0,171.0,168.85,"12,000","20,26,150.00",12,"8,000",66.67
FIDEL,SM,17-12-2024,171.0,167.5,172.0,165.1,168.6,168.6,167.86,"11,000","18,46,500.00",11,"6,000",54.55
FIDEL,SM,18-12-2024,168.6,168.6,182.5,168.6,175.0,175.0,175.79,"27,000","47,46,250.00",27,"18,000",66.67
FIDEL,SM,19-12-2024,175.0,178.0,178.0,174.0,175.0,175.0,175.67,"3,000","5,27,000.00",3,"3,000",100.0
FIDEL,SM,20-12-2024,175.0,178.0,180.0,174.0,174.3,176.1,176.91,"18,000","31,84,400.00",18,"15,000",83.33
FIDEL,SM,23-12-2024,176.1,177.5,180.0,177.5,180.0,180.0,179.17,"3,000","5,37,500.00",3,"2,000",66.67
FIDEL,SM,24-12-2024,180.0,189.0,189.7,182.0,185.95,185.95,186.37,"28,000","52,18,350.00",22,"23,000",82.14
FIDEL,SM,26-12-2024,185.95,191.0,191.0,181.7,181.7,181.7,185.35,"6,000","11,12,100.00",6,"6,000",100.0
FIDEL,SM,27-12-2024,181.7,187.0,187.0,185.0,185.0,185.0,186.0,"2,000","3,72,000.00",2,"2,000",100.0
FIDEL,SM,30-12-2024,185.0,190.0,213.0,166.05,189.25,189.25,190.47,"23,000","43,80,900.00",22,"14,000",60.87
FIDEL,SM,31-12-2024,189.25,185.0,190.0,184.9,187.5,186.2,188.39,"16,000","30,14,250.00",14,"15,000",93.75
FIDEL,SM,01-01-2025,186.2,192.9,192.9,182.0,186.85,186.85,185.04,"10,000","18,50,400.00",10,"6,000",60.0
FIDEL,SM,02-01-2025,186.85,183.0,184.6,183.0,184.6,184.6,183.8,"2,000","3,67,600.00",2,"2,000",100.0
FIDEL,SM,03-01-2025,184.6,191.5,208.0,188.0,204.0,206.0,198.7,"30,000","59,60,900.00",30,"19,000",63.33
FIDEL,SM,06-01-2025,206.0,211.0,219.75,198.0,200.0,200.0,209.32,"40,000","83,72,650.00",39,"31,000",77.5
FIDEL,SM,07-01-2025,200.0,200.0,205.0,193.05,203.0,203.0,199.85,"13,000","25,98,100.00",13,"8,000",61.54
FIDEL,SM,08-01-2025,203.0,193.55,199.0,193.55,197.05,197.05,195.96,"7,000","13,71,750.00",7,"5,000",71.43
FIDEL,ST,09-01-2025,197.05,187.25,197.5,187.2,196.5,192.9,190.02,"14,000","26,60,250.00",14,"14,000",100.0
FIDEL,ST,10-01-2025,192.9,187.0,187.0,183.25,184.0,184.0,184.9,"15,000","27,73,450.00",15,"14,000",93.33
FIDEL,ST,13-01-2025,184.0,183.0,185.0,183.0,185.0,185.0,184.6,"5,000","9,23,000.00",5,"5,000",100.0
FIDEL,ST,14-01-2025,185.0,181.0,181.0,175.75,176.0,176.0,177.48,"6,000","10,64,850.00",6,"6,000",100.0
FIDEL,ST,15-01-2025,176.0,180.0,184.8,180.0,184.8,184.8,182.86,"5,000","9,14,300.00",5,"5,000",100.0
FIDEL,ST,16-01-2025,184.8,184.8,184.8,184.8,184.8,184.8,184.8,"1,000","1,84,800.00",1,"1,000",100.0
FIDEL,ST,17-01-2025,184.8,184.8,184.8,183.0,183.0,183.0,183.9,"2,000","3,67,800.00",2,"2,000",100.0
FIDEL,ST,20-01-2025,183.0,177.0,179.0,174.5,178.5,178.5,177.0,"5,000","8,85,000.00",5,"5,000",100.0
FIDEL,ST,21-01-2025,178.5,173.0,173.0,173.0,173.0,173.0,173.0,"1,000","1,73,000.00",1,"1,000",100.0
FIDEL,ST,22-01-2025,173.0,173.0,174.1,173.0,174.0,174.0,173.35,"6,000","10,40,100.00",5,"6,000",100.0
FIDEL,ST,23-01-2025,174.0,174.0,179.9,174.0,179.9,179.9,176.95,"2,000","3,53,900.00",2,"2,000",100.0
FIDEL,ST,24-01-2025,179.9,180.0,180.0,180.0,180.0,180.0,180.0,"2,000","3,60,000.00",2,"2,000",100.0
FIDEL,ST,27-01-2025,180.0,181.0,185.0,173.0,173.0,173.0,177.6,"11,000","19,53,550.00",11,"11,000",100.0
FIDEL,ST,28-01-2025,173.0,170.0,170.0,169.0,169.75,169.75,169.23,"13,000","22,00,050.00",12,"13,000",100.0
FIDEL,ST,29-01-2025,169.75,173.75,173.75,162.1,162.2,162.2,166.41,"13,000","21,63,300.00",13,"13,000",100.0
FIDEL,ST,30-01-2025,162.2,162.2,170.25,155.05,156.0,156.0,161.04,"11,000","17,71,400.00",11,"11,000",100.0
FIDEL,ST,31-01-2025,156.0,156.0,163.8,155.1,159.95,159.95,158.88,"14,000","22,24,300.00",12,"14,000",100.0
FIDEL,ST,01-02-2025,159.95,159.0,159.0,153.15,159.0,155.1,156.08,"4,000","6,24,300.00",4,"4,000",100.0
FIDEL,ST,03-02-2025,155.1,154.0,159.0,151.3,151.3,151.3,154.68,"5,000","7,73,400.00",5,"5,000",100.0
FIDEL,ST,04-02-2025,151.3,154.3,154.3,148.0,148.0,148.0,151.14,"7,000","10,58,000.00",7,"7,000",100.0
FIDEL,ST,05-02-2025,148.0,154.95,155.4,154.95,155.4,155.4,155.18,"2,000","3,10,350.00",2,"2,000",100.0
FIDEL,ST,06-02-2025,155.4,163.0,163.15,150.0,161.9,161.9,160.88,"7,000","11,26,150.00",7,"6,000",85.71
FIDEL,ST,07-02-2025,161.9,168.95,168.95,154.2,154.2,154.2,164.03,"3,000","4,92,100.00",3,"2,000",66.67
FIDEL,ST,10-02-2025,154.2,154.2,154.2,154.2,154.2,154.2,154.2,"1,000","1,54,200.00",1,"1,000",100.0
FIDEL,ST,11-02-2025,154.2,154.2,154.2,154.2,154.2,154.2,154.2,"1,000","1,54,200.00",1,"1,000",100.0
FIDEL,ST,12-02-2025,154.2,146.5,155.0,146.5,155.0,155.0,150.17,"6,000","9,01,000.00",6,"5,000",83.33
FIDEL,ST,13-02-2025,155.0,155.0,155.0,155.0,155.0,155.0,155.0,"2,000","3,10,000.00",2,"2,000",100.0
FIDEL,ST,14-02-2025,155.0,155.0,155.0,147.25,147.25,147.25,149.49,"18,000","26,90,850.00",14,"18,000",100.0
FIDEL,ST,17-02-2025,147.25,147.0,147.0,147.0,147.0,147.0,147.0,"1,000","1,47,000.00",1,"1,000",100.0
FIDEL,ST,18-02-2025,147.0,147.0,147.0,139.65,139.65,139.65,142.22,"3,000","4,26,650.00",3,"3,000",100.0
FIDEL,ST,19-02-2025,139.65,132.7,140.0,132.7,140.0,140.0,136.14,"5,000","6,80,700.00",5,"4,000",80.0
FIDEL,ST,20-02-2025,140.0,139.0,140.0,136.0,139.95,139.95,138.63,"11,000","15,24,900.00",5,"9,000",81.82
FIDEL,ST,21-02-2025,139.95,139.5,139.5,133.25,135.0,135.0,136.1,"5,000","6,80,500.00",3,"5,000",100.0
FIDEL,ST,24-02-2025,135.0,130.1,135.0,128.25,135.0,134.5,131.61,"8,000","10,52,850.00",8,"6,000",75.0
FIDEL,ST,25-02-2025,134.5,134.5,134.5,128.25,128.25,128.25,129.05,"8,000","10,32,400.00",7,"8,000",100.0
FIDEL,ST,27-02-2025,128.25,124.5,124.5,121.85,121.85,121.85,122.01,"19,000","23,18,250.00",16,"19,000",100.0
FIDEL,ST,28-02-2025,121.85,115.75,115.75,115.75,115.75,115.75,115.75,"18,000","20,83,500.00",12,"18,000",100.0
FIDEL,ST,03-03-2025,115.75,112.0,121.5,110.0,120.9,120.9,113.66,"29,000","32,96,200.00",27,"26,000",89.66
FIDEL,ST,04-03-2025,120.9,124.45,126.9,117.0,117.5,117.5,123.2,"11,000","13,55,250.00",11,"7,000",63.64
FIDEL,ST,05-03-2025,117.5,112.0,123.35,111.65,123.35,123.35,116.91,"17,000","19,87,450.00",17,"15,000",88.24
FIDEL,ST,06-03-2025,123.35,129.5,129.5,129.0,129.5,129.5,129.36,"9,000","11,64,200.00",7,"9,000",100.0
FIDEL,ST,07-03-2025,129.5,135.95,135.95,135.95,135.95,135.95,135.95,"4,000","5,43,800.00",4,"4,000",100.0
FIDEL,ST,10-03-2025,135.95,135.95,135.95,130.0,130.0,130.0,132.98,"2,000","2,65,950.00",2,"2,000",100.0
FIDEL,ST,12-03-2025,130.0,130.0,130.0,127.4,127.4,127.4,128.7,"2,000","2,57,400.00",2,"2,000",100.0
FIDEL,ST,13-03-2025,127.4,124.85,124.85,124.85,124.85,124.85,124.85,"2,000","2,49,700.00",2,"2,000",100.0
FIDEL,ST,17-03-2025,124.85,127.2,127.2,122.35,122.35,122.35,123.56,"4,000","4,94,250.00",3,"4,000",100.0
FIDEL,ST,18-03-2025,122.35,119.9,119.9,119.9,119.9,119.9,119.9,"3,000","3,59,700.00",3,"3,000",100.0
FIDEL,ST,19-03-2025,119.9,117.55,117.55,117.55,117.55,117.55,117.55,"9,000","10,57,950.00",4,"9,000",100.0
FIDEL,ST,20-03-2025,117.55,115.2,119.9,115.2,119.9,119.9,115.58,"31,000","35,82,950.00",17,"30,000",96.77
FIDEL,ST,24-03-2025,119.9,117.55,117.55,117.55,117.55,117.55,117.55,"2,000","2,35,100.00",2,"2,000",100.0
FIDEL,ST,25-03-2025,117.55,115.7,115.7,115.2,115.2,115.2,115.45,"2,000","2,30,900.00",2,"2,000",100.0
FIDEL,ST,26-03-2025,115.2,117.5,117.5,113.0,113.0,113.0,114.29,"7,000","8,00,000.00",6,"7,000",100.0
FIDEL,ST,27-03-2025,113.0,110.75,110.75,110.75,110.75,110.75,110.75,"27,000","29,90,250.00",21,"27,000",100.0
FIDEL,ST,28-03-2025,110.75,109.0,110.75,109.0,110.75,110.75,110.15,"13,000","14,31,950.00",12,"13,000",100.0
FIDEL,ST,01-04-2025,110.75,111.85,112.95,111.85,112.95,112.95,112.13,"4,000","4,48,500.00",4,"4,000",100.0
FIDEL,ST,02-04-2025,112.95,115.2,115.2,115.2,115.2,115.2,115.2,"1,000","1,15,200.00",1,"1,000",100.0
FIDEL,ST,04-04-2025,115.2,115.2,115.2,115.2,115.2,115.2,115.2,"9,000","10,36,800.00",8,"9,000",100.0
FIDEL,ST,07-04-2025,115.2,115.2,115.2,115.2,115.2,115.2,115.2,"1,000","1,15,200.00",1,"1,000",100.0
FIDEL,ST,08-04-2025,115.2,115.2,117.0,115.2,117.0,117.0,116.4,"3,000","3,49,200.00",2,"3,000",100.0
FIDEL,ST,09-04-2025,117.0,114.7,114.7,114.7,114.7,114.7,114.7,"2,000","2,29,400.00",2,"2,000",100.0
FIDEL,ST,11-04-2025,114.7,112.5,112.5,112.4,112.4,112.4,112.43,"3,000","3,37,300.00",3,"3,000",100.0
FIDEL,ST,15-04-2025,112.4,114.6,114.6,114.6,114.6,114.6,114.6,"2,000","2,29,200.00",2,"2,000",100.0
FIDEL,ST,16-04-2025,114.6,116.8,116.8,116.8,116.8,116.8,116.8,"1,000","1,16,800.00",1,"1,000",100.0
FIDEL,ST,17-04-2025,116.8,116.85,116.85,116.85,116.85,116.85,116.85,"1,000","1,16,850.00",1,"1,000",100.0
FIDEL,ST,21-04-2025,116.85,122.65,122.65,122.65,122.65,122.65,122.65,"3,000","3,67,950.00",3,"3,000",100.0
FIDEL,ST,22-04-2025,122.65,128.75,128.75,128.7,128.75,128.75,128.74,"6,000","7,72,450.00",6,"5,000",83.33
FIDEL,ST,23-04-2025,128.75,128.75,133.9,126.1,132.5,132.5,129.47,"5,000","6,47,350.00",5,"5,000",100.0
FIDEL,ST,24-04-2025,132.5,136.9,136.9,136.9,136.9,136.9,136.9,"3,000","4,10,700.00",3,"3,000",100.0
FIDEL,ST,25-04-2025,136.9,132.3,132.3,132.3,132.3,132.3,132.3,"3,000","3,96,900.00",3,"3,000",100.0
FIDEL,ST,28-04-2025,132.3,138.7,138.7,130.1,130.75,130.75,132.94,"6,000","7,97,650.00",6,"6,000",100.0
FIDEL,ST,29-04-2025,130.75,130.0,130.75,126.5,127.5,127.5,128.73,"7,000","9,01,100.00",7,"7,000",100.0
FIDEL,ST,30-04-2025,127.5,125.1,133.85,125.1,133.85,133.85,129.93,"31,000","40,27,800.00",28,"30,000",96.77
FIDEL,ST,02-05-2025,133.85,140.4,140.5,140.4,140.5,140.5,140.45,"10,000","14,04,500.00",7,"10,000",100.0
FIDEL,SM,05-05-2025,140.5,165.0,168.6,152.0,164.0,164.0,164.32,"1,12,000","1,84,03,650.00",94,"60,000",53.57
FIDEL,SM,06-05-2025,164.0,165.0,173.0,162.0,169.0,169.0,167.09,"24,000","40,10,250.00",22,"16,000",66.67
FIDEL,SM,07-05-2025,169.0,169.0,175.0,165.0,171.0,172.65,170.76,"17,000","29,02,850.00",17,"14,000",82.35
FIDEL,SM,08-05-2025,172.65,170.0,177.9,170.0,177.9,175.65,174.12,"8,000","13,92,950.00",8,"7,000",87.5
FIDEL,SM,09-05-2025,175.65,163.05,166.95,157.55,160.0,159.75,162.79,"17,000","27,67,500.00",16,"9,000",52.94
FIDEL,SM,12-05-2025,159.75,168.05,177.95,168.0,175.0,172.45,173.77,"21,000","36,49,250.00",21,"14,000",66.67
FIDEL,SM,14-05-2025,172.45,171.35,177.0,165.0,171.95,170.55,170.93,"15,000","25,63,950.00",15,"8,000",53.33
FIDEL,SM,15-05-2025,170.55,170.5,170.5,166.5,166.5,166.5,168.35,"6,000","10,10,100.00",6,"4,000",66.67
FIDEL,SM,16-05-2025,166.5,160.0,169.9,157.05,168.7,168.7,161.45,"13,000","20,98,850.00",13,"11,000",84.62
FIDEL,SM,19-05-2025,168.7,167.95,167.95,160.0,160.1,160.1,163.12,"8,000","13,04,950.00",8,"7,000",87.5
FIDEL,SM,20-05-2025,160.1,159.0,164.5,156.0,164.5,164.5,159.33,"6,000","9,56,000.00",5,"3,000",50.0
FIDEL,SM,21-05-2025,164.5,156.0,159.5,156.0,158.05,158.05,158.9,"11,000","17,47,900.00",11,"7,000",63.64
FIDEL,SM,22-05-2025,158.05,159.5,159.5,159.5,159.5,159.5,159.5,"3,000","4,78,500.00",3,"3,000",100.0
FIDEL,SM,23-05-2025,159.5,163.95,165.0,163.95,165.0,164.4,164.41,"7,000","11,50,900.00",6,"6,000",85.71
FIDEL,SM,26-05-2025,164.4,167.0,195.0,167.0,194.8,191.55,181.79,"62,000","1,12,70,750.00",57,"40,000",64.52
FIDEL,SM,27-05-2025,191.55,195.95,196.0,171.0,174.05,175.8,178.09,"84,000","1,49,59,400.00",82,"47,000",55.95
FIDEL,SM,28-05-2025,175.8,178.0,185.0,178.0,185.0,185.0,181.72,"8,000","14,53,750.00",7,"5,000",62.5
FIDEL,SM,29-05-2025,185.0,192.5,192.5,182.0,182.0,182.0,187.3,"16,000","29,96,750.00",14,"11,000",68.75
FIDEL,SM,30-05-2025,182.0,190.0,190.0,183.5,185.5,184.75,186.66,"10,000","18,66,600.00",9,"5,000",50.0
FIDEL,SM,02-06-2025,184.75,184.5,187.0,180.5,181.0,181.0,183.08,"8,000","14,64,600.00",8,"5,000",62.5
FIDEL,SM,03-06-2025,181.0,182.0,186.95,181.1,181.25,181.25,182.98,"6,000","10,97,900.00",6,"4,000",66.67
FIDEL,SM,04-06-2025,181.25,181.25,185.0,180.1,180.1,180.7,181.56,"6,000","10,89,350.00",6,"4,000",66.67
FIDEL,SM,05-06-2025,180.7,184.0,184.0,182.5,184.0,184.0,183.5,"3,000","5,50,500.00",3,"3,000",100.0
FIDEL,SM,06-06-2025,184.0,181.0,181.0,175.05,177.6,177.85,178.05,"6,000","10,68,300.00",6,"5,000",83.33
FIDEL,SM,09-06-2025,177.85,182.9,185.5,181.0,185.5,185.5,183.24,"8,000","14,65,900.00",8,"6,000",75.0
FIDEL,SM,10-06-2025,185.5,189.95,221.9,189.95,214.65,219.85,203.95,"1,12,000","2,28,42,450.00",109,"58,000",51.79
FIDEL,SM,11-06-2025,219.85,224.0,231.8,218.05,229.0,228.15,227.75,"78,000","1,77,64,650.00",71,"50,000",64.1
FIDEL,SM,12-06-2025,228.15,229.0,234.0,218.0,218.0,221.25,225.68,"32,000","72,21,750.00",30,"19,000",59.38
FIDEL,ST,13-06-2025,221.25,215.0,215.0,210.2,215.0,215.0,213.47,"9,000","19,21,200.00",9,"8,000",88.89
FIDEL,ST,16-06-2025,215.0,215.0,215.0,204.5,210.0,210.0,209.66,"7,000","14,67,600.00",7,"7,000",100.0
FIDEL,ST,17-06-2025,210.0,215.0,215.0,209.0,209.0,209.0,211.0,"5,000","10,55,000.00",5,"5,000",100.0
FIDEL,ST,18-06-2025,209.0,200.0,200.0,200.0,200.0,200.0,200.0,"1,000","2,00,000.00",1,"1,000",100.0
FIDEL,ST,19-06-2025,200.0,195.0,195.0,190.0,190.0,190.0,192.0,"3,000","5,76,000.00",3,"3,000",100.0
FIDEL,ST,20-06-2025,190.0,197.0,197.0,191.05,191.05,191.05,194.03,"2,000","3,88,050.00",2,"2,000",100.0
FIDEL,ST,23-06-2025,191.05,191.05,192.0,186.0,192.0,192.0,189.76,"4,000","7,59,050.00",4,"4,000",100.0
FIDEL,ST,24-06-2025,192.0,195.0,201.4,192.0,192.0,192.0,196.17,"8,000","15,69,350.00",8,"7,000",87.5
FIDEL,ST,25-06-2025,192.0,191.5,192.0,191.5,192.0,192.0,191.83,"3,000","5,75,500.00",3,"3,000",100.0
FIDEL,ST,26-06-2025,192.0,192.0,192.1,192.0,192.0,192.0,192.05,"4,000","7,68,200.00",4,"4,000",100.0
FIDEL,ST,27-06-2025,192.0,192.0,192.0,192.0,192.0,192.0,192.0,"1,000","1,92,000.00",1,"1,000",100.0
FIDEL,ST,30-06-2025,192.0,192.0,192.0,192.0,192.0,192.0,192.0,"1,000","1,92,000.00",1,"1,000",100.0
FIDEL,ST,01-07-2025,192.0,185.0,185.0,182.45,182.45,182.45,183.73,"2,000","3,67,450.00",2,"2,000",100.0
FIDEL,ST,02-07-2025,182.45,182.0,182.0,176.1,176.1,176.1,178.35,"6,000","10,70,100.00",5,"6,000",100.0
FIDEL,ST,03-07-2025,176.1,175.0,176.0,172.1,174.1,174.1,174.3,"4,000","6,97,200.00",4,"4,000",100.0
FIDEL,ST,04-07-2025,174.1,182.8,182.8,182.8,182.8,182.8,182.8,"1,000","1,82,800.00",1,"1,000",100.0
FIDEL,ST,07-07-2025,182.8,182.8,182.8,182.8,182.8,182.8,182.8,"2,000","3,65,600.00",2,"2,000",100.0
FIDEL,ST,08-07-2025,182.8,185.4,191.5,185.4,191.0,191.0,190.58,"10,000","19,05,750.00",8,"10,000",100.0
FIDEL,ST,09-07-2025,191.0,198.0,198.0,197.8,197.8,197.8,197.96,"5,000","9,89,800.00",5,"5,000",100.0
FIDEL,ST,10-07-2025,197.8,197.8,207.65,197.8,207.65,207.15,204.81,"4,000","8,19,250.00",4,"4,000",100.0
FIDEL,ST,11-07-2025,207.15,207.15,216.9,207.15,212.0,212.0,212.01,"4,000","8,48,050.00",4,"4,000",100.0
FIDEL,ST,14-07-2025,212.0,212.0,212.0,212.0,212.0,212.0,212.0,"4,000","8,48,000.00",4,"4,000",100.0
FIDEL,ST,16-07-2025,212.0,210.9,210.9,210.75,210.75,210.75,210.83,"2,000","4,21,650.00",2,"2,000",100.0
FIDEL,ST,17-07-2025,210.75,207.95,207.95,206.55,206.55,206.55,206.78,"6,000","12,40,700.00",6,"6,000",100.0
FIDEL,ST,18-07-2025,206.55,204.85,204.85,204.85,204.85,204.85,204.85,"1,000","2,04,850.00",1,"1,000",100.0
FIDEL,ST,21-07-2025,204.85,200.75,200.75,200.75,200.75,200.75,200.75,"2,000","4,01,500.00",2,"2,000",100.0
FIDEL,ST,22-07-2025,200.75,196.75,196.75,196.75,196.75,196.75,196.75,"1,000","1,96,750.00",1,"1,000",100.0
FIDEL,ST,23-07-2025,196.75,192.85,192.85,192.85,192.85,192.85,192.85,"1,000","1,92,850.00",1,"1,000",100.0
FIDEL,ST,24-07-2025,192.85,189.0,189.0,189.0,189.0,189.0,189.0,"4,000","7,56,000.00",4,"4,000",100.0
FIDEL,ST,25-07-2025,189.0,185.25,185.25,185.25,185.25,185.25,185.25,4000,7.41,4, 4000,100.0
FIDEL,ST,28-07-2025,185.25,181.55,181.55,181.55,181.55,181.55,181.55,2000,3.63,2, 2000,100.0
FIDEL,ST,29-07-2025,181.55,177.95,177.95,177.95,177.95,177.95,177.95,4000,7.12,4, 4000,100.0
FIDEL,ST,30-07-2025,177.95,181.5,181.5,181.5,181.5,181.5,181.5,4000,7.26,3, 4000,100.0
FIDEL,ST,31-07-2025,181.5,185.1,185.1,185.1,185.1,185.1,185.1,5000,9.26,5, 5000,100.0
FIDEL,ST,01-08-2025,185.1,185.2,188.8,185.2,188.8,188.8,185.92,5000,9.3,2, 5000,100.0
FIDEL,ST,04-08-2025,188.8,192.55,192.55,191.55,192.55,192.55,192.5,20000,38.5,16, 19000,95.0
FIDEL,ST,05-08-2025,192.55,192.55,192.55,192.55,192.55,192.55,192.55,5000,9.63,5, 5000,100.0
FIDEL,ST,07-08-2025,192.55,188.7,188.7,188.7,188.7,188.7,188.7,1000,1.89,1, 1000,100.0
FIDEL,ST,08-08-2025,188.7,184.95,184.95,184.95,184.95,184.95,184.95,2000,3.7,2, 2000,100.0
FIDEL,ST,11-08-2025,184.95,181.25,181.25,181.25,181.25,181.25,181.25,5000,9.06,3, 5000,100.0
FIDEL,ST,12-08-2025,181.25,177.75,178.55,177.75,178.55,178.55,178.13,6000,10.69,5, 6000,100.0
FIDEL,ST,13-08-2025,178.55,178.05,178.05,177.9,178.0,178.0,177.99,4000,7.12,4, 4000,100.0
FIDEL,ST,14-08-2025,178.0,176.0,177.3,176.0,177.3,177.3,176.83,4000,7.07,4, 4000,100.0
FIDEL,ST,18-08-2025,177.3,177.3,177.3,175.8,175.8,175.8,176.12,5000,8.81,5, 5000,100.0
FIDEL,ST,20-08-2025,175.8,175.25,175.25,175.25,175.25,175.25,175.25,1000,1.75,1, 1000,100.0
FIDEL,ST,21-08-2025,175.25,178.75,178.75,178.75,178.75,178.75,178.75,1000,1.79,1, 1000,100.0
FIDEL,ST,22-08-2025,178.75,178.75,182.3,178.75,182.3,182.3,180.53,6000,10.83,6, 6000,100.0
FIDEL,ST,26-08-2025,182.3,175.85,175.85,173.2,173.2,173.2,173.86,8000,13.91,8, 8000,100.0
FIDEL,ST,28-08-2025,173.2,164.55,170.0,164.55,165.1,165.1,165.56,12000,19.87,12, 12000,100.0
FIDEL,ST,29-08-2025,165.1,163.5,169.9,163.5,169.9,169.9,166.7,2000,3.33,2, 2000,100.0
FIDEL,ST,01-09-2025,169.9,175.0,175.0,175.0,175.0,175.0,175.0,1000,1.75,1, 1000,100.0
FIDEL,ST,02-09-2025,175.0,175.1,179.0,175.0,178.0,178.0,176.13,16000,28.18,11, 16000,100.0
FIDEL,ST,03-09-2025,178.0,180.0,181.9,180.0,181.9,181.9,180.38,5000,9.02,3, 5000,100.0
FIDEL,ST,04-09-2025,181.9,185.0,185.0,181.9,181.9,181.9,183.26,5000,9.16,5, 4000,80.0
FIDEL,ST,08-09-2025,181.9,184.0,190.95,181.9,181.9,181.9,185.6,11000,20.42,11, 11000,100.0
FIDEL,ST,09-09-2025,181.9,181.0,181.0,176.05,176.05,176.05,178.29,4000,7.13,4, 4000,100.0
FIDEL,ST,10-09-2025,176.05,176.0,176.0,175.0,175.0,175.0,175.42,12000,21.05,11, 12000,100.0
FIDEL,ST,11-09-2025,175.0,175.0,175.0,171.0,171.0,171.0,172.43,6000,10.35,6, 6000,100.0
FIDEL,ST,12-09-2025,171.0,176.95,176.95,176.95,176.95,176.95,176.95,1000,1.77,1, 1000,100.0
FIDEL,SM,15-09-2025,176.95,185.45,186.0,184.0,184.0,184.0,185.15,3000,5.55,3, 2000,66.67
FIDEL,SM,16-09-2025,184.0,179.9,179.9,175.0,178.95,178.95,177.56,5000,8.88,5, 3000,60.0
FIDEL,SM,17-09-2025,178.95,186.5,188.0,180.5,185.95,185.95,185.49,7000,12.98,7, 4000,57.14
FIDEL,SM,18-09-2025,185.95,180.0,184.1,177.55,179.5,179.5,180.43,11000,19.85,11, 7000,63.64
FIDEL,SM,19-09-2025,179.5,181.3,188.5,181.3,187.9,187.4,184.08,13000,23.93,9, 10000,76.92
FIDEL,SM,22-09-2025,187.4,187.4,192.0,180.0,192.0,191.95,184.86,7000,12.94,7, 4000,57.14
FIDEL,SM,23-09-2025,191.95,191.95,191.95,183.7,183.7,183.7,186.13,14000,26.06,14, 8000,57.14
FIDEL,SM,24-09-2025,183.7,183.7,183.7,181.0,181.0,182.6,183.26,8000,14.66,6, 8000,100.0
FIDEL,SM,25-09-2025,182.6,185.0,185.0,180.5,180.5,180.5,182.03,4000,7.28,4, 4000,100.0
FIDEL,SM,26-09-2025,180.5,180.0,180.0,180.0,180.0,180.0,180.0,1000,1.8,1, 1000,100.0
FIDEL,SM,29-09-2025,180.0,177.5,180.0,176.5,180.0,180.0,177.89,4000,7.12,4, 3000,75.0
FIDEL,SM,30-09-2025,180.0,168.0,173.0,168.0,169.0,169.0,169.65,5000,8.48,5, 5000,100.0
FIDEL,SM,01-10-2025,169.0,172.6,172.6,172.1,172.1,172.2,172.23,4000,6.89,3, 4000,100.0
FIDEL,SM,03-10-2025,172.2,170.5,170.5,170.5,170.5,170.5,170.5,1000,1.71,1, 1000,100.0
FIDEL,SM,08-10-2025,170.5,165.0,165.0,161.7,164.0,163.75,163.46,6000,9.81,6, 5000,83.33
FIDEL,SM,09-10-2025,163.75,151.0,174.85,151.0,174.0,174.0,167.46,4000,6.7,4, 2000,50.0
FIDEL,SM,10-10-2025,174.0,175.0,175.0,175.0,175.0,175.0,175.0,1000,1.75,1, 1000,100.0
FIDEL,SM,13-10-2025,175.0,172.0,175.0,172.0,175.0,175.0,173.5,2000,3.47,2, 1000,50.0
FIDEL,SM,14-10-2025,175.0,170.0,170.0,170.0,170.0,170.0,170.0,1000,1.7,1, 1000,100.0
FIDEL,SM,15-10-2025,170.0,168.3,174.45,164.0,174.45,174.45,169.13,6000,10.15,6, 4000,66.67
FIDEL,SM,16-10-2025,174.45,168.0,168.0,162.1,164.2,164.6,164.95,8000,13.2,8, 5000,62.5
FIDEL,SM,17-10-2025,164.6,172.55,172.55,171.95,171.95,171.95,172.25,2000,3.45,2, 1000,50.0
FIDEL,SM,20-10-2025,171.95,171.9,171.9,171.9,171.9,171.9,171.9,1000,1.72,1, 1000,100.0
FIDEL,SM,21-10-2025,171.9,173.6,173.6,173.6,173.6,173.6,173.6,1000,1.74,1, 1000,100.0
FIDEL,SM,23-10-2025,173.6,170.0,173.6,170.0,173.6,173.55,171.47,5000,8.57,5, 3000,60.0
FIDEL,SM,24-10-2025,173.55,156.55,170.0,156.55,170.0,170.0,167.26,7000,11.71,7, 5000,71.43
FIDEL,SM,27-10-2025,170.0,162.05,168.0,162.05,165.8,166.55,166.05,14000,23.25,12, 10000,71.43
FIDEL,SM,28-10-2025,166.55,169.0,170.0,169.0,170.0,170.0,169.57,5000,8.48,5, 5000,100.0
FIDEL,SM,29-10-2025,170.0,174.5,175.0,150.0,175.0,172.5,168.77,21000,35.44,21, 14000,66.67
FIDEL,SM,30-10-2025,172.5,167.5,169.95,165.1,165.1,165.95,167.43,11000,18.42,11, 8000,72.73
FIDEL,SM,31-10-2025,165.95,158.05,164.1,150.0,157.0,157.5,158.34,26000,41.17,26, 20000,76.92
FIDEL,SM,03-11-2025,157.5,152.0,156.0,150.0,150.0,150.55,152.44,33000,50.31,31, 21000,63.64
FIDEL,SM,04-11-2025,150.55,150.5,150.55,140.05,144.0,144.6,146.81,27000,39.64,27, 21000,77.78
FIDEL,SM,06-11-2025,144.6,142.0,148.85,141.0,145.95,145.95,144.27,9000,12.98,9, 6000,66.67
FIDEL,SM,07-11-2025,145.95,147.4,147.4,140.0,140.5,140.5,143.29,4000,5.73,4, 2000,50.0
FIDEL,SM,10-11-2025,140.5,140.5,146.5,140.5,144.65,144.65,144.15,4000,5.77,4, 4000,100.0
FIDEL,SM,11-11-2025,144.65,141.0,142.0,140.05,142.0,140.95,140.95,5000,7.05,5, 5000,100.0
FIDEL,SM,12-11-2025,140.95,140.95,142.0,140.0,140.0,140.0,141.24,6000,8.47,6, 6000,100.0
FIDEL,SM,13-11-2025,140.0,140.0,145.0,140.0,145.0,145.0,143.33,3000,4.3,3, 3000,100.0
FIDEL,SM,14-11-2025,145.0,141.0,143.95,141.0,142.95,142.95,142.57,5000,7.13,5, 4000,80.0
FIDEL,SM,17-11-2025,142.95,140.1,140.1,140.1,140.1,140.1,140.1,2000,2.8,2, 1000,50.0
FIDEL,SM,18-11-2025,140.1,141.5,141.5,141.5,141.5,141.5,141.5,1000,1.42,1, 1000,100.0
FIDEL,SM,21-11-2025,141.5,141.0,141.0,135.95,140.55,140.55,138.3,5000,6.92,5, 2000,40.0
FIDEL,SM,24-11-2025,140.55,140.5,140.5,139.0,139.0,139.75,139.75,2000,2.8,2, 2000,100.0
FIDEL,SM,25-11-2025,139.75,137.1,142.95,137.0,138.0,138.0,139.43,23000,32.07,15, 21000,91.3
FIDEL,SM,26-11-2025,138.0,137.05,144.7,137.05,143.0,143.0,140.79,19000,26.75,9, 18000,94.74
FIDEL,SM,27-11-2025,143.0,143.0,145.4,140.2,141.2,141.2,142.58,21000,29.94,6, 21000,100.0
FIDEL,SM,28-11-2025,141.2,141.2,141.2,141.2,141.2,141.2,141.2,4000,5.65,3, 4000,100.0
FIDEL,SM,03-12-2025,141.2,141.15,141.15,135.25,139.65,139.65,137.66,7000,9.64,7, 5000,71.43
FIDEL,SM,05-12-2025,139.65,121.0,144.9,121.0,144.9,144.9,139.96,8000,11.2,8, 6000,75.0
FIDEL,SM,08-12-2025,144.9,141.05,141.5,137.35,140.05,140.05,140.5,9000,12.65,6, 7000,77.78
FIDEL,SM,09-12-2025,140.05,143.0,143.0,132.0,142.8,142.8,138.97,6000,8.34,6, 4000,66.67
FIDEL,SM,10-12-2025,142.8,142.8,144.5,140.0,144.5,143.1,142.02,6000,8.52,6, 5000,83.33
FIDEL,SM,11-12-2025,143.1,138.2,148.0,138.2,148.0,148.0,142.49,7000,9.97,6, 7000,100.0
FIDEL,SM,12-12-2025,148.0,146.0,149.0,141.2,148.95,148.95,144.22,11000,15.86,10, 8000,72.73
FIDEL,SM,15-12-2025,148.95,141.5,145.9,141.5,145.9,145.9,142.85,12000,17.14,4, 12000,100.0
FIDEL,SM,22-12-2025,145.9,139.1,142.5,139.1,142.5,142.5,141.35,3000,4.24,3, 3000,100.0
FIDEL,SM,24-12-2025,142.5,140.0,140.0,137.5,137.6,137.6,138.18,4000,5.53,4, 4000,100.0
FIDEL,SM,26-12-2025,137.6,136.55,136.55,135.05,135.05,135.05,135.8,2000,2.72,2, 2000,100.0
FIDEL,SM,29-12-2025,135.05,130.75,135.95,130.05,134.3,134.25,133.59,8000,10.69,8, 6000,75.0
FIDEL,SM,31-12-2025,134.25,116.0,140.0,116.0,128.0,128.0,130.52,10000,13.05,7, 8000,80.0
FIDEL,SM,01-01-2026,128.0,144.0,144.0,131.0,132.3,132.3,136.18,7000,9.53,7, 5000,71.43
FIDEL,SM,02-01-2026,132.3,138.0,138.0,138.0,138.0,138.0,138.0,1000,1.38,1, 1000,100.0
FIDEL,SM,05-01-2026,138.0,138.0,138.0,133.75,133.75,133.75,135.88,2000,2.72,2, 2000,100.0
FIDEL,SM,06-01-2026,133.75,134.0,134.15,134.0,134.1,134.1,134.08,3000,4.02,3, 3000,100.0
FIDEL,SM,07-01-2026,134.1,129.05,133.0,129.05,133.0,133.0,131.03,2000,2.62,2, 0,0.0
FIDEL,SM,08-01-2026,133.0,130.5,130.5,130.5,130.5,130.5,130.5,1000,1.31,1, 1000,100.0
FIDEL,SM,09-01-2026,130.5,135.0,135.0,125.0,125.0,125.0,130.0,2000,2.6,2, 2000,100.0
FIDEL,SM,12-01-2026,125.0,126.0,126.15,126.0,126.1,126.1,126.09,4000,5.04,4, 3000,75.0
FIDEL,SM,13-01-2026,126.1,129.5,141.95,127.05,139.0,139.0,136.24,8000,10.9,8, 6000,75.0
FIDEL,SM,14-01-2026,139.0,138.0,138.0,136.0,136.6,136.6,136.65,4000,5.47,4, 4000,100.0
FIDEL,SM,16-01-2026,136.6,136.6,136.6,136.6,136.6,136.6,136.6,1000,1.37,1, 1000,100.0
FIDEL,SM,20-01-2026,136.6,136.6,137.0,136.6,137.0,137.0,136.8,2000,2.74,2, 2000,100.0
FIDEL,SM,21-01-2026,137.0,130.0,135.0,128.05,135.0,134.0,130.65,10000,13.06,9, 6000,60.0
FIDEL,SM,23-01-2026,134.0,132.0,132.45,130.0,132.45,131.2,131.13,4000,5.25,4, 3000,75.0
FIDEL,SM,27-01-2026,131.2,132.45,132.45,127.25,129.5,129.5,129.46,11000,14.24,11, 7000,63.64
FIDEL,SM,29-01-2026,129.5,133.0,133.0,132.0,132.0,132.0,132.5,2000,2.65,2, 2000,100.0
FIDEL,SM,30-01-2026,132.0,139.0,139.0,139.0,139.0,139.0,139.0,1000,1.39,1, 1000,100.0
FIDEL,SM,01-02-2026,139.0,130.0,134.0,130.0,134.0,134.0,132.01,4000,5.28,4, 3000,75.0
FIDEL,SM,03-02-2026,134.0,140.0,160.8,140.0,158.7,155.8,150.64,20000,30.13,18, 8000,40.0
FIDEL,SM,04-02-2026,155.8,158.75,158.75,149.0,155.0,155.0,154.26,6000,9.26,6, 5000,83.33
FIDEL,SM,06-02-2026,155.0,142.0,142.0,142.0,142.0,142.0,142.0,2000,2.84,2, 2000,100.0
FIDEL,SM,09-02-2026,142.0,144.95,144.95,140.0,140.0,140.0,142.48,2000,2.85,2, 2000,100.0
FIDEL,SM,10-02-2026,140.0,140.0,140.0,140.0,140.0,140.0,140.0,6000,8.4,6, 6000,100.0
FIDEL,SM,11-02-2026,140.0,138.0,138.0,138.0,138.0,138.0,138.0,4000,5.52,4, 4000,100.0
FIDEL,SM,12-02-2026,138.0,137.0,137.0,137.0,137.0,137.0,137.0,1000,1.37,1, 1000,100.0
FIDEL,SM,13-02-2026,137.0,133.0,133.0,132.0,132.0,132.0,132.25,4000,5.29,4, 4000,100.0
FIDEL,SM,16-02-2026,132.0,132.0,136.0,132.0,136.0,136.0,134.29,7000,9.4,7, 7000,100.0
FIDEL,SM,17-02-2026,136.0,138.0,138.0,138.0,138.0,138.0,138.0,1000,1.38,1, 1000,100.0
FIDEL,SM,18-02-2026,138.0,135.0,140.0,135.0,140.0,140.0,138.33,3000,4.15,3, 3000,100.0
FIDEL,SM,19-02-2026,140.0,140.0,140.0,135.05,136.0,136.0,137.02,3000,4.11,3, 2000,66.67
FIDEL,SM,20-02-2026,136.0,143.45,143.45,143.45,143.45,143.45,143.45,1000,1.43,1, 1000,100.0
FIDEL,SM,23-02-2026,143.45,130.05,132.0,130.05,132.0,132.0,131.19,7000,9.18,5, 7000,100.0
FIDEL,SM,24-02-2026,132.0,130.5,133.95,130.5,132.0,132.0,131.99,6000,7.92,6, 5000,83.33
FIDEL,SM,25-02-2026,132.0,134.0,135.8,134.0,135.8,135.8,134.9,2000,2.7,2, 2000,100.0
FIDEL,SM,26-02-2026,135.8,135.8,135.8,135.8,135.8,135.8,135.8,1000,1.36,1, 1000,100.0
FIDEL,SM,27-02-2026,135.8,126.0,134.4,126.0,131.6,131.6,130.89,4000,5.24,4, 3000,75.0
FIDEL,SM,02-03-2026,131.6,125.0,138.8,108.1,128.0,128.0,116.4,15000,17.46,7, 14000,93.33
FIDEL,SM,04-03-2026,128.0,116.55,129.0,116.55,129.0,129.0,126.07,8000,10.09,8, 7000,87.5
FIDEL,SM,06-03-2026,129.0,129.0,129.0,129.0,129.0,129.0,129.0,2000,2.58,2, 2000,100.0
FIDEL,SM,09-03-2026,129.0,129.0,129.0,121.5,121.5,121.5,126.5,3000,3.8,3, 3000,100.0
FIDEL,SM,11-03-2026,121.5,122.0,124.0,122.0,124.0,124.0,123.03,7000,8.61,7, 5000,71.43
FIDEL,SM,12-03-2026,124.0,124.5,125.0,122.0,125.0,124.4,124.42,38000,47.28,24, 26000,68.42
FIDEL,SM,13-03-2026,124.4,121.0,145.0,121.0,145.0,145.0,133.0,2000,2.66,2, 1000, 50.00
