SYMBOL,SERIES,DATE1,PREV_CLOSE,OPEN_PRICE,HIGH_PRICE,LOW_PRICE,LAST_PRICE,CLOSE_PRICE,AVG_PRICE,TTL_TRD_QNTY,TURNOVER_LACS,NO_OF_TRADES,DELIV_QTY,DELIV_PER
JMFINANCIL,EQ,10-10-2006,768.3,793.0,793.0,722.0,772.0,774.85,751.0,992,"7,44,989.30",-,562,56.65
JMFINANCIL,EQ,11-10-2006,774.85,777.0,789.7,750.05,769.0,763.65,771.19,740,"5,70,681.00",-,530,71.62
JMFINANCIL,EQ,12-10-2006,763.65,820.0,820.0,764.5,764.5,765.85,772.87,347,"2,68,184.55",-,245,70.61
JMFINANCIL,EQ,13-10-2006,765.85,762.05,780.0,760.0,760.0,760.3,765.85,529,"4,05,133.60",-,409,77.32
JMFINANCIL,EQ,16-10-2006,760.3,790.0,790.0,739.0,764.9,753.85,760.48,"2,165","16,46,447.50",-,"1,996",92.19
JMFINANCIL,EQ,17-10-2006,753.85,750.05,763.95,725.0,734.0,730.05,737.26,685,"5,05,021.40",-,577,84.23
JMFINANCIL,EQ,18-10-2006,730.05,780.0,780.0,713.0,724.95,723.15,731.34,"1,004","7,34,262.25",-,696,69.32
JMFINANCIL,EQ,19-10-2006,723.15,780.0,780.0,720.2,720.2,720.7,727.32,98,"71,276.90",-,77,78.57
JMFINANCIL,EQ,20-10-2006,720.7,731.85,740.1,727.0,733.1,734.8,731.44,909,"6,64,876.70",-,647,71.18
JMFINANCIL,EQ,21-10-2006,734.8,772.0,772.0,740.3,740.3,752.0,751.35,692,"5,19,936.45",-,674,97.4
JMFINANCIL,EQ,23-10-2006,752.0,765.0,765.0,726.05,735.25,735.25,734.58,199,"1,46,181.85",-,146,73.37
JMFINANCIL,EQ,26-10-2006,735.25,736.0,750.0,726.1,726.1,728.9,732.44,198,"1,45,022.60",-,180,90.91
JMFINANCIL,EQ,27-10-2006,728.9,749.0,750.0,733.1,735.0,735.15,736.18,85,"62,575.60",-,45,52.94
JMFINANCIL,EQ,30-10-2006,735.15,750.0,802.4,750.0,802.4,792.75,788.7,"20,861","1,64,53,026.90",-,"19,878",95.29
JMFINANCIL,EQ,31-10-2006,792.75,791.0,800.0,770.0,770.0,771.15,782.79,"6,807","53,28,428.00",-,"6,745",99.09
JMFINANCIL,EQ,01-11-2006,771.15,790.95,848.0,742.1,772.0,772.15,774.62,"1,139","8,82,290.50",-,972,85.34
JMFINANCIL,EQ,02-11-2006,772.15,788.0,788.0,757.05,758.1,766.4,771.36,"1,910","14,73,289.25",-,"1,390",72.77
JMFINANCIL,EQ,03-11-2006,766.4,742.5,767.0,742.5,763.0,755.05,751.84,"1,358","10,20,998.30",-,"1,256",92.49
JMFINANCIL,EQ,06-11-2006,755.05,744.0,788.9,744.0,770.0,770.4,769.97,"2,357","18,14,820.95",-,"1,592",67.54
JMFINANCIL,EQ,07-11-2006,770.4,778.9,821.0,777.0,805.0,802.15,801.94,"10,391","83,32,999.35",-,"7,176",69.06
JMFINANCIL,EQ,08-11-2006,802.15,780.1,800.0,773.0,790.0,786.15,785.74,"5,063","39,78,224.00",-,"2,966",58.58
JMFINANCIL,EQ,09-11-2006,786.15,850.0,850.0,775.0,815.05,817.8,811.89,"23,395","1,89,94,063.05",-,"17,131",73.23
JMFINANCIL,EQ,10-11-2006,817.8,820.0,884.0,820.0,870.0,852.05,854.91,"17,661","1,50,98,567.85",-,"9,876",55.92
JMFINANCIL,EQ,13-11-2006,852.05,810.25,870.0,810.25,830.0,832.5,842.56,"3,800","32,01,741.40",-,"2,907",76.5
JMFINANCIL,EQ,14-11-2006,832.5,805.0,843.0,795.0,795.0,795.15,812.57,"2,788","22,65,434.35",-,"1,734",62.2
JMFINANCIL,EQ,15-11-2006,795.15,801.0,838.0,795.1,830.0,825.15,818.43,"8,237","67,41,384.40",-,"6,053",73.49
JMFINANCIL,EQ,16-11-2006,825.15,900.0,900.0,797.05,800.0,801.7,804.54,"7,071","56,88,920.30",-,"6,397",90.47
JMFINANCIL,EQ,17-11-2006,801.7,803.0,815.0,785.0,810.0,802.65,803.79,"4,837","38,87,921.75",-,"3,338",69.01
JMFINANCIL,EQ,20-11-2006,802.65,816.9,816.9,765.0,775.6,788.25,785.97,"1,835","14,42,257.45",-,"1,332",72.59
JMFINANCIL,EQ,21-11-2006,788.25,785.05,807.75,785.05,806.0,806.0,792.87,235,"1,86,325.40",-,135,57.45
JMFINANCIL,EQ,22-11-2006,806.0,806.0,818.0,804.15,811.0,810.35,807.38,"1,913","15,44,512.95",-,"1,617",84.53
JMFINANCIL,EQ,23-11-2006,810.35,899.0,899.0,791.0,804.0,802.2,799.22,365,"2,91,714.80",-,217,59.45
JMFINANCIL,EQ,24-11-2006,802.2,792.0,799.95,771.0,771.25,774.8,780.06,"2,238","17,45,763.95",-,"1,306",58.36
JMFINANCIL,EQ,27-11-2006,774.8,839.0,839.0,760.0,765.5,770.05,782.71,584,"4,57,101.85",-,481,82.36
JMFINANCIL,EQ,28-11-2006,770.05,790.0,790.0,765.0,768.1,776.9,780.74,801,"6,25,373.95",-,575,71.79
JMFINANCIL,EQ,29-11-2006,776.9,819.95,819.95,765.0,765.0,769.1,784.92,328,"2,57,452.95",-,250,76.22
JMFINANCIL,EQ,30-11-2006,769.1,780.0,780.0,755.0,757.25,758.8,766.46,514,"3,93,961.45",-,483,93.97
JMFINANCIL,EQ,01-12-2006,758.8,797.95,800.0,761.05,770.0,770.1,783.88,938,"7,35,276.50",-,790,84.22
JMFINANCIL,EQ,04-12-2006,770.1,770.0,770.0,751.0,751.0,752.4,756.66,"1,383","10,46,459.60",-,"1,152",83.3
JMFINANCIL,EQ,05-12-2006,752.4,774.0,815.0,774.0,783.55,783.65,795.9,"2,668","21,23,452.50",-,"1,563",58.58
JMFINANCIL,EQ,06-12-2006,783.65,790.0,790.0,756.0,760.0,759.65,771.73,557,"4,29,854.95",-,460,82.59
JMFINANCIL,EQ,07-12-2006,759.65,730.0,848.0,730.0,805.0,815.65,811.54,"11,313","91,81,001.85",-,"5,143",45.46
JMFINANCIL,EQ,08-12-2006,815.65,819.0,819.0,780.2,790.0,786.05,800.25,"2,347","18,78,181.10",-,"1,573",67.02
JMFINANCIL,EQ,11-12-2006,786.05,780.0,791.0,750.0,774.0,765.85,763.91,"1,943","14,84,275.65",-,"1,028",52.91
JMFINANCIL,EQ,12-12-2006,765.85,760.0,794.9,735.0,760.0,750.2,754.01,"3,028","22,83,136.25",-,"2,412",79.66
JMFINANCIL,EQ,13-12-2006,750.2,750.0,779.8,730.3,779.8,770.4,757.21,"3,059","23,16,316.00",-,"2,370",77.48
JMFINANCIL,EQ,14-12-2006,770.4,775.0,805.0,775.0,800.0,798.15,795.67,822,"6,54,041.90",-,793,96.47
JMFINANCIL,EQ,15-12-2006,798.15,825.0,825.0,800.0,800.0,808.75,816.83,"4,277","34,93,585.40",-,"3,495",81.72
JMFINANCIL,EQ,18-12-2006,808.75,800.0,807.0,792.1,801.0,801.0,801.71,268,"2,14,857.55",-,203,75.75
JMFINANCIL,EQ,19-12-2006,801.0,824.0,824.0,772.05,775.05,775.05,793.15,802,"6,36,106.50",-,771,96.13
JMFINANCIL,EQ,20-12-2006,775.05,849.5,849.5,781.0,785.1,787.6,791.25,"1,967","15,56,392.25",-,"1,444",73.41
JMFINANCIL,EQ,21-12-2006,787.6,733.5,826.05,733.5,812.0,812.75,815.01,"7,467","60,85,705.25",-,"6,297",84.33
JMFINANCIL,EQ,22-12-2006,812.75,820.0,839.0,800.0,805.5,812.55,825.56,"4,054","33,46,811.30",-,"2,580",63.64
JMFINANCIL,EQ,26-12-2006,812.55,847.9,847.9,820.0,820.1,820.85,824.92,"2,238","18,46,177.15",-,"1,607",71.81
JMFINANCIL,EQ,27-12-2006,820.85,780.0,825.0,780.0,795.0,795.35,803.36,"2,218","17,81,844.70",-,"1,861",83.9
JMFINANCIL,EQ,28-12-2006,795.35,840.0,840.0,785.0,825.0,825.85,821.59,"8,219","67,52,643.20",-,"4,943",60.14
JMFINANCIL,EQ,29-12-2006,825.85,775.0,825.0,775.0,800.1,808.7,814.32,"1,454","11,84,022.30",-,"1,054",72.49
JMFINANCIL,EQ,02-01-2007,808.70,780.15,828.70,780.15,825.00,826.00,824.68,"1,644","13,55,767.75",-,"1,325",80.6
JMFINANCIL,EQ,03-01-2007,826.00,899.00,899.00,825.05,835.00,834.10,838.00,"4,425","37,08,156.65",-,"3,171",71.66
JMFINANCIL,EQ,04-01-2007,834.10,817.50,832.50,810.00,819.80,816.85,818.43,"1,950","15,95,932.90",-,"1,928",98.87
JMFINANCIL,EQ,05-01-2007,816.85,827.00,840.05,825.00,829.00,827.20,832.41,"1,414","11,77,033.80",-,"1,293",91.44
JMFINANCIL,EQ,08-01-2007,827.20,815.00,824.95,800.00,805.00,803.70,808.02,"1,109","8,96,094.05",-,925,83.41
JMFINANCIL,EQ,09-01-2007,803.70,797.10,815.00,795.25,810.00,810.95,801.27,"1,518","12,16,323.15",-,"1,318",86.82
JMFINANCIL,EQ,10-01-2007,810.95,805.00,820.00,803.00,815.00,812.60,813.77,738,"6,00,563.75",-,685,92.82
JMFINANCIL,EQ,11-01-2007,812.60,860.00,860.00,795.10,800.00,800.00,803.62,"1,375","11,04,979.00",-,"1,350",98.18
JMFINANCIL,EQ,12-01-2007,800.00,810.00,810.00,790.05,790.05,797.75,801.14,"2,130","17,06,418.65",-,"1,455",68.31
JMFINANCIL,EQ,15-01-2007,797.75,819.00,819.00,782.50,788.00,788.05,796.96,"3,325","26,49,881.75",-,"3,205",96.39
JMFINANCIL,EQ,16-01-2007,788.05,791.10,795.00,766.00,766.00,772.35,784.90,"1,980","15,54,096.10",-,"1,970",99.49
JMFINANCIL,EQ,17-01-2007,772.35,785.00,800.00,780.00,780.00,780.60,783.39,670,"5,24,870.00",-,505,75.37
JMFINANCIL,EQ,18-01-2007,780.60,800.00,800.00,770.00,793.80,793.10,789.65,440,"3,47,446.10",-,112,25.45
JMFINANCIL,EQ,19-01-2007,793.10,800.00,820.00,800.00,803.00,804.50,806.91,"1,068","8,61,778.25",-,922,86.33
JMFINANCIL,EQ,22-01-2007,804.50,749.20,899.90,749.20,850.15,863.65,866.25,"19,643","1,70,15,808.10",-,"11,960",60.89
JMFINANCIL,EQ,23-01-2007,863.65,855.00,864.80,830.50,835.00,838.80,847.94,"2,887","24,47,989.40",-,"1,861",64.46
JMFINANCIL,EQ,24-01-2007,838.80,847.30,855.90,831.00,837.95,832.05,838.99,893,"7,49,215.15",-,618,69.2
JMFINANCIL,EQ,25-01-2007,832.05,852.00,852.00,828.00,849.95,840.50,839.01,"1,414","11,86,365.70",-,"1,187",83.95
JMFINANCIL,EQ,29-01-2007,840.50,845.00,870.00,830.10,840.00,851.00,853.45,"4,872","41,58,030.25",-,"4,319",88.65
JMFINANCIL,EQ,31-01-2007,851.00,869.00,890.00,816.00,827.00,819.95,835.94,"2,997","25,05,319.55",-,"1,844",61.53
JMFINANCIL,EQ,01-02-2007,819.95,775.00,845.00,775.00,825.00,823.55,820.57,"9,412","77,23,247.30",-,"9,037",96.02
JMFINANCIL,EQ,02-02-2007,823.55,840.00,849.50,809.00,830.10,835.55,826.36,"3,503","28,94,755.00",-,"3,065",87.5
JMFINANCIL,EQ,05-02-2007,835.55,795.00,915.00,795.00,875.00,884.60,874.05,"12,493","1,09,19,477.00",-,"8,456",67.69
JMFINANCIL,EQ,06-02-2007,884.60,950.00,950.00,830.00,880.15,886.80,902.67,"19,909","1,79,71,196.40",-,"9,429",47.36
JMFINANCIL,EQ,07-02-2007,886.80,870.00,925.00,867.25,900.00,903.05,905.15,"10,627","96,19,031.25",-,"9,136",85.97
JMFINANCIL,EQ,08-02-2007,903.05,914.00,914.00,880.00,880.00,892.60,896.13,"1,753","15,70,913.45",-,"1,039",59.27
JMFINANCIL,EQ,09-02-2007,892.60,836.20,930.00,836.20,898.00,900.15,893.40,"65,725","5,87,18,670.25",-,"41,764",63.54
JMFINANCIL,EQ,12-02-2007,900.15,948.00,948.00,852.55,875.00,870.05,872.94,"4,274","37,30,959.25",-,"2,704",63.27
JMFINANCIL,EQ,13-02-2007,870.05,851.00,886.95,851.00,857.50,856.10,867.81,"4,876","42,31,418.85",-,"1,730",35.48
JMFINANCIL,EQ,14-02-2007,856.10,870.00,877.90,840.25,862.00,856.55,848.59,"2,926","24,82,977.95",-,"2,369",80.96
JMFINANCIL,EQ,15-02-2007,856.55,884.95,884.95,850.00,850.00,857.85,865.77,"1,297","11,22,900.05",-,"1,034",79.72
JMFINANCIL,EQ,19-02-2007,857.85,893.95,975.00,852.50,930.00,936.05,932.18,"17,024","1,58,69,381.70",-,"7,575",44.5
JMFINANCIL,EQ,20-02-2007,936.05,947.95,955.00,910.00,920.05,932.50,932.57,"5,667","52,84,900.35",-,"3,831",67.6
JMFINANCIL,EQ,21-02-2007,932.50,936.00,992.00,925.00,980.00,972.15,970.20,"14,459","1,40,28,095.70",-,"8,176",56.55
JMFINANCIL,EQ,22-02-2007,972.15,"1,050.00","1,149.00",975.55,"1,000.00","1,001.45","1,060.17","1,95,677","20,74,51,578.00",-,"90,548",46.27
JMFINANCIL,EQ,23-02-2007,"1,001.45","1,015.00","1,020.00",940.00,"1,010.25","1,003.70",980.72,"61,796","6,06,04,729.90",-,"31,801",51.46
JMFINANCIL,EQ,26-02-2007,"1,003.70","1,009.00","1,009.00",960.00,975.00,979.25,981.68,"6,238","61,23,720.85",-,"4,639",74.37
JMFINANCIL,EQ,27-02-2007,979.25,979.95,979.95,942.00,965.00,962.20,963.18,"16,306","1,57,05,593.50",-,"14,722",90.29
JMFINANCIL,EQ,28-02-2007,962.20,900.00,974.00,900.00,943.00,936.40,937.94,"6,306","59,14,658.95",-,"4,711",74.71
JMFINANCIL,EQ,01-03-2007,936.40,921.00,955.00,886.65,925.10,924.20,925.10,"17,148","1,58,63,634.50",-,"14,432",84.16
JMFINANCIL,EQ,02-03-2007,924.20,929.80,929.80,906.00,916.00,917.50,915.99,"6,837","62,62,647.20",-,"6,442",94.22
JMFINANCIL,EQ,05-03-2007,917.50,854.50,914.40,854.50,900.00,899.30,884.89,"6,116","54,11,985.70",-,"4,700",76.85
JMFINANCIL,EQ,06-03-2007,899.30,897.00,900.00,870.00,881.20,888.00,888.88,"21,306","1,89,38,461.95",-,"17,118",80.34
JMFINANCIL,EQ,07-03-2007,888.00,978.20,978.20,856.00,856.00,860.60,865.81,"28,533","2,47,04,083.35",-,"18,733",65.65
JMFINANCIL,EQ,08-03-2007,860.60,875.00,890.00,860.00,889.00,878.50,871.03,879,"7,65,638.65",-,696,79.18
JMFINANCIL,EQ,09-03-2007,878.50,945.00,945.00,861.00,863.20,867.70,883.80,"3,042","26,88,533.15",-,"2,104",69.17
JMFINANCIL,EQ,12-03-2007,867.70,865.00,989.70,865.00,970.00,979.40,950.03,"17,463","1,65,90,393.40",-,"11,274",64.56
JMFINANCIL,EQ,13-03-2007,979.40,975.00,"1,027.00",959.00,970.10,979.75,"1,001.04","35,516","3,55,52,888.65",-,"25,190",70.93
JMFINANCIL,EQ,14-03-2007,979.75,959.10,979.95,940.00,957.00,966.10,953.53,"2,146","20,46,274.70",-,"1,717",80.01
JMFINANCIL,EQ,15-03-2007,966.10,979.90,980.00,931.00,940.00,939.55,969.16,"1,981","19,19,915.15",-,"1,580",79.76
JMFINANCIL,EQ,16-03-2007,939.55,946.00,950.00,920.10,940.00,934.60,933.33,"2,742","25,59,187.90",-,"1,846",67.32
JMFINANCIL,EQ,19-03-2007,934.60,930.10,964.90,922.00,930.00,936.20,949.83,"25,711","2,44,21,040.85",-,"18,977",73.81
JMFINANCIL,EQ,20-03-2007,936.20,967.00,983.00,955.10,979.95,976.15,976.16,"3,716","36,27,393.60",-,"3,131",84.26
JMFINANCIL,EQ,21-03-2007,976.15,969.00,984.00,961.05,977.00,975.00,973.58,"3,430","33,39,386.35",-,"1,629",47.49
JMFINANCIL,EQ,22-03-2007,975.00,977.00,"1,020.00",950.50,995.00,"1,000.55",996.03,"6,476","64,50,300.10",-,"2,823",43.59
JMFINANCIL,EQ,23-03-2007,"1,000.55",981.60,"1,005.00",978.85,"1,003.00",996.20,993.77,"1,883","18,71,274.10",-,"1,439",76.42
JMFINANCIL,EQ,26-03-2007,996.20,"1,000.00","1,015.00",986.65,"1,015.00","1,007.30","1,003.45","1,940","19,46,702.40",-,"1,693",87.27
JMFINANCIL,EQ,28-03-2007,"1,007.30",987.15,"1,027.00",982.00,"1,026.00","1,022.85",998.92,"10,299","1,02,87,832.30",-,"7,519",73.01
JMFINANCIL,EQ,29-03-2007,"1,022.85","1,085.00","1,085.00","1,001.60","1,009.10","1,015.15","1,014.89","2,048","20,78,500.75",-,"1,688",82.42
JMFINANCIL,EQ,30-03-2007,"1,015.15","1,019.90","1,020.00",987.50,"1,020.00","1,003.85","1,002.41","6,199","62,13,956.45",-,"4,948",79.82
JMFINANCIL,EQ,02-04-2007,"1,003.85",999.95,999.95,932.40,953.90,936.55,955.63,"2,404","22,97,333.20",-,"1,992",82.86
JMFINANCIL,EQ,03-04-2007,936.55,932.00,968.95,932.00,965.00,961.50,959.50,"7,655","73,44,964.35",-,"6,229",81.37
JMFINANCIL,EQ,04-04-2007,961.50,999.80,"1,029.00",980.00,"1,006.00","1,010.00","1,011.03","11,685","1,18,13,836.10",-,"7,231",61.88
JMFINANCIL,EQ,05-04-2007,"1,010.00","1,010.00","1,010.00",974.00,975.00,977.95,992.60,"2,745","27,24,683.40",-,"1,623",59.13
JMFINANCIL,EQ,09-04-2007,977.95,980.00,992.00,965.20,980.00,979.75,979.23,"1,222","11,96,623.65",-,"1,025",83.88
JMFINANCIL,EQ,10-04-2007,979.75,975.00,979.85,941.00,960.00,957.35,957.23,"1,549","14,82,747.85",-,"1,257",81.15
JMFINANCIL,EQ,11-04-2007,957.35,955.05,"1,037.00",955.05,"1,006.80",999.25,"1,009.02","22,819","2,30,24,848.75",-,"14,614",64.04
JMFINANCIL,EQ,12-04-2007,999.25,"1,006.80","1,019.80",960.20,976.00,971.25,989.16,"2,096","20,73,269.35",-,"1,244",59.35
JMFINANCIL,EQ,13-04-2007,971.25,980.00,"1,025.00",975.00,"1,025.00","1,018.45","1,006.52","5,646","56,82,836.50",-,"5,143",91.09
JMFINANCIL,EQ,16-04-2007,"1,018.45","1,040.00","1,055.00","1,002.15","1,008.00","1,007.80","1,041.50","4,656","48,49,234.10",-,"3,906",83.89
JMFINANCIL,EQ,17-04-2007,"1,007.80","1,018.00","1,018.00",990.00,"1,009.70","1,000.05","1,002.23","9,832","98,53,897.70",-,"8,956",91.09
JMFINANCIL,EQ,18-04-2007,"1,000.05","1,000.00","1,000.00",990.00,"1,000.00",991.25,991.35,"3,228","32,00,084.55",-,"2,973",92.1
JMFINANCIL,EQ,19-04-2007,991.25,999.00,"1,014.00",995.00,"1,001.50","1,003.45","1,002.54","3,329","33,37,468.15",-,"3,039",91.29
JMFINANCIL,EQ,20-04-2007,"1,003.45","1,010.00","1,020.00","1,003.00","1,015.00","1,013.25","1,011.31","2,256","22,81,515.60",-,"1,565",69.37
JMFINANCIL,EQ,23-04-2007,"1,013.25","1,015.00","1,020.00","1,000.00","1,011.00","1,011.10","1,010.86","9,462","95,64,730.10",-,"9,046",95.6
JMFINANCIL,EQ,24-04-2007,"1,011.10","1,010.00","1,030.00","1,010.00","1,025.00","1,024.75","1,023.88","5,437","55,66,823.10",-,"5,291",97.31
JMFINANCIL,EQ,25-04-2007,"1,024.75","1,020.00","1,034.95","1,011.50","1,030.00","1,027.90","1,026.02",505,"5,18,139.60",-,429,84.95
JMFINANCIL,EQ,26-04-2007,"1,027.90","1,025.20","1,040.00","1,020.00","1,035.00","1,030.85","1,030.97","2,465","25,41,332.60",-,"2,175",88.24
JMFINANCIL,EQ,27-04-2007,"1,030.85","1,020.10","1,030.45","1,010.00","1,030.45","1,028.80","1,018.26","3,177","32,35,007.25",-,"3,130",98.52
JMFINANCIL,EQ,30-04-2007,"1,028.80","1,029.00","1,048.50","1,029.00","1,036.50","1,042.55","1,036.57","4,976","51,57,951.15",-,"4,693",94.31
JMFINANCIL,EQ,03-05-2007,"1,042.55","1,050.00","1,050.00","1,035.00","1,035.00","1,040.00","1,040.04","2,715","28,23,707.25",-,"2,364",87.07
JMFINANCIL,EQ,04-05-2007,"1,040.00","1,020.00","1,059.00","1,020.00","1,036.50","1,036.50","1,036.81","2,025","20,99,541.60",-,"1,923",94.96
JMFINANCIL,EQ,07-05-2007,"1,036.50","1,075.00","1,075.00","1,025.00","1,037.00","1,041.05","1,040.24","3,519","36,60,595.70",-,"2,382",67.69
JMFINANCIL,EQ,08-05-2007,"1,041.05","1,040.00","1,049.95","1,040.00","1,040.00","1,040.10","1,043.41","1,492","15,56,774.40",-,"1,391",93.23
JMFINANCIL,EQ,09-05-2007,"1,040.10","1,025.00","1,049.00","1,025.00","1,049.00","1,049.00","1,044.39",926,"9,67,105.15",-,860,92.87
JMFINANCIL,EQ,10-05-2007,"1,049.00","1,046.00","1,052.00","1,040.00","1,051.00","1,050.80","1,047.68","4,272","44,75,667.60",-,"4,185",97.96
JMFINANCIL,EQ,11-05-2007,"1,050.80",999.00,"1,049.00",999.00,"1,009.00","1,016.45","1,035.43","1,017","10,53,033.80",-,927,91.15
JMFINANCIL,EQ,14-05-2007,"1,016.45","1,020.00","1,043.00","1,020.00","1,030.00","1,030.00","1,039.66","2,280","23,70,421.80",-,"2,207",96.8
JMFINANCIL,EQ,15-05-2007,"1,030.00","1,026.00","1,059.00","1,026.00","1,059.00","1,056.70","1,048.45","5,056","53,00,962.50",-,"4,896",96.84
JMFINANCIL,EQ,16-05-2007,"1,056.70","1,050.00","1,095.00",984.10,"1,094.00","1,081.20","1,080.10","11,943","1,28,99,606.20",-,"10,709",89.67
JMFINANCIL,EQ,17-05-2007,"1,081.20","1,198.90","1,198.90","1,080.00","1,093.95","1,084.95","1,097.48","2,292","25,15,413.70",-,"1,490",65.01
JMFINANCIL,EQ,18-05-2007,"1,084.95","1,118.80","1,118.80","1,066.00","1,066.00","1,080.15","1,082.87",508,"5,50,099.70",-,398,78.35
JMFINANCIL,EQ,21-05-2007,"1,080.15","1,066.00","1,130.00","1,051.00","1,123.00","1,116.35","1,105.08","15,537","1,71,69,579.05",-,"13,993",90.06
JMFINANCIL,EQ,22-05-2007,"1,116.35","1,110.00","1,129.00","1,086.35","1,105.00","1,105.75","1,107.51","2,004","22,19,455.30",-,"1,884",94.01
JMFINANCIL,EQ,23-05-2007,"1,105.75","1,100.00","1,189.95","1,099.00","1,150.25","1,154.95","1,166.47","13,312","1,55,28,083.95",-,"10,290",77.3
JMFINANCIL,EQ,24-05-2007,"1,154.95","1,125.00","1,158.50","1,111.15","1,111.15","1,125.05","1,140.95","1,932","22,04,318.35",-,"1,785",92.39
JMFINANCIL,EQ,25-05-2007,"1,125.05","1,125.00","1,125.00","1,097.25","1,114.80","1,110.90","1,107.69",802,"8,88,366.70",-,474,59.1
JMFINANCIL,EQ,28-05-2007,"1,110.90","1,111.00","1,115.00","1,034.60","1,076.30","1,086.70","1,099.35","2,902","31,90,323.45",-,"2,540",87.53
JMFINANCIL,EQ,29-05-2007,"1,086.70","1,075.00","1,140.00","1,075.00","1,140.00","1,121.15","1,107.29","4,454","49,31,858.05",-,"4,346",97.58
JMFINANCIL,EQ,30-05-2007,"1,121.15","1,105.00","1,120.00","1,100.00","1,100.00","1,102.10","1,101.05","2,634","29,00,158.05",-,"2,540",96.43
JMFINANCIL,EQ,31-05-2007,"1,102.10","1,112.10","1,122.85","1,100.00","1,100.00","1,100.00","1,107.91",960,"10,63,591.50",-,670,69.79
JMFINANCIL,EQ,01-06-2007,"1,100.00","1,106.15","1,108.00","1,100.00","1,100.00","1,100.00","1,101.00","4,285","47,17,802.50",-,"4,066",94.89
JMFINANCIL,EQ,04-06-2007,"1,100.00","1,099.00","1,104.00","1,035.00","1,053.00","1,055.85","1,073.31","3,501","37,57,674.30",-,"3,334",95.23
JMFINANCIL,EQ,05-06-2007,"1,055.85","1,079.90","1,081.00","1,055.00","1,065.15","1,064.75","1,068.73",442,"4,72,379.75",-,372,84.16
JMFINANCIL,EQ,06-06-2007,"1,064.75","1,060.00","1,060.00","1,030.00","1,035.00","1,036.60","1,053.50","1,717","18,08,868.00",-,"1,640",95.52
JMFINANCIL,EQ,07-06-2007,"1,036.60","1,036.05","1,049.90","1,021.00","1,030.00","1,029.30","1,028.77","1,101","11,32,673.70",-,"1,028",93.37
JMFINANCIL,EQ,08-06-2007,"1,029.30","1,029.30","1,029.30","1,001.30","1,005.25","1,005.70","1,011.80",201,"2,03,372.80",-,180,89.55
JMFINANCIL,EQ,11-06-2007,"1,005.70","1,005.45","1,015.00","1,005.45","1,006.50","1,007.60","1,008.62",326,"3,28,811.50",-,255,78.22
JMFINANCIL,EQ,12-06-2007,"1,007.60","1,020.00","1,020.00","1,000.00","1,000.00","1,002.95","1,004.79",515,"5,17,466.60",-,500,97.09
JMFINANCIL,EQ,13-06-2007,"1,002.95","1,040.00","1,040.00","1,010.00","1,010.00","1,010.45","1,014.32",88,"89,259.75",-,82,93.18
JMFINANCIL,EQ,14-06-2007,"1,010.45","1,020.00","1,020.00","1,015.00","1,020.00","1,020.00","1,019.64",110,"1,12,160.00",-,110,100.0
JMFINANCIL,EQ,15-06-2007,"1,020.00","1,012.10","1,033.00",987.00,999.00,998.80,"1,003.00",789,"7,91,367.00",-,718,91.0
JMFINANCIL,EQ,18-06-2007,998.80,"1,002.00","1,002.00",961.00,990.00,992.45,985.97,"2,787","27,47,890.35",-,"2,440",87.55
JMFINANCIL,EQ,19-06-2007,992.45,956.00,"1,003.40",956.00,"1,000.00",999.60,991.27,"1,200","11,89,527.80",-,980,81.67
JMFINANCIL,EQ,20-06-2007,999.60,985.00,995.10,965.00,980.00,980.20,989.01,"1,784","17,64,386.30",-,"1,252",70.18
JMFINANCIL,EQ,21-06-2007,980.20,"1,000.00","1,038.00",996.00,"1,003.00","1,003.60","1,011.89","2,025","20,49,082.45",-,"1,367",67.51
JMFINANCIL,EQ,22-06-2007,"1,003.60","1,006.25","1,125.00","1,000.00","1,085.00","1,077.40","1,069.92","10,707","1,14,55,679.60",-,"6,609",61.73
JMFINANCIL,EQ,25-06-2007,"1,077.40","1,120.00","1,129.00","1,070.00","1,085.00","1,090.75","1,110.53","12,331","1,36,93,904.10",-,"7,746",62.82
JMFINANCIL,EQ,26-06-2007,"1,090.75","1,116.95","1,116.95","1,065.00","1,070.00","1,076.45","1,086.18","3,991","43,34,961.15",-,"2,912",72.96
JMFINANCIL,EQ,27-06-2007,"1,076.45","1,060.00","1,100.00","1,045.30","1,080.00","1,060.80","1,069.57","2,277","24,35,418.80",-,"1,377",60.47
JMFINANCIL,EQ,28-06-2007,"1,060.80","1,097.90","1,097.90","1,063.10","1,079.95","1,071.20","1,073.53","1,892","20,31,126.80",-,"1,247",65.91
JMFINANCIL,EQ,29-06-2007,"1,071.20","1,070.00","1,078.00","1,030.00","1,074.95","1,056.00","1,056.66","2,713","28,66,719.55",-,"1,200",44.23
JMFINANCIL,EQ,02-07-2007,"1,056.00","1,080.00","1,090.00","1,020.10","1,020.20","1,037.75","1,066.22","3,206","34,18,289.85",-,"2,315",72.21
JMFINANCIL,EQ,03-07-2007,"1,037.75","1,045.00","1,070.00","1,045.00","1,060.00","1,060.10","1,057.96","10,469","1,10,75,814.00",-,"7,343",70.14
JMFINANCIL,EQ,04-07-2007,"1,060.10","1,070.00","1,080.00","1,041.00","1,050.00","1,048.85","1,068.34","1,598","17,07,202.05",-,"1,437",89.92
JMFINANCIL,EQ,05-07-2007,"1,048.85","1,094.00","1,097.00","1,029.00","1,036.00","1,038.70","1,062.46","2,350","24,96,784.85",-,"1,653",70.34
JMFINANCIL,EQ,06-07-2007,"1,038.70","1,050.00","1,060.00","1,022.00","1,022.00","1,033.25","1,044.17","1,542","16,10,106.85",-,871,56.49
JMFINANCIL,EQ,09-07-2007,"1,033.25",975.00,"1,056.00",975.00,"1,050.00","1,048.00","1,042.52","2,508","26,14,629.95",-,"2,277",90.79
JMFINANCIL,EQ,10-07-2007,"1,048.00","1,055.00","1,075.00","1,042.25","1,060.00","1,056.70","1,063.05","1,854","19,70,888.80",-,"1,560",84.14
JMFINANCIL,EQ,11-07-2007,"1,056.70","1,080.00","1,080.00","1,035.00","1,051.00","1,051.25","1,049.86","1,561","16,38,837.95",-,844,54.07
JMFINANCIL,EQ,12-07-2007,"1,051.25","1,075.00","1,075.00","1,040.00","1,065.00","1,058.45","1,058.67","3,493","36,97,927.35",-,"2,729",78.13
JMFINANCIL,EQ,13-07-2007,"1,058.45","1,012.05","1,069.00","1,012.05","1,047.50","1,042.75","1,046.78","2,416","25,29,013.60",-,"1,395",57.74
JMFINANCIL,EQ,16-07-2007,"1,042.75","1,050.00","1,079.00","1,050.00","1,064.95","1,061.20","1,065.44","2,983","31,78,209.95",-,"2,600",87.16
JMFINANCIL,EQ,17-07-2007,"1,061.20","1,064.00","1,083.50","1,064.00","1,080.00","1,079.70","1,077.73","3,368","36,29,781.35",-,"3,031",89.99
JMFINANCIL,EQ,18-07-2007,"1,079.70","1,099.00","1,221.25","1,075.10","1,203.00","1,203.85","1,179.98","27,999","3,30,38,394.30",-,"17,055",60.91
JMFINANCIL,EQ,19-07-2007,"1,203.85","1,250.00","1,353.00","1,215.00","1,291.00","1,284.30","1,285.50","41,088","5,28,18,558.35",-,"17,749",43.2
JMFINANCIL,EQ,20-07-2007,"1,284.30","1,298.00","1,350.00","1,260.05","1,272.00","1,278.20","1,303.91","13,633","1,77,76,156.30",-,"5,217",38.27
JMFINANCIL,EQ,23-07-2007,"1,278.20","1,325.00","1,325.00","1,246.15","1,264.00","1,273.45","1,272.98","2,796","35,59,259.75",-,"1,385",49.54
JMFINANCIL,EQ,24-07-2007,"1,273.45","1,265.00","1,349.00","1,264.00","1,309.80","1,308.25","1,304.15","6,822","88,96,889.25",-,"4,819",70.64
JMFINANCIL,EQ,25-07-2007,"1,308.25","1,300.00","1,329.50","1,251.55","1,300.00","1,302.35","1,297.43","4,142","53,73,943.65",-,"3,405",82.21
JMFINANCIL,EQ,26-07-2007,"1,302.35","1,345.00","1,346.00","1,293.50","1,310.00","1,309.85","1,312.19","4,665","61,21,367.40",-,"4,496",96.38
JMFINANCIL,EQ,27-07-2007,"1,309.85","1,225.00","1,330.00","1,225.00","1,290.00","1,289.65","1,284.09","1,968","25,27,095.30",-,"1,824",92.68
JMFINANCIL,EQ,30-07-2007,"1,289.65","1,295.00","1,319.30","1,255.00","1,315.00","1,313.90","1,308.09","10,947","1,43,19,711.85",-,"10,028",91.61
JMFINANCIL,EQ,31-07-2007,"1,313.90","1,300.00","1,322.00","1,300.00","1,312.00","1,310.65","1,310.24","8,831","1,15,70,714.00",-,"8,059",91.26
JMFINANCIL,EQ,01-08-2007,"1,310.65","1,276.15","1,314.90","1,240.05","1,310.00","1,289.35","1,277.12","10,967","1,40,06,224.95",-,"5,681",51.8
JMFINANCIL,EQ,02-08-2007,"1,289.35","1,272.25","1,321.95","1,272.25","1,300.00","1,300.05","1,299.96","2,300","29,89,906.25",-,"2,287",99.43
JMFINANCIL,EQ,03-08-2007,"1,300.05","1,305.10","1,324.85","1,296.00","1,310.00","1,309.20","1,309.11","15,189","1,98,84,008.50",-,"14,914",98.19
JMFINANCIL,EQ,06-08-2007,"1,309.20","1,340.00","1,340.15","1,305.00","1,326.00","1,321.05","1,316.43","2,495","32,84,493.50",-,"2,241",89.82
JMFINANCIL,EQ,07-08-2007,"1,321.05","1,339.00","1,459.90","1,312.00","1,325.00","1,324.25","1,330.00",810,"10,77,296.75",-,638,78.77
JMFINANCIL,EQ,08-08-2007,"1,324.25","1,322.00","1,329.00","1,310.00","1,325.00","1,323.95","1,324.67","17,227","2,28,20,065.35",-,"16,800",97.52
JMFINANCIL,EQ,09-08-2007,"1,323.95","1,345.00","1,370.00","1,320.10","1,320.10","1,324.95","1,333.19","23,744","3,16,55,145.90",-,"18,249",76.86
JMFINANCIL,EQ,10-08-2007,"1,324.95","1,222.00","1,390.00","1,222.00","1,350.20","1,347.75","1,351.78","6,195","83,74,284.05",-,"3,501",56.51
JMFINANCIL,EQ,13-08-2007,"1,347.75","1,419.95","1,419.95","1,325.00","1,345.00","1,341.75","1,348.24",696,"9,38,375.15",-,571,82.04
JMFINANCIL,EQ,14-08-2007,"1,341.75","1,341.00","1,379.90","1,321.00","1,345.00","1,345.70","1,342.05","7,542","1,01,21,741.35",-,"7,157",94.9
JMFINANCIL,EQ,16-08-2007,"1,345.70","1,287.00","1,320.00","1,287.00","1,301.05","1,311.55","1,304.78","2,337","30,49,266.80",-,"2,054",87.89
JMFINANCIL,EQ,17-08-2007,"1,311.55","1,300.00","1,327.10","1,280.00","1,320.15","1,320.95","1,300.57","3,115","40,51,287.60",-,"2,930",94.06
JMFINANCIL,EQ,20-08-2007,"1,320.95","1,310.10","1,368.00","1,310.00","1,349.95","1,337.10","1,331.41",238,"3,16,876.20",-,127,53.36
JMFINANCIL,EQ,21-08-2007,"1,337.10","1,282.30","1,356.80","1,282.30","1,315.00","1,317.35","1,311.25","2,119","27,78,533.60",-,"1,950",92.02
JMFINANCIL,EQ,22-08-2007,"1,317.35","1,358.50","1,360.00","1,316.35","1,325.00","1,328.30","1,332.98",692,"9,22,425.25",-,426,61.56
JMFINANCIL,EQ,23-08-2007,"1,328.30","1,330.10","1,339.85","1,310.25","1,335.00","1,324.85","1,322.23","3,955","52,29,416.65",-,"3,778",95.52
JMFINANCIL,EQ,24-08-2007,"1,324.85","1,318.00","1,330.00","1,318.00","1,330.00","1,330.00","1,327.53",314,"4,16,845.00",-,314,100.0
JMFINANCIL,EQ,27-08-2007,"1,330.00","1,325.00","1,350.00","1,325.00","1,350.00","1,348.65","1,342.17",254,"3,40,911.00",-,244,96.06
JMFINANCIL,EQ,28-08-2007,"1,348.65","1,349.85","1,360.00","1,340.05","1,342.50","1,342.50","1,352.55","1,043","14,10,713.95",-,918,88.02
JMFINANCIL,EQ,29-08-2007,"1,342.50","1,330.00","1,377.00","1,330.00","1,376.95","1,365.70","1,358.65","1,863","25,31,159.70",-,"1,660",89.1
JMFINANCIL,EQ,30-08-2007,"1,365.70","1,375.00","1,390.00","1,351.95","1,360.00","1,357.00","1,373.55","1,362","18,70,769.00",-,"1,219",89.5
JMFINANCIL,EQ,31-08-2007,"1,357.00","1,370.45","1,384.00","1,358.20","1,380.00","1,380.15","1,377.07",496,"6,83,025.35",-,463,93.35
JMFINANCIL,EQ,03-09-2007,"1,380.15","1,375.10","1,486.90","1,375.00","1,447.30","1,457.70","1,437.08","3,470","49,86,670.30",-,"1,932",55.68
JMFINANCIL,EQ,04-09-2007,"1,457.70","1,509.95","1,709.00","1,502.00","1,630.00","1,663.95","1,633.47","20,933","3,41,93,479.30",-,"9,473",45.25
JMFINANCIL,EQ,05-09-2007,"1,663.95","1,705.00","1,730.00","1,650.00","1,654.00","1,661.70","1,698.15","7,199","1,22,24,998.05",-,"3,406",47.31
JMFINANCIL,EQ,06-09-2007,"1,661.70","1,640.00","1,780.00","1,640.00","1,690.00","1,682.25","1,709.96","6,779","1,15,91,846.30",-,"3,505",51.7
JMFINANCIL,EQ,07-09-2007,"1,682.25","1,757.00","1,759.95","1,610.25","1,610.25","1,626.80","1,688.20","2,618","44,19,719.25",-,"1,520",58.06
JMFINANCIL,EQ,10-09-2007,"1,626.80","1,623.30","1,700.00","1,595.00","1,655.00","1,662.25","1,654.14","3,845","63,60,174.00",-,"1,291",33.58
JMFINANCIL,EQ,11-09-2007,"1,662.25","1,679.90","1,695.00","1,610.05","1,620.00","1,617.60","1,647.43","1,638","26,98,493.35",-,936,57.14
JMFINANCIL,EQ,12-09-2007,"1,617.60","1,664.90","1,664.90","1,555.00","1,568.00","1,578.15","1,600.89","1,336","21,38,786.85",-,903,67.59
JMFINANCIL,EQ,13-09-2007,"1,578.15","1,589.80","1,642.50","1,551.25","1,585.00","1,587.35","1,596.82","1,186","18,93,831.30",-,439,37.02
JMFINANCIL,EQ,14-09-2007,"1,587.35","1,575.10","1,605.00","1,551.00","1,566.70","1,562.55","1,582.57","1,164","18,42,105.80",-,752,64.6
JMFINANCIL,EQ,17-09-2007,"1,562.55","1,546.90","1,590.00","1,546.90","1,561.00","1,562.00","1,571.05","1,090","17,12,443.90",-,866,79.45
JMFINANCIL,EQ,18-09-2007,"1,562.00","1,550.00","1,578.70","1,530.00","1,555.00","1,553.15","1,550.76","2,766","42,89,412.00",-,"2,370",85.68
JMFINANCIL,EQ,19-09-2007,"1,553.15","1,600.00","1,600.00","1,525.20","1,550.00","1,550.25","1,568.96","1,363","21,38,488.60",-,893,65.52
JMFINANCIL,EQ,20-09-2007,"1,550.25","1,530.00","1,550.00","1,525.00","1,525.00","1,525.45","1,537.02","1,686","25,91,411.50",-,"1,396",82.8
JMFINANCIL,EQ,21-09-2007,"1,525.45","1,538.80","1,540.00","1,519.00","1,520.00","1,520.00","1,522.13","4,072","61,98,108.90",-,"3,631",89.17
JMFINANCIL,EQ,24-09-2007,"1,520.00","1,540.00","1,580.00","1,530.00","1,575.00","1,567.35","1,558.35","1,912","29,79,557.45",-,"1,454",76.05
JMFINANCIL,EQ,25-09-2007,"1,567.35","1,532.10","1,580.00","1,532.10","1,580.00","1,563.85","1,559.41","1,443","22,50,234.25",-,"1,292",89.54
JMFINANCIL,EQ,26-09-2007,"1,563.85","1,595.90","1,595.90","1,521.15","1,550.00","1,547.90","1,534.17","1,842","28,25,935.40",-,"1,468",79.7
JMFINANCIL,EQ,27-09-2007,"1,547.90","1,624.00","1,624.00","1,535.25","1,560.00","1,561.15","1,581.04","3,386","53,53,394.90",-,"2,092",61.78
JMFINANCIL,EQ,28-09-2007,"1,561.15","1,625.00","1,670.00","1,595.05","1,654.00","1,659.60","1,635.59","7,549","1,23,47,094.55",-,"5,548",73.49
JMFINANCIL,EQ,01-10-2007,"1,659.60","1,720.00","1,750.00","1,680.00","1,694.00","1,694.25","1,695.65","6,863","1,16,37,220.60",-,"5,510",80.29
JMFINANCIL,EQ,03-10-2007,"1,694.25","1,707.00","1,730.00","1,672.00","1,700.00","1,718.25","1,698.16","5,980","1,01,55,006.95",-,"5,170",86.45
JMFINANCIL,EQ,04-10-2007,"1,718.25","1,720.00","1,724.95","1,680.30","1,710.00","1,717.90","1,712.31","9,228","1,58,01,172.30",-,"8,859",96.0
JMFINANCIL,EQ,05-10-2007,"1,717.90","1,706.10","1,735.00","1,700.00","1,710.00","1,711.25","1,721.83","8,501","1,46,37,259.55",-,"7,191",84.59
JMFINANCIL,EQ,08-10-2007,"1,711.25","1,730.00","1,730.00","1,580.00","1,625.00","1,626.75","1,653.66","2,906","48,05,546.40",-,"2,111",72.64
JMFINANCIL,EQ,09-10-2007,"1,626.75","1,600.00","1,689.40","1,584.50","1,660.00","1,659.55","1,635.68","1,600","26,17,091.10",-,"1,269",79.31
JMFINANCIL,EQ,10-10-2007,"1,659.55","1,590.00","1,694.70","1,590.00","1,650.00","1,650.20","1,651.49","2,904","47,95,939.75",-,"2,046",70.45
JMFINANCIL,EQ,11-10-2007,"1,650.20","1,686.60","1,700.00","1,625.10","1,700.00","1,698.10","1,686.64","3,522","59,40,334.30",-,"3,354",95.23
JMFINANCIL,EQ,12-10-2007,"1,698.10","1,602.00","1,705.00","1,601.00","1,675.00","1,696.55","1,692.90","26,145","4,42,60,852.55",-,"25,396",97.14
JMFINANCIL,EQ,15-10-2007,"1,696.55","1,739.90","1,751.00","1,690.00","1,690.00","1,692.50","1,732.99","6,782","1,17,53,144.00",-,"6,330",93.34
JMFINANCIL,EQ,16-10-2007,"1,692.50","1,729.90","1,750.00","1,700.00","1,705.00","1,701.10","1,726.26","4,166","71,91,587.35",-,"3,315",79.57
JMFINANCIL,EQ,17-10-2007,"1,701.10","1,690.00","1,690.00","1,600.00","1,639.95","1,623.95","1,634.80",928,"15,17,093.00",-,706,76.08
JMFINANCIL,EQ,18-10-2007,"1,623.95","1,699.90","1,700.00","1,660.00","1,660.00","1,678.15","1,676.45","4,267","71,53,426.50",-,"4,175",97.84
JMFINANCIL,EQ,19-10-2007,"1,678.15","1,900.00","1,900.00","1,610.00","1,640.00","1,626.05","1,625.29",807,"13,11,612.50",-,676,83.77
JMFINANCIL,EQ,22-10-2007,"1,626.05","1,900.00","1,900.00","1,557.65","1,589.90","1,578.55","1,634.91","1,174","19,19,379.25",-,560,47.7
JMFINANCIL,EQ,23-10-2007,"1,578.55","1,664.90","1,700.00","1,642.00","1,665.00","1,663.30","1,658.66","2,468","40,93,567.25",-,"2,291",92.83
JMFINANCIL,EQ,24-10-2007,"1,663.30","1,729.00","1,770.00","1,591.00","1,670.00","1,671.10","1,680.92","4,529","76,12,889.20",-,"3,976",87.79
JMFINANCIL,EQ,25-10-2007,"1,671.10","1,697.90","1,700.00","1,620.00","1,681.00","1,676.60","1,666.47","3,099","51,64,389.60",-,"2,287",73.8
JMFINANCIL,EQ,26-10-2007,"1,676.60","1,679.90","1,710.00","1,661.00","1,700.00","1,700.05","1,699.24","5,594","95,05,562.45",-,"5,448",97.39
JMFINANCIL,EQ,29-10-2007,"1,700.05","1,725.00","1,800.00","1,690.00","1,719.00","1,724.95","1,762.02","15,919","2,80,49,597.10",-,"5,670",35.62
JMFINANCIL,EQ,30-10-2007,"1,724.95","1,780.00","1,780.00","1,650.10","1,687.80","1,678.95","1,732.37","5,331","92,35,248.65",-,"3,741",70.17
JMFINANCIL,EQ,31-10-2007,"1,678.95","1,695.00","1,860.00","1,690.00","1,805.00","1,820.95","1,818.44","11,897","2,16,33,944.70",-,"8,203",68.95
JMFINANCIL,EQ,01-11-2007,"1,820.95","1,890.00","1,898.00","1,750.00","1,750.00","1,788.35","1,826.71","4,225","77,17,862.30",-,"2,811",66.53
JMFINANCIL,EQ,02-11-2007,"1,788.35","1,710.05","1,925.00","1,701.00","1,901.00","1,895.05","1,818.12","9,639","1,75,24,895.25",-,"7,960",82.58
JMFINANCIL,EQ,05-11-2007,"1,895.05","1,920.00","2,274.10","1,920.00","2,274.10","2,274.10","2,166.48","22,780","4,93,52,505.40",-,"10,250",45.0
JMFINANCIL,EQ,06-11-2007,"2,274.10","2,624.40","2,624.40","2,201.00","2,276.75","2,270.00","2,411.64","31,608","7,62,26,982.20",-,"13,010",41.16
JMFINANCIL,EQ,07-11-2007,"2,270.00","2,399.90","2,500.00","2,063.30","2,224.80","2,212.50","2,185.38","3,703","80,92,458.95",-,"1,040",28.09
JMFINANCIL,EQ,08-11-2007,"2,212.50","2,032.00","2,222.00","2,030.00","2,222.00","2,144.60","2,121.14","3,192","67,70,670.55",-,"2,328",72.93
JMFINANCIL,EQ,09-11-2007,"2,144.60","2,300.00","2,300.00","2,160.00","2,195.00","2,201.30","2,203.58",732,"16,13,018.00",-,474,64.75
JMFINANCIL,EQ,12-11-2007,"2,201.30","2,055.00","2,300.00","2,055.00","2,250.00","2,251.60","2,229.99","3,912","87,23,712.70",-,"2,600",66.46
JMFINANCIL,EQ,13-11-2007,"2,251.60","2,275.00","2,320.00","2,252.20","2,290.00","2,290.50","2,290.08","2,654","60,77,879.85",-,"1,877",70.72
JMFINANCIL,EQ,14-11-2007,"2,290.50","2,348.00","2,397.00","2,266.05","2,359.90","2,360.80","2,364.96","6,365","1,50,52,970.45",-,"5,156",81.01
JMFINANCIL,EQ,15-11-2007,"2,360.80","2,251.00","2,525.00","2,251.00","2,515.00","2,496.50","2,433.08","11,264","2,74,06,269.40",-,"7,128",63.28
JMFINANCIL,EQ,16-11-2007,"2,496.50","2,565.00","2,685.00","2,492.50","2,530.00","2,563.30","2,588.93","14,738","3,81,55,718.30",-,"9,951",67.52
JMFINANCIL,EQ,19-11-2007,"2,563.30","2,642.50","2,679.95","2,550.00","2,640.00","2,624.10","2,614.98","3,196","83,57,470.35",-,"1,941",60.73
JMFINANCIL,EQ,20-11-2007,"2,624.10","2,698.50","2,698.50","2,550.00","2,550.00","2,574.80","2,618.97","4,304","1,12,72,033.85",-,"2,743",63.73
JMFINANCIL,EQ,21-11-2007,"2,574.80","2,600.00","2,600.00","2,401.10","2,447.00","2,424.90","2,477.06","3,027","74,98,048.85",-,"2,041",67.43
JMFINANCIL,EQ,22-11-2007,"2,424.90","2,436.00","2,459.95","2,312.60","2,458.40","2,451.30","2,403.00","6,069","1,45,83,788.95",-,"4,891",80.59
JMFINANCIL,EQ,23-11-2007,"2,451.30","2,550.00","2,570.00","2,401.00","2,460.00","2,428.10","2,491.48","1,041","25,93,630.65",-,581,55.81
JMFINANCIL,EQ,26-11-2007,"2,428.10","2,500.00","2,570.00","2,431.00","2,460.00","2,473.35","2,523.09","4,101","1,03,47,203.45",-,"2,041",49.77
JMFINANCIL,EQ,27-11-2007,"2,473.35","2,420.00","2,525.00","2,420.00","2,438.90","2,455.30","2,462.48","1,799","44,29,994.60",-,"1,587",88.22
JMFINANCIL,EQ,28-11-2007,"2,455.30","2,418.95","2,524.80","2,416.30","2,424.00","2,424.40","2,483.50","1,944","48,27,923.90",-,"1,526",78.5
JMFINANCIL,EQ,29-11-2007,"2,424.40","2,451.00","2,486.85","2,356.25","2,385.00","2,385.35","2,411.05","1,245","30,01,763.10",-,"1,126",90.44
JMFINANCIL,EQ,30-11-2007,"2,385.35","2,386.00","2,450.00","2,342.55","2,400.00","2,388.25","2,401.14","1,366","32,79,953.10",-,965,70.64
JMFINANCIL,EQ,03-12-2007,"2,388.25","2,400.25","2,540.00","2,400.25","2,475.00","2,471.15","2,486.21","3,921","97,48,436.20",-,"3,180",81.1
JMFINANCIL,EQ,04-12-2007,"2,471.15","2,497.50","2,549.00","2,450.00","2,500.00","2,499.55","2,496.57","9,332","2,32,98,022.65",-,"8,964",96.06
JMFINANCIL,EQ,05-12-2007,"2,499.55","2,431.00","2,518.00","2,431.00","2,500.00","2,488.60","2,497.92","3,990","99,66,698.55",-,"3,245",81.33
JMFINANCIL,EQ,06-12-2007,"2,488.60","2,535.00","2,540.00","2,365.55","2,486.00","2,441.60","2,467.63","2,893","71,38,853.40",-,"2,380",82.27
JMFINANCIL,EQ,07-12-2007,"2,441.60","2,415.00","2,499.90","2,415.00","2,443.80","2,435.90","2,450.49","1,379","33,79,224.05",-,906,65.7
JMFINANCIL,EQ,10-12-2007,"2,435.90","2,499.80","2,540.00","2,433.60","2,505.00","2,510.15","2,501.55","9,087","2,27,31,622.55",-,"5,574",61.34
JMFINANCIL,EQ,11-12-2007,"2,510.15","2,510.00","2,534.80","2,450.00","2,450.00","2,483.75","2,511.53","2,341","58,79,485.15",-,"1,696",72.45
JMFINANCIL,EQ,12-12-2007,"2,483.75","2,450.00","2,539.95","2,449.80","2,515.00","2,521.20","2,506.51","3,104","77,80,206.60",-,"2,371",76.39
JMFINANCIL,EQ,13-12-2007,"2,521.20","2,452.00","2,570.00","2,452.00","2,525.00","2,548.70","2,551.20","6,944","1,77,15,530.60",-,"5,326",76.7
JMFINANCIL,EQ,14-12-2007,"2,548.70","2,590.00","2,668.00","2,550.00","2,650.00","2,649.10","2,624.79","6,091","1,59,87,593.65",-,"5,506",90.4
JMFINANCIL,EQ,17-12-2007,"2,649.10","2,650.00","2,680.00","2,425.00","2,494.95","2,490.50","2,592.40","4,872","1,26,30,196.05",-,"3,128",64.2
JMFINANCIL,EQ,18-12-2007,"2,490.50","2,401.10","2,580.00","2,401.10","2,489.00","2,487.50","2,499.97","20,986","5,24,64,391.95",-,"20,833",99.27
JMFINANCIL,EQ,19-12-2007,"2,487.50","2,540.00","2,598.00","2,450.00","2,470.15","2,489.80","2,509.60","16,369","4,10,79,656.20",-,"15,819",96.64
JMFINANCIL,EQ,20-12-2007,"2,489.80","2,439.95","2,500.00","2,439.95","2,450.00","2,451.35","2,478.89","9,877","2,44,83,984.25",-,"9,694",98.15
JMFINANCIL,EQ,24-12-2007,"2,451.35","2,399.00","2,695.00","2,399.00","2,519.00","2,503.85","2,507.57",964,"24,17,294.40",-,602,62.45
JMFINANCIL,EQ,26-12-2007,"2,503.85","2,520.00","2,685.00","2,520.00","2,605.00","2,616.50","2,602.49","4,122","1,07,27,463.60",-,"3,037",73.68
JMFINANCIL,EQ,27-12-2007,"2,616.50","2,640.00","2,678.00","2,600.05","2,622.00","2,646.95","2,639.95","2,334","61,61,635.80",-,"1,805",77.34
JMFINANCIL,EQ,28-12-2007,"2,646.95","2,512.50","2,750.00","2,512.50","2,715.00","2,697.55","2,710.28","34,214","9,27,29,517.35",-,"32,968",96.36
JMFINANCIL,EQ,31-12-2007,"2,697.55","2,898.80","2,910.00","2,712.00","2,899.00","2,898.40","2,841.62","9,344","2,65,52,101.25",-,"7,992",85.53
JMFINANCIL,EQ,01-01-2008,"2,898.40","3,000.00","3,478.10","2,960.00","3,470.00","3,477.05","3,428.18","42,031","14,40,89,800.10",-,"29,376",69.89
JMFINANCIL,EQ,02-01-2008,"3,477.05","3,599.00","3,911.00","3,540.00","3,780.00","3,798.00","3,750.66","52,043","19,51,95,397.05",-,"24,844",47.74
JMFINANCIL,EQ,03-01-2008,"3,798.00","3,750.00","3,974.10","3,675.00","3,795.00","3,748.00","3,825.47","25,044","9,58,05,025.45",-,"15,442",61.66
JMFINANCIL,EQ,04-01-2008,"3,748.00","3,810.00","3,899.95","3,500.00","3,636.00","3,584.45","3,688.72","7,811","2,88,12,590.95",-,"4,133",52.91
JMFINANCIL,EQ,07-01-2008,"3,584.45","3,550.00","3,748.00","3,482.50","3,502.00","3,529.50","3,599.56","5,205","1,87,35,728.60",-,"2,435",46.78
JMFINANCIL,EQ,08-01-2008,"3,529.50","3,504.00","3,599.95","3,210.00","3,300.00","3,303.95","3,341.42","8,765","2,92,87,574.85",-,"5,815",66.34
JMFINANCIL,EQ,09-01-2008,"3,303.95","3,310.00","3,488.00","3,177.00","3,429.00","3,401.45","3,368.20","4,475","1,50,72,688.80",-,"2,311",51.64
JMFINANCIL,EQ,10-01-2008,"3,401.45","3,416.00","3,501.00","3,275.00","3,275.00","3,302.65","3,394.38","4,229","1,43,54,840.90",-,"3,466",81.96
JMFINANCIL,EQ,11-01-2008,"3,302.65","3,350.05","3,350.05","3,150.05","3,211.00","3,252.90","3,269.04","3,910","1,27,81,934.75",-,"2,782",71.15
JMFINANCIL,EQ,14-01-2008,"3,252.90","3,450.00","3,450.00","3,120.00","3,297.00","3,264.90","3,281.20","5,516","1,80,99,076.65",-,"4,490",81.40
JMFINANCIL,EQ,15-01-2008,"3,264.90","3,450.00","3,450.00","3,250.00","3,320.00","3,318.70","3,320.87","6,413","2,12,96,727.25",-,"3,718",57.98
JMFINANCIL,EQ,16-01-2008,"3,318.70","3,330.00","3,420.00","3,180.00","3,400.00","3,370.60","3,349.03","10,412","3,48,70,104.65",-,"8,590",82.50
JMFINANCIL,EQ,17-01-2008,"3,370.60","3,351.00","3,445.00","3,270.00","3,330.00","3,304.00","3,323.62","2,906","96,58,429.45",-,"2,067",71.13
JMFINANCIL,EQ,18-01-2008,"3,304.00","3,200.00","3,440.00","3,200.00","3,220.00","3,285.15","3,309.63","3,094","1,02,39,982.15",-,"2,479",80.12
JMFINANCIL,EQ,21-01-2008,"3,285.15","3,100.00","3,248.00","2,956.65","2,975.00","2,961.05","2,962.84","14,935","4,42,50,022.05",-,"14,161",94.82
JMFINANCIL,EQ,22-01-2008,"2,961.05","2,884.70","2,884.70","2,664.95","2,664.95","2,665.15","2,665.44","4,467","1,19,06,529.80",-,"4,463",99.91
JMFINANCIL,EQ,23-01-2008,"2,665.15","2,640.00","2,931.50","2,400.00","2,930.00","2,927.00","2,733.80","7,154","1,95,57,581.40",-,"5,537",77.40
JMFINANCIL,EQ,24-01-2008,"2,927.00","3,195.00","3,195.00","2,636.05","2,645.00","2,677.70","2,801.20","6,236","1,74,68,254.85",-,"5,238",84.00
JMFINANCIL,EQ,25-01-2008,"2,677.70","2,799.95","2,800.00","2,640.00","2,795.00","2,764.65","2,735.50","8,020","2,19,38,707.05",-,"7,358",91.75
JMFINANCIL,EQ,28-01-2008,"2,764.65","2,899.00","2,939.00","2,590.00","2,900.00","2,902.85","2,853.77","5,895","1,68,22,960.65",-,"5,272",89.43
JMFINANCIL,EQ,29-01-2008,"2,902.85","2,950.00","3,099.00","2,795.00","2,936.00","2,908.05","2,889.01","1,562","45,12,630.75",-,976,62.48
JMFINANCIL,EQ,30-01-2008,"2,908.05","2,802.50","3,049.00","2,802.50","3,003.00","2,950.65","2,895.70","3,262","94,45,766.80",-,"2,477",75.94
JMFINANCIL,EQ,31-01-2008,"2,950.65","3,050.00","3,120.00","2,803.00","3,100.00","3,045.85","2,996.78","6,728","2,01,62,359.75",-,"5,308",78.89
JMFINANCIL,EQ,01-02-2008,"3,045.85","3,155.55","3,157.00","2,865.25","2,909.95","2,901.80","2,960.95",908,"26,88,541.00",-,522,57.49
JMFINANCIL,EQ,04-02-2008,"2,901.80","2,952.00","3,020.00","2,810.00","2,840.00","2,841.05","2,890.24","1,798","51,96,652.30",-,"1,068",59.40
JMFINANCIL,EQ,05-02-2008,"2,841.05","2,702.25","2,865.00","2,702.25","2,740.00","2,758.30","2,819.65","1,064","30,00,105.75",-,701,65.88
JMFINANCIL,EQ,06-02-2008,"2,758.30","2,725.00","2,749.85","2,651.00","2,680.00","2,680.50","2,700.92","1,151","31,08,757.25",-,642,55.78
JMFINANCIL,EQ,07-02-2008,"2,680.50","2,750.00","2,750.00","2,590.00","2,600.00","2,598.15","2,647.72","1,847","48,90,336.05",-,"1,043",56.47
JMFINANCIL,EQ,08-02-2008,"2,598.15","2,561.00","2,590.00","2,340.00","2,560.00","2,520.85","2,466.97","4,245","1,04,72,299.65",-,"2,725",64.19
JMFINANCIL,EQ,11-02-2008,"2,520.85","2,500.00","2,500.00","2,270.00","2,468.00","2,416.95","2,358.46","4,108","96,88,547.60",-,"2,563",62.39
JMFINANCIL,EQ,12-02-2008,"2,416.95","2,302.00","2,373.90","2,220.05","2,350.00","2,350.85","2,332.58","3,798","88,59,132.05",-,"3,037",79.96
JMFINANCIL,EQ,13-02-2008,"2,350.85","2,261.00","2,480.00","2,261.00","2,355.00","2,343.40","2,320.51",960,"22,27,692.05",-,508,52.92
JMFINANCIL,EQ,14-02-2008,"2,343.40","2,450.00","2,480.00","2,375.00","2,400.00","2,433.20","2,436.66","3,675","89,54,735.85",-,"2,617",71.21
JMFINANCIL,EQ,15-02-2008,"2,433.20","2,311.00","2,485.00","2,305.00","2,460.00","2,406.05","2,368.31","3,363","79,64,611.50",-,"2,361",70.21
JMFINANCIL,EQ,18-02-2008,"2,406.05","2,420.00","2,500.00","2,390.00","2,425.00","2,446.95","2,440.71","1,665","40,63,783.65",-,"1,347",80.90
JMFINANCIL,EQ,19-02-2008,"2,446.95","2,398.00","2,540.00","2,398.00","2,426.00","2,447.30","2,460.52","1,524","37,49,836.25",-,"1,160",76.12
JMFINANCIL,EQ,20-02-2008,"2,447.30","2,377.00","2,444.00","2,350.00","2,350.00","2,359.20","2,371.70",351,"8,32,465.70",-,277,78.92
JMFINANCIL,EQ,21-02-2008,"2,359.20","2,380.00","2,386.50","2,300.00","2,302.00","2,306.30","2,322.49",547,"12,70,400.10",-,431,78.79
JMFINANCIL,EQ,22-02-2008,"2,306.30","2,310.00","2,536.65","2,300.00","2,430.00","2,456.40","2,398.37","3,090","74,10,958.50",-,"2,344",75.86
JMFINANCIL,EQ,25-02-2008,"2,456.40","2,450.00","2,499.00","2,305.75","2,335.00","2,362.30","2,359.47","2,558","60,35,518.40",-,"1,554",60.75
JMFINANCIL,EQ,26-02-2008,"2,362.30","2,420.00","2,420.00","2,250.05","2,300.00","2,314.25","2,304.76","4,821","1,11,11,254.60",-,"2,471",51.25
JMFINANCIL,EQ,27-02-2008,"2,314.25","2,334.00","2,350.00","2,250.00","2,250.00","2,277.20","2,312.36","2,982","68,95,470.50",-,"1,903",63.82
JMFINANCIL,EQ,28-02-2008,"2,277.20","2,299.85","2,299.85","2,260.00","2,260.00","2,263.90","2,268.05",391,"8,86,806.35",-,268,68.54
JMFINANCIL,EQ,29-02-2008,"2,263.90","2,260.00","2,280.00","2,203.10","2,242.00","2,234.55","2,230.14","1,725","38,46,993.25",-,"1,069",61.97
JMFINANCIL,EQ,03-03-2008,"2,234.55","2,124.60","2,220.00","2,050.00","2,062.00","2,061.35","2,086.42","1,960","40,89,381.55",-,"1,441",73.52
JMFINANCIL,EQ,04-03-2008,"2,061.35","2,099.95","2,099.95","1,855.25","1,870.00","1,899.30","1,890.90","4,781","90,40,401.00",-,"2,884",60.32
JMFINANCIL,EQ,05-03-2008,"1,899.30","1,801.10","1,870.00","1,721.00","1,800.00","1,794.10","1,787.81","8,280","1,48,03,094.75",-,"5,379",64.96
JMFINANCIL,EQ,07-03-2008,"1,794.10","1,676.25","1,694.00","1,615.00","1,646.90","1,636.20","1,637.84","3,453","56,55,452.50",-,"2,640",76.46
JMFINANCIL,EQ,10-03-2008,"1,636.20","1,620.00","1,626.00","1,554.40","1,554.40","1,560.70","1,560.38","2,959","46,17,171.95",-,"1,828",61.78
JMFINANCIL,EQ,11-03-2008,"1,560.70","1,500.05","1,638.75","1,500.05","1,599.80","1,593.85","1,586.72","3,258","51,69,534.45",-,"1,757",53.93
JMFINANCIL,EQ,12-03-2008,"1,593.85","1,673.00","1,673.00","1,580.00","1,600.00","1,586.50","1,627.49","3,147","51,21,719.05",-,"2,644",84.02
JMFINANCIL,EQ,13-03-2008,"1,586.50","1,515.00","1,585.00","1,508.00","1,513.75","1,513.75","1,532.27","1,161","17,78,965.00",-,677,58.31
JMFINANCIL,EQ,14-03-2008,"1,513.75","1,449.95","1,465.00","1,438.10","1,440.00","1,441.10","1,441.62","2,796","40,30,779.05",-,"2,495",89.23
JMFINANCIL,EQ,17-03-2008,"1,441.10","1,375.00","1,388.00","1,369.05","1,369.05","1,369.05","1,377.44",584,"8,04,425.95",-,425,72.77
JMFINANCIL,EQ,18-03-2008,"1,369.05","1,305.00","1,305.00","1,300.60","1,300.60","1,300.60","1,300.60","30,287","3,93,91,356.40",-,"29,878",98.65
JMFINANCIL,EQ,19-03-2008,"1,300.60","1,355.00","1,355.00","1,235.60","1,235.60","1,235.60","1,241.29","11,162","1,38,55,285.40",-,"10,503",94.10
JMFINANCIL,EQ,24-03-2008,"1,235.60","1,200.00","1,297.40","1,173.85","1,295.00","1,238.90","1,177.65","21,977","2,58,81,158.50",-,"21,606",98.31
JMFINANCIL,EQ,25-03-2008,"1,238.90","1,265.00","1,300.50","1,200.10","1,300.00","1,292.50","1,266.46","9,978","1,26,36,725.85",-,"2,998",30.05
JMFINANCIL,EQ,26-03-2008,"1,292.50","1,275.00","1,300.00","1,231.00","1,290.00","1,280.60","1,274.14","1,606","20,46,262.80",-,"1,232",76.71
JMFINANCIL,EQ,27-03-2008,"1,280.60","1,297.00","1,297.00","1,225.00","1,231.50","1,238.45","1,241.25","2,098","26,04,134.15",-,"1,476",70.35
JMFINANCIL,EQ,28-03-2008,"1,238.45","1,209.00","1,300.40","1,209.00","1,300.40","1,300.05","1,284.18","3,256","41,81,289.20",-,"2,221",68.21
JMFINANCIL,EQ,31-03-2008,"1,300.05","1,280.00","1,356.00","1,280.00","1,356.00","1,321.70","1,327.19","2,434","32,30,381.05",-,"1,730",71.08
JMFINANCIL,EQ,01-04-2008,"1,321.70","1,330.00","1,349.55","1,285.00","1,310.00","1,310.10","1,317.03",560,"7,37,537.60",-,386,68.93
JMFINANCIL,EQ,02-04-2008,"1,310.10","1,250.05","1,360.00","1,250.05","1,270.00","1,277.75","1,317.46","1,587","20,90,814.20",-,"1,174",73.98
JMFINANCIL,EQ,03-04-2008,"1,277.75","1,290.00","1,312.00","1,230.00","1,260.00","1,263.25","1,258.36",416,"5,23,479.80",-,217,52.16
JMFINANCIL,EQ,04-04-2008,"1,263.25","1,294.50","1,294.50","1,210.05","1,217.00","1,220.60","1,230.17",926,"11,39,137.95",-,585,63.17
JMFINANCIL,EQ,07-04-2008,"1,220.60","1,168.00","1,268.00","1,167.00","1,247.00","1,233.55","1,218.75",840,"10,23,752.55",-,361,42.98
JMFINANCIL,EQ,08-04-2008,"1,233.55","1,200.05","1,249.75","1,200.05","1,231.05","1,244.90","1,232.47",207,"2,55,120.90",-,164,79.23
JMFINANCIL,EQ,09-04-2008,"1,244.90","1,232.40","1,278.00","1,216.05","1,240.10","1,240.95","1,235.31","1,574","19,44,375.75",-,949,60.29
JMFINANCIL,EQ,10-04-2008,"1,240.95","1,260.00","1,270.00","1,240.00","1,240.00","1,242.30","1,247.39",319,"3,97,917.30",-,222,69.59
JMFINANCIL,EQ,11-04-2008,"1,242.30","1,279.95","1,304.45","1,225.05","1,304.45","1,304.45","1,272.28","3,325","42,30,319.70",-,"1,930",58.05
JMFINANCIL,EQ,15-04-2008,"1,304.45","1,252.00","1,369.70","1,252.00","1,369.70","1,369.70","1,358.86",616,"8,37,055.20",-,480,77.92
JMFINANCIL,EQ,16-04-2008,"1,369.70","1,438.20","1,438.20","1,438.20","1,438.20","1,438.20","1,438.20",152,"2,18,606.40",-,152,100.00
JMFINANCIL,EQ,17-04-2008,"1,438.20","1,510.15","1,510.15","1,510.15","1,510.15","1,510.15","1,510.15",359,"5,42,143.85",-,359,100.00
JMFINANCIL,EQ,21-04-2008,"1,510.15","1,585.70","1,585.70","1,520.00","1,550.00","1,545.10","1,567.66","7,772","1,21,83,857.45",-,"4,980",64.08
JMFINANCIL,EQ,22-04-2008,"1,545.10","1,569.00","1,622.40","1,481.00","1,616.00","1,605.15","1,609.21","14,493","2,33,22,338.50",-,"9,935",68.55
JMFINANCIL,EQ,23-04-2008,"1,605.15","1,650.00","1,650.00","1,524.95","1,602.15","1,614.95","1,602.10","13,498","2,16,25,174.65",-,"10,399",77.04
JMFINANCIL,EQ,24-04-2008,"1,614.95","1,650.95","1,659.95","1,560.00","1,580.00","1,579.85","1,615.37","2,138","34,53,668.00",-,967,45.23
JMFINANCIL,EQ,25-04-2008,"1,579.85","1,608.95","1,608.95","1,560.00","1,570.05","1,572.55","1,571.89","2,423","38,08,683.70",-,"1,649",68.06
JMFINANCIL,EQ,28-04-2008,"1,572.55","1,600.00","1,642.50","1,569.00","1,585.00","1,572.95","1,594.16","1,238","19,73,574.20",-,619,50.00
JMFINANCIL,EQ,29-04-2008,"1,572.95","1,562.05","1,584.75","1,560.05","1,573.00","1,580.50","1,574.77","3,124","49,19,567.75",-,"1,832",58.64
JMFINANCIL,EQ,30-04-2008,"1,580.50","1,640.00","1,640.00","1,562.25","1,571.10","1,574.95","1,580.87","6,198","97,98,247.55",-,"1,335",21.54
JMFINANCIL,EQ,02-05-2008,"1,574.95","1,639.95","1,640.00","1,560.00","1,592.00","1,589.90","1,586.33","4,387","69,59,235.50",-,"1,763",40.19
JMFINANCIL,EQ,05-05-2008,"1,589.90","1,639.00","1,639.00","1,585.00","1,620.00","1,619.20","1,615.07","3,284","53,03,891.20",-,"2,159",65.74
JMFINANCIL,EQ,06-05-2008,"1,619.20","1,600.00","1,630.00","1,590.05","1,630.00","1,622.60","1,612.65","1,926","31,05,971.05",-,"1,247",64.75
JMFINANCIL,EQ,07-05-2008,"1,622.60","1,565.00","1,699.00","1,565.00","1,651.00","1,656.35","1,636.76","2,011","32,91,521.85",-,"1,180",58.68
JMFINANCIL,EQ,08-05-2008,"1,656.35","1,602.00","1,665.00","1,602.00","1,631.05","1,641.25","1,639.61",953,"15,62,544.30",-,708,74.29
JMFINANCIL,EQ,09-05-2008,"1,641.25","1,635.50","1,645.00","1,620.00","1,626.00","1,624.70","1,626.07","1,058","17,20,386.95",-,906,85.63
JMFINANCIL,EQ,12-05-2008,"1,624.70","1,605.05","1,639.65","1,544.00","1,629.00","1,626.35","1,596.90","3,790","60,52,256.15",-,"2,988",78.84
JMFINANCIL,EQ,13-05-2008,"1,626.35","1,615.00","1,643.85","1,600.00","1,601.00","1,614.30","1,619.34","3,655","59,18,696.45",-,"2,171",59.40
JMFINANCIL,EQ,14-05-2008,"1,614.30","1,603.05","1,612.00","1,585.00","1,600.00","1,600.15","1,602.78","2,337","37,45,692.20",-,"2,272",97.22
JMFINANCIL,EQ,15-05-2008,"1,600.15","1,629.00","1,680.20","1,620.05","1,680.20","1,670.85","1,657.98","3,227","53,50,313.30",-,"1,421",44.03
JMFINANCIL,EQ,16-05-2008,"1,670.85","1,685.00","1,700.00","1,635.00","1,654.95","1,646.75","1,662.20","1,094","18,18,451.45",-,873,79.80
JMFINANCIL,EQ,20-05-2008,"1,646.75","1,602.60","1,668.90","1,602.00","1,634.50","1,637.55","1,646.55",438,"7,21,190.75",-,134,30.59
JMFINANCIL,EQ,21-05-2008,"1,637.55","1,629.95","1,630.00","1,590.05","1,610.10","1,620.50","1,622.13",662,"10,73,852.10",-,378,57.10
JMFINANCIL,EQ,22-05-2008,"1,620.50","1,610.00","1,628.90","1,570.00","1,578.65","1,580.95","1,593.56",918,"14,62,885.00",-,751,81.81
JMFINANCIL,EQ,23-05-2008,"1,580.95","1,642.50","1,644.30","1,501.90","1,509.00","1,504.05","1,545.32","1,503","23,22,617.85",-,882,58.68
JMFINANCIL,EQ,26-05-2008,"1,504.05","1,510.00","1,510.00","1,430.00","1,493.55","1,488.95","1,467.23",673,"9,87,442.70",-,344,51.11
JMFINANCIL,EQ,27-05-2008,"1,488.95","1,558.00","1,558.00","1,435.10","1,480.00","1,449.70","1,483.29",693,"10,27,921.45",-,352,50.79
JMFINANCIL,EQ,28-05-2008,"1,449.70","1,450.00","1,505.00","1,450.00","1,489.80","1,476.40","1,480.15",564,"8,34,803.50",-,390,69.15
JMFINANCIL,EQ,29-05-2008,"1,476.40","1,550.25","1,550.25","1,550.25","1,550.25","1,550.25","1,550.25",754,"11,68,888.50",-,754,100.00
JMFINANCIL,EQ,30-05-2008,"1,550.25","1,627.80","1,627.80","1,627.80","1,627.80","1,627.80","1,627.80",141,"2,29,519.80",-,141,100.00
JMFINANCIL,EQ,02-06-2008,"1,627.80","1,709.20","1,709.20","1,685.00","1,709.20","1,709.20","1,708.41","11,918","2,03,60,839.45",-,"8,577",71.97
JMFINANCIL,EQ,03-06-2008,"1,709.20","1,774.70","1,794.70","1,711.00","1,794.70","1,794.70","1,788.88","22,674","4,05,61,165.75",-,"18,097",79.81
JMFINANCIL,EQ,04-06-2008,"1,794.70","1,884.45","1,884.45","1,821.00","1,884.45","1,882.90","1,883.11","11,202","2,10,94,574.15",-,"7,579",67.66
JMFINANCIL,EQ,05-06-2008,"1,882.90","1,968.00","1,968.00","1,788.80","1,817.00","1,837.50","1,850.54","13,389","2,47,76,815.90",-,"4,669",34.87
JMFINANCIL,EQ,06-06-2008,"1,837.50","1,848.00","1,848.00","1,753.55","1,800.00","1,785.05","1,791.23","4,917","88,07,493.95",-,"2,273",46.23
JMFINANCIL,EQ,09-06-2008,"1,785.05","1,700.00","1,750.00","1,696.00","1,719.50","1,714.15","1,707.52","5,377","91,81,329.85",-,"3,492",64.94
JMFINANCIL,EQ,10-06-2008,"1,714.15","1,700.00","1,759.80","1,660.50","1,735.00","1,732.65","1,714.80","5,829","99,95,559.80",-,"2,829",48.53
JMFINANCIL,EQ,11-06-2008,"1,732.65","1,715.30","1,794.00","1,715.30","1,718.00","1,724.55","1,744.95","2,410","42,05,337.90",-,"1,008",41.83
JMFINANCIL,EQ,12-06-2008,"1,724.55","1,643.00","1,730.00","1,643.00","1,725.00","1,715.75","1,698.80","1,389","23,59,635.95",-,844,60.76
JMFINANCIL,EQ,13-06-2008,"1,715.75","1,730.00","1,741.80","1,685.00","1,700.00","1,700.90","1,701.42","5,045","85,83,659.40",-,"4,121",81.68
JMFINANCIL,EQ,16-06-2008,"1,700.90","1,759.90","1,760.00","1,685.00","1,700.00","1,696.60","1,715.38","1,485","25,47,332.30",-,780,52.53
JMFINANCIL,EQ,17-06-2008,"1,696.60","1,730.00","1,730.00","1,685.00","1,686.00","1,690.90","1,694.75","1,407","23,84,516.00",-,845,60.06
JMFINANCIL,EQ,18-06-2008,"1,690.90","1,710.00","1,730.00","1,671.00","1,683.70","1,681.25","1,694.40","1,540","26,09,372.50",-,957,62.14
JMFINANCIL,EQ,19-06-2008,"1,681.25","1,650.60","1,692.05","1,613.00","1,640.00","1,651.90","1,667.37","1,121","18,69,123.15",-,537,47.90
JMFINANCIL,EQ,20-06-2008,"1,651.90","1,694.00","1,701.50","1,569.30","1,569.30","1,569.30","1,592.64","2,279","36,29,621.90",-,"1,289",56.56
JMFINANCIL,EQ,23-06-2008,"1,569.30","1,500.00","1,500.15","1,490.85","1,490.85","1,490.85","1,491.89",888,"13,24,797.25",-,761,85.70
JMFINANCIL,EQ,24-06-2008,"1,490.85","1,490.00","1,529.00","1,417.00","1,450.00","1,457.60","1,480.07","8,898","1,31,69,680.30",-,"7,624",85.68
JMFINANCIL,EQ,25-06-2008,"1,457.60","1,480.00","1,530.50","1,400.05","1,515.00","1,529.85","1,492.67","1,806","26,95,770.35",-,"1,425",78.90
JMFINANCIL,EQ,26-06-2008,"1,529.85","1,606.35","1,606.35","1,455.00","1,500.00","1,507.20","1,576.01","5,757","90,73,092.60",-,"4,135",71.83
JMFINANCIL,EQ,27-06-2008,"1,507.20","1,435.00","1,519.00","1,433.00","1,450.00","1,459.55","1,472.13","1,399","20,59,507.75",-,741,52.97
JMFINANCIL,EQ,30-06-2008,"1,459.55","1,511.00","1,516.00","1,422.00","1,450.00","1,446.25","1,475.04","1,594","23,51,210.75",-,925,58.03
JMFINANCIL,EQ,01-07-2008,"1,446.25","1,451.00","1,452.00","1,373.95","1,373.95","1,373.95","1,391.34","1,071","14,90,129.30",-,862,80.49
JMFINANCIL,EQ,02-07-2008,"1,373.95","1,350.00","1,429.00","1,305.25","1,405.00","1,404.00","1,358.05","2,044","27,75,862.90",-,"1,258",61.55
JMFINANCIL,EQ,03-07-2008,"1,404.00","1,405.00","1,405.00","1,351.05","1,400.00","1,392.40","1,382.22","2,392","33,06,272.35",-,"1,830",76.51
JMFINANCIL,EQ,04-07-2008,"1,392.40","1,400.00","1,400.00","1,350.00","1,388.00","1,389.35","1,383.53","1,522","21,05,736.80",-,860,56.50
JMFINANCIL,EQ,07-07-2008,"1,389.35","1,436.45","1,475.00","1,412.60","1,445.00","1,436.10","1,441.40","2,452","35,34,319.05",-,"1,774",72.35
JMFINANCIL,EQ,08-07-2008,"1,436.10","1,402.00","1,444.95","1,211.55","1,435.00","1,432.90","1,419.23","1,350","19,15,964.30",-,922,68.30
JMFINANCIL,EQ,09-07-2008,"1,432.90","1,469.00","1,489.80","1,435.00","1,438.00","1,448.25","1,454.52","1,593","23,17,048.10",-,969,60.83
JMFINANCIL,EQ,10-07-2008,"1,448.25","1,440.00","1,483.00","1,401.00","1,424.00","1,421.10","1,423.03","2,230","31,73,353.55",-,"1,681",75.38
JMFINANCIL,EQ,11-07-2008,"1,421.10","1,424.00","1,440.00","1,350.00","1,355.00","1,363.80","1,405.97","11,700","1,64,49,802.15",-,"10,669",91.19
JMFINANCIL,EQ,14-07-2008,"1,363.80","1,340.00","1,419.00","1,275.00","1,385.00","1,380.10","1,348.36","3,411","45,99,260.25",-,"1,533",44.94
JMFINANCIL,EQ,15-07-2008,"1,380.10","1,365.00","1,393.50","1,320.05","1,364.90","1,361.20","1,361.33",767,"10,44,137.10",-,527,68.71
JMFINANCIL,EQ,16-07-2008,"1,361.20","1,340.00","1,374.00","1,300.00","1,310.00","1,307.90","1,336.44",839,"11,21,269.20",-,404,48.15
JMFINANCIL,EQ,17-07-2008,"1,307.90","1,350.00","1,350.00","1,300.05","1,306.00","1,306.55","1,312.11",724,"9,49,967.60",-,531,73.34
JMFINANCIL,EQ,18-07-2008,"1,306.55","1,306.10","1,331.50","1,300.00","1,306.10","1,311.05","1,311.81",519,"6,80,830.75",-,411,79.19
JMFINANCIL,EQ,21-07-2008,"1,311.05","1,301.00","1,323.95","1,280.00","1,280.00","1,287.75","1,296.44",585,"7,58,419.90",-,495,84.62
JMFINANCIL,EQ,22-07-2008,"1,287.75","1,280.10","1,316.00","1,276.00","1,279.00","1,281.70","1,292.12","1,289","16,65,539.05",-,"1,004",77.89
JMFINANCIL,EQ,23-07-2008,"1,281.70","1,388.00","1,400.00","1,333.30","1,350.00","1,351.40","1,349.51","4,197","56,63,907.10",-,"3,413",81.32
JMFINANCIL,EQ,24-07-2008,"1,351.40","1,350.00","1,397.00","1,300.00","1,317.50","1,313.50","1,349.11","2,333","31,47,480.05",-,"1,790",76.73
JMFINANCIL,EQ,25-07-2008,"1,313.50","1,300.00","1,320.00","1,280.00","1,318.90","1,317.70","1,311.54","3,234","42,41,534.25",-,"2,451",75.79
JMFINANCIL,EQ,28-07-2008,"1,317.70","1,389.00","1,408.00","1,280.05","1,301.25","1,302.85","1,314.02","2,466","32,40,366.25",-,"1,784",72.34
JMFINANCIL,EQ,29-07-2008,"1,302.85","1,290.00","1,314.00","1,266.00","1,270.00","1,269.00","1,279.10","1,345","17,20,382.80",-,"1,015",75.46
JMFINANCIL,EQ,30-07-2008,"1,269.00","1,300.00","1,310.00","1,226.00","1,299.00","1,280.40","1,267.76","4,484","56,84,620.45",-,"3,179",70.90
JMFINANCIL,EQ,31-07-2008,"1,280.40","1,270.00","1,300.00","1,227.80","1,273.00","1,292.65","1,263.28","5,798","73,24,499.40",-,"3,738",64.47
JMFINANCIL,EQ,01-08-2008,"1,292.65","1,241.10","1,286.95","1,240.00","1,265.00","1,271.85","1,271.35","1,781","22,64,267.80",-,922,51.77
JMFINANCIL,EQ,04-08-2008,"1,271.85","1,259.10","1,290.00","1,259.10","1,270.00","1,277.90","1,277.35","1,588","20,28,437.55",-,797,50.19
JMFINANCIL,EQ,05-08-2008,"1,277.90","1,271.00","1,289.00","1,265.00","1,265.00","1,276.70","1,279.30","1,547","19,79,080.10",-,"1,244",80.41
JMFINANCIL,EQ,06-08-2008,"1,276.70","1,319.00","1,319.00","1,266.30","1,278.95","1,273.10","1,285.68","2,715","34,90,610.80",-,"1,876",69.10
JMFINANCIL,EQ,07-08-2008,"1,273.10","1,260.05","1,276.80","1,260.05","1,269.95","1,267.40","1,270.14",594,"7,54,462.65",-,406,68.35
JMFINANCIL,EQ,08-08-2008,"1,267.40","1,265.00","1,283.00","1,246.00","1,269.50","1,268.40","1,267.05","2,075","26,29,138.90",-,"1,481",71.37
JMFINANCIL,EQ,11-08-2008,"1,268.40","1,308.00","1,308.00","1,285.00","1,289.00","1,287.85","1,294.66","4,300","55,67,034.40",-,"3,773",87.74
JMFINANCIL,EQ,12-08-2008,"1,287.85","1,295.00","1,300.00","1,272.00","1,275.00","1,277.30","1,280.02","1,472","18,84,193.85",-,907,61.62
JMFINANCIL,EQ,13-08-2008,"1,277.30","1,274.00","1,288.00","1,269.50","1,279.90","1,275.05","1,276.82","1,252","15,98,574.35",-,"1,066",85.14
JMFINANCIL,EQ,14-08-2008,"1,275.05","1,275.00","1,294.00","1,261.00","1,270.00","1,270.85","1,280.24","5,201","66,58,513.80",-,"4,053",77.93
JMFINANCIL,EQ,18-08-2008,"1,270.85","1,300.00","1,300.00","1,251.00","1,265.00","1,261.05","1,273.62","3,222","41,03,615.80",-,"2,336",72.50
JMFINANCIL,EQ,19-08-2008,"1,261.05","1,280.00","1,280.00","1,255.00","1,267.00","1,264.15","1,265.96","2,939","37,20,666.45",-,"2,080",70.77
JMFINANCIL,EQ,20-08-2008,"1,264.15","1,275.00","1,275.00","1,260.10","1,260.10","1,263.05","1,268.92","5,799","73,58,491.65",-,"4,838",83.43
JMFINANCIL,EQ,21-08-2008,"1,263.05","1,278.00","1,278.00","1,221.00","1,233.00","1,231.45","1,256.27","6,417","80,61,508.80",-,"4,104",63.96
JMFINANCIL,EQ,22-08-2008,"1,231.45","1,248.50","1,260.00","1,226.00","1,253.00","1,257.70","1,252.86","3,692","46,25,556.70",-,"2,833",76.73
JMFINANCIL,EQ,25-08-2008,"1,257.70","1,270.00","1,270.00","1,251.10","1,254.00","1,258.05","1,266.64","4,259","53,94,631.65",-,"2,996",70.35
JMFINANCIL,EQ,26-08-2008,"1,258.05","1,253.00","1,275.00","1,245.00","1,269.00","1,266.75","1,268.70","4,684","59,42,578.65",-,"3,837",81.92
JMFINANCIL,EQ,27-08-2008,"1,266.75","1,278.00","1,278.00","1,226.00","1,245.00","1,242.70","1,251.19","3,033","37,94,847.25",-,"1,990",65.61
JMFINANCIL,EQ,28-08-2008,"1,242.70","1,230.00","1,264.95","1,230.00","1,236.00","1,240.85","1,238.99","1,561","19,34,062.10",-,"1,098",70.34
JMFINANCIL,EQ,29-08-2008,"1,240.85","1,250.00","1,354.80","1,250.00","1,344.00","1,342.35","1,327.29","16,026","2,12,71,090.65",-,"9,162",57.17
JMFINANCIL,EQ,01-09-2008,"1,342.35","1,350.00","1,425.00","1,322.00","1,420.00","1,413.85","1,395.55","21,975","3,06,67,300.70",-,"8,135",37.02
JMFINANCIL,EQ,02-09-2008,"1,413.85","1,440.00","1,489.90","1,310.00","1,370.00","1,370.00","1,409.42","20,169","2,84,26,633.80",-,"8,444",41.87
JMFINANCIL,EQ,04-09-2008,"1,370.00","1,370.00","1,469.00","1,351.00","1,452.50","1,453.90","1,434.89","31,689","4,54,70,218.45",-,"10,926",34.48
JMFINANCIL,EQ,05-09-2008,"1,453.90","1,436.00","1,480.00","1,385.00","1,397.00","1,402.20","1,447.93","35,984","5,21,02,273.10",-,"16,371",45.50
JMFINANCIL,EQ,08-09-2008,"1,402.20",66.00,67.35,61.90,67.35,67.35,64.89,"1,66,230","1,07,86,898.45",-,-,-
JMFINANCIL,EQ,09-09-2008,67.35,70.00,79.35,69.40,71.45,71.45,74.95,"33,41,483","25,04,45,272.00",-,-,-
JMFINANCIL,EQ,10-09-2008,71.45,71.70,74.00,68.30,71.25,70.95,71.53,"17,64,737","12,62,25,145.55",-,-,-
JMFINANCIL,EQ,11-09-2008,70.95,69.00,71.45,68.20,68.70,68.70,70.01,"6,26,012","4,38,29,670.30",-,-,-
JMFINANCIL,EQ,12-09-2008,68.70,69.40,69.95,62.50,63.55,63.60,65.12,"6,12,928","3,99,11,281.35",-,-,-
JMFINANCIL,EQ,15-09-2008,63.60,62.50,63.00,56.00,57.45,57.90,58.31,"3,02,211","1,76,22,253.55",-,"7,40,808",10.87
JMFINANCIL,EQ,16-09-2008,57.90,54.25,54.85,50.35,54.50,53.50,52.35,"3,32,683","1,74,17,425.05",-,"70,525",21.20
JMFINANCIL,EQ,17-09-2008,53.50,54.40,56.90,52.20,53.10,52.95,53.94,"1,89,357","1,02,14,293.20",-,"82,218",43.42
JMFINANCIL,EQ,18-09-2008,52.95,47.50,54.50,45.10,53.85,51.75,50.18,"20,10,287","10,08,68,529.80",-,"17,53,959",87.25
JMFINANCIL,EQ,19-09-2008,51.75,55.00,56.00,52.20,52.50,52.60,53.28,"1,23,110","65,59,141.85",-,"51,516",41.85
JMFINANCIL,EQ,22-09-2008,52.60,53.05,53.05,48.50,49.40,49.25,49.88,"1,59,706","79,66,912.40",-,"73,910",46.28
JMFINANCIL,EQ,23-09-2008,49.25,48.00,48.50,46.25,46.60,46.75,47.54,"75,364","35,82,997.05",-,"42,972",57.02
JMFINANCIL,EQ,24-09-2008,46.75,48.00,48.45,45.55,46.00,46.00,46.85,"1,08,975","51,05,319.20",-,"39,625",36.36
JMFINANCIL,EQ,25-09-2008,46.00,45.50,47.50,43.75,43.90,44.40,45.59,"1,08,423","49,43,135.15",-,"51,510",47.51
JMFINANCIL,EQ,26-09-2008,44.40,45.50,45.50,40.00,43.85,43.30,42.38,"2,44,432","1,03,59,734.80",-,"1,20,460",49.28
JMFINANCIL,EQ,29-09-2008,43.30,44.20,44.20,37.00,38.10,37.90,39.50,"1,23,349","48,72,724.65",-,"72,192",58.53
JMFINANCIL,EQ,30-09-2008,37.90,35.10,38.80,33.10,36.00,36.45,36.31,"1,66,698","60,51,997.90",-,"51,673",31.00
JMFINANCIL,EQ,01-10-2008,36.45,38.00,38.85,36.10,38.50,37.80,37.67,"1,09,332","41,19,080.95",-,"37,065",33.90
JMFINANCIL,EQ,03-10-2008,37.80,38.55,38.55,35.20,38.00,37.75,37.11,"96,718","35,88,948.70",-,"52,463",54.24
JMFINANCIL,EQ,06-10-2008,37.75,35.00,36.95,32.55,35.10,34.20,34.48,"87,499","30,17,063.45",-,"36,569",41.79
JMFINANCIL,EQ,07-10-2008,34.20,34.05,36.00,27.50,30.45,30.80,31.48,"1,20,054","37,78,804.95",-,"60,917",50.74
JMFINANCIL,EQ,08-10-2008,30.80,27.20,35.90,27.00,32.00,33.05,29.66,"1,45,772","43,23,564.45",-,"77,637",53.26
JMFINANCIL,EQ,10-10-2008,33.05,27.25,35.10,27.10,34.00,33.20,31.69,"2,03,945","64,62,659.50",-,"90,330",44.29
JMFINANCIL,EQ,13-10-2008,33.20,35.90,35.90,32.75,33.50,33.45,33.92,"1,53,526","52,07,902.45",-,"1,09,296",71.19
JMFINANCIL,EQ,14-10-2008,33.45,36.90,36.90,30.00,30.55,31.65,32.89,"5,64,395","1,85,63,365.00",-,"3,73,419",66.16
JMFINANCIL,EQ,15-10-2008,31.65,30.90,31.90,26.60,30.25,29.20,28.74,"2,30,380","66,21,754.15",-,"1,25,131",54.32
JMFINANCIL,EQ,16-10-2008,29.20,26.75,31.90,26.75,30.50,30.20,29.10,"2,26,450","65,89,205.85",-,"1,17,552",51.91
JMFINANCIL,EQ,17-10-2008,30.20,30.00,30.00,26.05,26.55,28.50,28.33,"2,98,573","84,59,382.35",-,"1,83,506",61.46
JMFINANCIL,EQ,20-10-2008,28.50,28.20,28.20,24.50,24.80,25.50,26.56,"1,41,053","37,46,332.35",-,"87,242",61.85
JMFINANCIL,EQ,21-10-2008,25.50,27.00,27.10,24.10,24.65,24.50,25.22,"1,57,013","39,59,707.85",-,"79,570",50.68
JMFINANCIL,EQ,22-10-2008,24.50,24.00,25.90,22.20,23.85,23.85,23.53,"2,34,247","55,11,966.45",-,"1,18,999",50.80
JMFINANCIL,EQ,23-10-2008,23.85,23.00,25.15,22.00,23.75,23.90,24.14,"1,36,585","32,97,175.30",-,"60,039",43.96
JMFINANCIL,EQ,24-10-2008,23.90,22.95,23.90,19.15,19.15,19.40,20.96,"1,12,236","23,52,882.00",-,"67,364",60.02
JMFINANCIL,EQ,27-10-2008,19.40,19.40,20.00,16.65,18.40,17.95,17.56,"94,504","16,59,846.20",-,"52,340",55.38
JMFINANCIL,EQ,28-10-2008,17.95,19.95,21.25,19.95,21.10,20.95,20.84,"59,349","12,36,923.90",-,"35,926",60.53
JMFINANCIL,EQ,29-10-2008,20.95,21.95,24.50,21.50,22.00,22.30,22.58,"1,57,670","35,60,691.05",-,"98,442",62.44
JMFINANCIL,EQ,31-10-2008,22.30,22.90,24.70,21.00,22.10,21.55,21.66,"4,05,992","87,93,168.30",-,"3,63,264",89.48
JMFINANCIL,EQ,03-11-2008,21.55,23.80,24.70,21.60,23.30,23.30,23.19,"1,49,914","34,76,920.70",-,"91,425",60.98
JMFINANCIL,EQ,04-11-2008,23.30,23.90,28.00,23.00,27.20,26.80,25.10,"3,45,898","86,82,727.55",-,"2,38,987",69.09
JMFINANCIL,EQ,05-11-2008,26.80,27.00,29.50,27.00,28.00,28.05,28.13,"2,46,269","69,27,644.65",-,"1,56,787",63.66
JMFINANCIL,EQ,06-11-2008,28.05,26.55,28.50,25.35,28.50,27.80,27.34,"1,12,654","30,80,039.85",-,"64,483",57.24
JMFINANCIL,EQ,07-11-2008,27.80,29.85,29.85,26.75,28.10,27.95,27.82,"1,71,147","47,61,671.90",-,"1,12,048",65.47
JMFINANCIL,EQ,10-11-2008,27.95,28.45,29.50,27.50,29.10,29.25,28.48,"95,965","27,32,730.15",-,"37,534",39.11
JMFINANCIL,EQ,11-11-2008,29.25,29.10,29.70,27.75,28.40,28.25,28.36,"94,854","26,90,326.55",-,"60,756",64.05
JMFINANCIL,EQ,12-11-2008,28.25,27.50,28.25,27.20,28.25,27.95,27.79,"47,897","13,30,969.35",-,"30,509",63.70
JMFINANCIL,EQ,14-11-2008,27.95,28.25,28.50,27.10,27.60,27.35,27.59,"46,671","12,87,542.60",-,"27,595",59.13
JMFINANCIL,EQ,17-11-2008,27.35,26.20,27.90,25.60,26.80,26.65,26.23,"83,739","21,96,888.00",-,"49,798",59.47
JMFINANCIL,EQ,18-11-2008,26.65,26.20,27.15,25.10,26.75,26.75,26.17,"45,467","11,89,779.85",-,"27,576",60.65
JMFINANCIL,EQ,19-11-2008,26.75,25.95,27.15,25.50,25.50,25.85,26.16,"15,973","4,17,804.65",-,"9,239",57.84
JMFINANCIL,EQ,20-11-2008,25.85,24.75,25.20,23.30,23.30,23.30,23.71,"44,082","10,45,309.15",-,"27,356",62.06
JMFINANCIL,EQ,21-11-2008,23.30,23.00,23.70,22.20,23.30,23.45,23.04,"46,557","10,72,547.30",-,"34,535",74.18
JMFINANCIL,EQ,24-11-2008,23.45,23.55,23.80,22.50,23.00,22.85,23.03,"29,470","6,78,692.50",-,"24,796",84.14
JMFINANCIL,EQ,25-11-2008,22.85,24.00,25.00,21.00,23.00,22.40,23.04,"4,82,780","1,11,21,353.10",-,"4,42,716",91.70
JMFINANCIL,EQ,26-11-2008,22.40,22.25,23.40,20.60,21.00,21.30,21.52,"56,910","12,24,478.60",-,"41,674",73.23
JMFINANCIL,EQ,28-11-2008,21.30,19.65,22.30,19.65,21.65,21.65,21.55,"45,154","9,72,847.30",-,"31,449",69.65
JMFINANCIL,EQ,01-12-2008,21.65,22.00,22.75,20.10,20.85,20.95,21.48,"2,46,522","52,96,057.40",-,"2,29,045",92.91
JMFINANCIL,EQ,02-12-2008,20.95,21.00,21.75,19.75,21.75,20.95,20.72,"23,415","4,85,129.60",-,"13,685",58.45
JMFINANCIL,EQ,03-12-2008,20.95,21.60,22.25,21.10,21.35,21.30,21.62,"14,650","3,16,744.10",-,"9,392",64.11
JMFINANCIL,EQ,04-12-2008,21.30,21.80,22.00,21.15,21.65,21.50,21.64,"30,384","6,57,373.30",-,"21,144",69.59
JMFINANCIL,EQ,05-12-2008,21.50,22.30,22.35,20.80,21.00,21.15,21.08,"2,48,136","52,29,483.80",-,"2,29,560",92.51
JMFINANCIL,EQ,08-12-2008,21.15,22.00,22.50,20.75,21.00,20.95,21.70,"55,499","12,04,080.95",-,"38,093",68.64
JMFINANCIL,EQ,10-12-2008,20.95,21.20,21.50,20.60,21.00,21.00,20.98,"5,60,535","1,17,57,358.00",-,"5,44,850",97.20
JMFINANCIL,EQ,11-12-2008,21.00,21.30,22.95,21.30,22.75,22.35,22.04,"5,70,898","1,25,82,021.15",-,"5,47,773",95.95
JMFINANCIL,EQ,12-12-2008,22.35,21.75,23.65,21.10,23.20,23.15,22.76,"64,457","14,67,167.55",-,"40,728",63.19
JMFINANCIL,EQ,15-12-2008,23.15,23.20,25.40,23.20,24.65,24.65,24.63,"77,958","19,20,231.80",-,"40,443",51.88
JMFINANCIL,EQ,16-12-2008,24.65,24.55,25.25,23.50,24.05,24.55,24.51,"62,944","15,43,056.90",-,"28,711",45.61
JMFINANCIL,EQ,17-12-2008,24.55,25.00,25.35,22.80,23.00,23.20,24.08,"51,265","12,34,625.30",-,"23,203",45.26
JMFINANCIL,EQ,18-12-2008,23.20,22.55,24.25,21.00,23.25,23.40,22.87,"49,671","11,36,148.50",-,"21,940",44.17
JMFINANCIL,EQ,19-12-2008,23.40,23.30,25.75,23.05,25.75,25.10,24.50,"1,02,675","25,15,548.10",-,"75,215",73.26
JMFINANCIL,EQ,22-12-2008,25.10,27.00,27.65,25.50,27.65,27.65,27.33,"2,32,590","63,56,756.15",-,"72,375",31.12
JMFINANCIL,EQ,23-12-2008,27.65,28.90,30.40,28.10,29.80,29.65,29.54,"8,07,708","2,38,63,573.30",-,"5,82,977",72.18
JMFINANCIL,EQ,24-12-2008,29.65,29.65,30.85,28.20,28.20,28.20,29.13,"1,56,643","45,63,432.30",-,"78,325",50.00
JMFINANCIL,EQ,26-12-2008,28.20,26.80,28.00,26.80,26.80,26.80,26.84,"45,687","12,26,290.60",-,"34,466",75.44
JMFINANCIL,EQ,29-12-2008,26.80,25.95,26.40,25.50,26.00,25.95,25.60,"2,73,604","70,03,953.55",-,"2,46,077",89.94
JMFINANCIL,EQ,30-12-2008,25.95,26.70,27.00,26.00,26.30,26.40,26.47,"58,034","15,36,122.05",-,"26,548",45.75
JMFINANCIL,EQ,31-12-2008,26.40,26.95,26.95,25.10,25.10,25.10,25.29,"1,08,015","27,31,703.80",-,"87,906",81.38
JMFINANCIL,EQ,01-01-2009,25.1,25.55,26.4,24.2,26.4,26.4,25.71,"1,10,996","28,53,337.30",-,"60,137",54.18
JMFINANCIL,EQ,02-01-2009,26.4,27.75,27.75,26.0,26.1,26.4,27.0,"1,41,406","38,18,652.50",-,"69,039",48.82
JMFINANCIL,EQ,05-01-2009,26.4,26.7,27.5,26.0,26.6,26.65,26.5,"1,23,750","32,79,643.75",-,"64,683",52.27
JMFINANCIL,EQ,06-01-2009,26.65,26.5,26.9,25.35,25.8,25.55,25.83,"1,02,863","26,56,903.15",-,"64,469",62.67
JMFINANCIL,EQ,07-01-2009,25.55,26.0,26.35,25.1,26.0,26.0,25.97,"2,85,710","74,19,954.30",-,"2,41,783",84.63
JMFINANCIL,EQ,09-01-2009,26.0,24.95,25.0,24.7,24.7,24.7,24.74,"22,948","5,67,768.10",-,"17,754",77.37
JMFINANCIL,EQ,12-01-2009,24.7,23.6,24.7,23.5,23.5,23.5,23.5,"7,72,139","1,81,46,698.15",-,"7,63,353",98.86
JMFINANCIL,EQ,13-01-2009,23.5,22.4,23.4,22.35,22.35,22.35,22.51,"23,447","5,27,829.70",-,"13,602",58.01
JMFINANCIL,EQ,14-01-2009,22.35,22.5,23.4,21.45,22.2,22.25,22.11,"49,205","10,87,856.65",-,"37,115",75.43
JMFINANCIL,EQ,15-01-2009,22.25,21.2,21.8,21.15,21.15,21.15,21.21,"12,26,058","2,60,02,849.25",-,"12,19,605",99.47
JMFINANCIL,EQ,16-01-2009,21.15,21.25,22.0,20.5,20.95,20.9,20.94,"46,977","9,83,785.25",-,"30,928",65.84
JMFINANCIL,EQ,19-01-2009,20.9,20.9,21.75,20.25,20.8,20.8,20.92,"24,746","5,17,703.30",-,"14,411",58.24
JMFINANCIL,EQ,20-01-2009,20.8,20.5,21.05,19.85,19.85,20.25,20.49,"38,545","7,89,671.20",-,"26,490",68.72
JMFINANCIL,EQ,21-01-2009,20.25,19.45,20.6,19.45,19.8,19.7,20.06,"19,195","3,85,026.90",-,"15,214",79.26
JMFINANCIL,EQ,22-01-2009,19.7,20.7,20.7,19.45,19.5,19.65,19.76,"26,126","5,16,228.50",-,"19,130",73.22
JMFINANCIL,EQ,23-01-2009,19.65,19.0,19.45,18.7,18.9,18.9,18.88,"34,194","6,45,580.95",-,"26,122",76.39
JMFINANCIL,EQ,27-01-2009,18.9,19.1,19.7,18.9,19.5,19.1,19.28,"14,062","2,71,063.20",-,"8,720",62.01
JMFINANCIL,EQ,28-01-2009,19.1,19.0,20.1,18.8,20.1,20.1,19.47,"46,695","9,08,940.45",-,"34,493",73.87
JMFINANCIL,EQ,29-01-2009,20.1,19.75,20.45,19.5,19.5,19.65,19.92,"27,364","5,45,093.70",-,"19,295",70.51
JMFINANCIL,EQ,30-01-2009,19.65,19.95,20.0,18.7,19.2,19.2,19.17,"43,747","8,38,666.10",-,"26,277",60.07
JMFINANCIL,EQ,02-02-2009,19.2,18.5,19.1,18.35,18.5,18.7,18.87,"38,540","7,27,160.15",-,"26,355",68.38
JMFINANCIL,EQ,03-02-2009,18.7,19.3,19.3,18.0,19.0,18.85,18.51,"26,759","4,95,389.20",-,"17,639",65.92
JMFINANCIL,EQ,04-02-2009,18.85,18.4,19.35,18.0,18.3,18.45,18.73,"38,530","7,21,557.15",-,"25,853",67.1
JMFINANCIL,EQ,05-02-2009,18.45,18.1,18.9,18.1,18.85,18.85,18.7,"22,125","4,13,831.35",-,"9,927",44.87
JMFINANCIL,EQ,06-02-2009,18.85,19.25,19.8,18.75,19.8,19.8,19.05,"42,64,478","8,12,41,041.55",-,"36,86,404",86.44
JMFINANCIL,EQ,09-02-2009,19.8,20.4,20.4,19.0,20.0,20.0,19.97,"3,42,179","68,32,225.70",-,"3,08,461",90.15
JMFINANCIL,EQ,10-02-2009,20.0,20.0,21.0,20.0,20.7,20.65,20.46,"91,996","18,82,096.80",-,"59,232",64.39
JMFINANCIL,EQ,11-02-2009,20.65,20.0,20.9,20.0,20.55,20.6,20.51,"1,13,171","23,21,364.20",-,"1,06,102",93.75
JMFINANCIL,EQ,12-02-2009,20.6,20.8,21.65,20.5,21.65,21.65,21.21,"39,179","8,30,834.40",-,"30,119",76.88
JMFINANCIL,EQ,13-02-2009,21.65,22.75,22.75,21.0,21.7,21.6,22.13,"82,166","18,18,237.60",-,"43,958",53.5
JMFINANCIL,EQ,16-02-2009,21.6,21.8,22.05,20.8,21.65,21.5,21.33,"98,638","21,04,307.30",-,"84,805",85.98
JMFINANCIL,EQ,17-02-2009,21.5,21.0,21.6,20.55,21.05,21.45,21.19,"1,26,324","26,76,832.20",-,"1,18,573",93.86
JMFINANCIL,EQ,18-02-2009,21.45,20.5,21.9,20.5,21.9,21.7,21.42,"35,727","7,65,322.70",-,"27,235",76.23
JMFINANCIL,EQ,19-02-2009,21.7,21.5,21.75,21.3,21.6,21.6,21.5,"90,464","19,44,945.15",-,"82,174",90.84
JMFINANCIL,EQ,20-02-2009,21.6,21.0,21.9,20.85,21.9,21.6,21.28,"45,434","9,66,674.55",-,"38,143",83.95
JMFINANCIL,EQ,24-02-2009,21.6,20.85,21.6,20.8,21.6,21.5,21.26,"51,184","10,88,207.10",-,"46,155",90.17
JMFINANCIL,EQ,25-02-2009,21.5,21.9,22.6,21.05,21.5,21.5,21.63,"45,116","9,75,740.30",-,"26,615",58.99
JMFINANCIL,EQ,26-02-2009,21.5,21.25,21.6,21.05,21.6,21.5,21.43,"16,387","3,51,223.70",-,"13,195",80.52
JMFINANCIL,EQ,27-02-2009,21.5,21.0,21.8,21.0,21.5,21.5,21.49,"17,926","3,85,244.05",-,"16,187",90.3
JMFINANCIL,EQ,02-03-2009,21.5,21.05,21.6,21.05,21.5,21.5,21.48,"14,352","3,08,314.70",-,"13,131",91.49
JMFINANCIL,EQ,03-03-2009,21.5,21.1,21.75,21.1,21.7,21.5,21.45,"11,568","2,48,099.90",-,"9,481",81.96
JMFINANCIL,EQ,04-03-2009,21.5,21.9,21.9,21.15,21.65,21.45,21.5,"18,797","4,04,123.00",-,"16,369",87.08
JMFINANCIL,EQ,05-03-2009,21.45,21.75,21.75,20.4,20.4,20.4,20.46,"25,381","5,19,168.50",-,"22,629",89.16
JMFINANCIL,EQ,06-03-2009,20.4,19.0,20.5,18.75,20.15,20.0,19.26,"5,39,019","1,03,82,729.20",-,"5,32,117",98.72
JMFINANCIL,EQ,09-03-2009,20.0,20.0,20.5,19.65,20.0,20.0,19.96,"18,802","3,75,321.85",-,"13,478",71.68
JMFINANCIL,EQ,12-03-2009,20.0,20.4,20.7,19.5,20.4,20.0,20.02,"15,275","3,05,807.00",-,"11,983",78.45
JMFINANCIL,EQ,13-03-2009,20.0,20.1,21.0,20.0,20.0,20.0,20.14,"7,835","1,57,795.35",-,"5,945",75.88
JMFINANCIL,EQ,16-03-2009,20.0,20.0,21.25,19.3,21.15,21.15,20.82,"12,539","2,61,068.35",-,"7,828",62.43
JMFINANCIL,EQ,17-03-2009,21.15,20.65,21.0,20.0,20.1,20.0,20.23,"30,728","6,21,609.05",-,"23,436",76.27
JMFINANCIL,EQ,18-03-2009,20.0,20.55,21.45,20.1,20.15,20.2,20.64,"26,166","5,40,106.30",-,"15,207",58.12
JMFINANCIL,EQ,19-03-2009,20.2,20.2,20.75,20.0,20.0,20.05,20.15,"28,974","5,83,950.80",-,"24,015",82.88
JMFINANCIL,EQ,20-03-2009,20.05,20.5,22.1,20.5,22.1,22.1,22.07,"79,559","17,55,776.95",-,"54,363",68.33
JMFINANCIL,EQ,23-03-2009,22.1,23.25,23.3,20.75,21.4,21.35,21.8,"62,371","13,59,845.50",-,"39,623",63.53
JMFINANCIL,EQ,24-03-2009,21.35,22.45,22.45,21.0,21.0,21.15,21.6,"21,847","4,71,944.20",-,"15,908",72.82
JMFINANCIL,EQ,25-03-2009,21.15,21.05,21.5,20.5,21.25,21.05,21.06,"40,147","8,45,663.55",-,"36,448",90.79
JMFINANCIL,EQ,26-03-2009,21.05,21.25,21.95,20.1,20.5,20.55,20.87,"43,089","8,99,217.35",-,"25,376",58.89
JMFINANCIL,EQ,27-03-2009,20.55,20.95,21.5,20.5,21.0,20.65,20.9,"33,660","7,03,579.15",-,"17,758",52.76
JMFINANCIL,EQ,30-03-2009,20.65,21.2,21.2,19.65,19.7,19.85,20.1,"23,207","4,66,435.00",-,"18,121",78.08
JMFINANCIL,EQ,31-03-2009,19.85,19.75,20.85,19.75,20.6,20.55,20.47,"35,694","7,30,733.60",-,"32,226",90.28
JMFINANCIL,EQ,01-04-2009,20.55,22.0,22.0,20.45,20.6,20.8,20.91,"21,727","4,54,313.00",-,"14,792",68.08
JMFINANCIL,EQ,02-04-2009,20.8,21.5,22.9,21.2,22.9,22.9,22.71,"2,59,936","59,02,103.30",-,"1,96,510",75.6
JMFINANCIL,EQ,06-04-2009,22.9,24.8,24.8,21.6,23.0,23.25,22.87,"1,27,215","29,08,892.80",-,"88,666",69.7
JMFINANCIL,EQ,08-04-2009,23.25,23.25,24.7,21.1,23.65,24.0,23.55,"1,14,944","27,06,853.45",-,"61,651",53.64
JMFINANCIL,EQ,09-04-2009,24.0,24.9,25.2,23.25,24.2,24.4,24.33,"97,727","23,77,890.40",-,"55,646",56.94
JMFINANCIL,EQ,13-04-2009,24.4,25.0,25.75,24.4,25.4,25.2,25.02,"81,268","20,33,001.70",-,"50,305",61.9
JMFINANCIL,EQ,15-04-2009,25.2,24.4,27.75,23.2,27.75,27.75,26.48,"1,79,262","47,47,316.30",-,"1,05,832",59.04
JMFINANCIL,EQ,16-04-2009,27.75,28.0,29.9,25.05,25.25,25.5,27.55,"2,17,849","60,02,551.35",-,"1,50,510",69.09
JMFINANCIL,EQ,17-04-2009,25.5,25.95,27.5,25.5,27.25,26.8,26.76,"1,06,438","28,48,539.10",-,"64,305",60.42
JMFINANCIL,EQ,20-04-2009,26.8,28.0,28.05,25.5,26.0,25.95,26.62,"78,121","20,79,814.30",-,"45,086",57.71
JMFINANCIL,EQ,21-04-2009,25.95,24.5,26.95,24.5,26.5,26.45,26.07,"58,313","15,20,236.15",-,"38,053",65.26
JMFINANCIL,EQ,22-04-2009,26.45,26.6,27.35,25.0,25.05,25.3,26.03,"50,593","13,17,087.30",-,"29,382",58.08
JMFINANCIL,EQ,23-04-2009,25.3,25.0,25.75,24.0,25.25,25.05,24.85,"35,367","8,78,918.25",-,"13,934",39.4
JMFINANCIL,EQ,24-04-2009,25.05,25.1,26.5,25.0,25.0,25.3,25.67,"1,42,277","36,52,439.15",-,"89,639",63.0
JMFINANCIL,EQ,27-04-2009,25.3,25.8,25.8,24.15,24.7,24.55,25.0,"70,054","17,51,699.05",-,"46,110",65.82
JMFINANCIL,EQ,28-04-2009,24.55,25.0,25.0,22.8,23.25,23.05,23.68,"72,984","17,28,565.05",-,"46,664",63.94
JMFINANCIL,EQ,29-04-2009,23.05,23.05,23.9,22.25,22.25,22.45,22.63,"62,089","14,05,116.30",-,"48,726",78.48
JMFINANCIL,EQ,04-05-2009,22.45,23.05,24.45,22.75,23.6,24.0,23.48,"81,610","19,16,599.95",-,"52,886",64.8
JMFINANCIL,EQ,05-05-2009,24.0,23.1,24.7,23.1,23.9,24.0,24.17,"76,129","18,40,024.30",-,"49,323",64.79
JMFINANCIL,EQ,06-05-2009,24.0,24.9,24.9,23.5,23.5,23.7,24.17,"55,629","13,44,407.25",-,"39,644",71.26
JMFINANCIL,EQ,07-05-2009,23.7,23.8,24.1,23.2,23.3,23.45,23.51,"1,06,304","24,99,423.85",-,"94,316",88.72
JMFINANCIL,EQ,08-05-2009,23.45,24.2,24.2,23.0,23.4,23.25,23.62,"66,718","15,76,100.65",-,"37,847",56.73
JMFINANCIL,EQ,11-05-2009,23.25,24.5,24.5,22.65,22.85,22.9,23.55,"44,359","10,44,739.80",-,"28,072",63.28
JMFINANCIL,EQ,12-05-2009,22.9,22.4,27.5,22.4,27.5,27.5,26.56,"5,69,507","1,51,24,765.35",-,"2,49,094",43.74
JMFINANCIL,EQ,13-05-2009,27.5,28.3,31.4,26.05,26.7,27.15,29.27,"6,60,163","1,93,25,165.65",-,"2,62,044",39.69
JMFINANCIL,EQ,14-05-2009,27.15,26.0,28.5,25.7,27.1,27.15,27.18,"1,44,886","39,38,708.60",-,"64,248",44.34
JMFINANCIL,EQ,15-05-2009,27.15,27.6,29.45,26.8,27.8,28.0,28.16,"2,05,091","57,75,820.50",-,"1,13,591",55.39
JMFINANCIL,EQ,18-05-2009,28.0,30.0,30.0,30.0,30.0,30.0,30.0,"4,411","1,32,330.00",-,"4,411",100.0
JMFINANCIL,EQ,19-05-2009,30.0,32.0,36.0,28.0,36.0,36.0,33.83,"6,25,212","2,11,53,291.65",-,"3,78,738",60.58
JMFINANCIL,EQ,20-05-2009,36.0,39.4,43.2,38.0,43.2,42.9,42.9,"9,63,605","4,13,42,844.35",-,"4,61,363",47.88
JMFINANCIL,EQ,21-05-2009,42.9,43.95,45.9,43.0,45.3,45.05,44.8,"7,10,724","3,18,43,523.30",-,"4,16,186",58.56
JMFINANCIL,EQ,22-05-2009,45.05,44.5,47.0,42.1,45.9,45.65,45.16,"3,29,786","1,48,91,859.55",-,"1,63,817",49.67
JMFINANCIL,EQ,25-05-2009,45.65,47.0,50.25,45.75,48.75,49.5,48.84,"3,77,613","1,84,42,148.15",-,"1,61,213",42.69
JMFINANCIL,EQ,26-05-2009,49.5,51.45,53.0,46.0,46.65,46.6,49.37,"3,30,561","1,63,18,344.95",-,"1,64,428",49.74
JMFINANCIL,EQ,27-05-2009,46.6,49.1,51.3,47.15,51.3,51.3,50.16,"66,53,051","33,37,24,313.85",-,"58,95,954",88.62
JMFINANCIL,EQ,28-05-2009,51.3,53.9,54.8,49.3,50.4,50.65,51.36,"5,68,596","2,92,01,096.15",-,"2,89,308",50.88
JMFINANCIL,EQ,29-05-2009,50.65,53.0,53.0,49.1,49.7,49.9,50.99,"2,78,562","1,42,05,187.65",-,"1,45,445",52.21
JMFINANCIL,EQ,01-06-2009,49.9,51.5,53.0,49.15,49.6,49.8,50.35,"2,43,059","1,22,38,238.35",-,"1,40,238",57.7
JMFINANCIL,EQ,02-06-2009,49.8,50.5,51.0,45.4,46.75,46.8,47.29,"2,61,787","1,23,79,634.20",-,"1,55,869",59.54
JMFINANCIL,EQ,03-06-2009,46.8,47.4,51.5,47.35,51.5,51.45,50.81,"6,39,714","3,25,02,949.60",-,"3,22,735",50.45
JMFINANCIL,EQ,04-06-2009,51.45,50.0,56.6,50.0,56.6,56.6,54.77,"5,41,614","2,96,61,710.05",-,"3,03,056",55.95
JMFINANCIL,EQ,05-06-2009,56.6,62.3,62.3,57.9,62.3,62.1,62.04,"5,21,281","3,23,42,230.20",-,"3,56,456",68.38
JMFINANCIL,EQ,08-06-2009,62.1,63.95,65.25,59.0,59.0,59.0,61.22,"5,77,379","3,53,44,641.35",-,"2,75,018",47.63
JMFINANCIL,EQ,09-06-2009,59.0,58.0,59.95,56.05,57.5,57.85,57.51,"2,98,287","1,71,55,248.40",-,"1,37,798",46.2
JMFINANCIL,EQ,10-06-2009,57.85,59.7,60.75,55.0,55.0,55.0,57.78,"3,47,326","2,00,67,750.10",-,"1,66,870",48.04
JMFINANCIL,EQ,11-06-2009,55.0,54.5,55.0,52.25,52.25,52.25,52.72,"1,77,703","93,69,293.95",-,"1,08,818",61.24
JMFINANCIL,EQ,12-06-2009,52.25,54.0,54.0,49.65,49.65,49.65,50.62,"1,29,213","65,40,154.25",-,"80,958",62.65
JMFINANCIL,EQ,15-06-2009,49.65,48.0,48.35,47.2,47.2,47.2,47.36,"77,285","36,60,505.80",-,"48,113",62.25
JMFINANCIL,EQ,16-06-2009,47.2,44.85,49.6,44.85,49.6,49.6,47.84,"1,38,608","66,30,473.00",-,"1,03,042",74.34
JMFINANCIL,EQ,17-06-2009,49.6,52.1,52.1,47.15,47.15,47.6,50.6,"2,69,099","1,36,17,463.30",-,"1,13,951",42.35
JMFINANCIL,EQ,18-06-2009,47.6,50.0,50.0,45.25,46.45,45.65,46.89,"1,23,689","58,00,087.80",-,"56,200",45.44
JMFINANCIL,EQ,19-06-2009,45.65,47.4,47.4,43.5,45.75,45.4,45.33,"90,147","40,86,743.60",-,"43,233",47.96
JMFINANCIL,EQ,22-06-2009,45.4,45.05,46.85,43.5,44.2,44.0,44.79,"90,420","40,49,658.30",-,"45,355",50.16
JMFINANCIL,EQ,23-06-2009,44.0,42.05,43.1,41.8,42.4,42.4,42.25,"93,327","39,42,900.20",-,"43,038",46.12
JMFINANCIL,EQ,24-06-2009,42.4,44.0,44.55,42.5,44.55,44.55,44.0,"57,701","25,38,610.40",-,"32,585",56.47
JMFINANCIL,EQ,25-06-2009,44.55,46.7,46.8,44.05,44.1,44.4,45.27,"93,422","42,29,337.90",-,"46,999",50.31
JMFINANCIL,EQ,26-06-2009,44.4,46.3,46.65,44.15,46.65,46.35,45.69,"98,781","45,13,436.40",-,"67,910",68.75
JMFINANCIL,EQ,29-06-2009,46.35,46.5,48.5,46.0,47.7,47.1,47.48,"1,46,261","69,44,608.90",-,"99,672",68.15
JMFINANCIL,EQ,30-06-2009,47.1,47.1,47.1,44.75,44.75,44.75,45.34,"49,253","22,33,098.55",-,"34,056",69.15
JMFINANCIL,EQ,01-07-2009,44.75,44.5,44.5,42.55,42.55,42.55,42.73,"58,780","25,11,871.25",-,"42,379",72.1
JMFINANCIL,EQ,02-07-2009,42.55,42.45,42.5,40.45,40.45,40.45,41.08,"1,04,346","42,86,123.25",-,"72,327",69.31
JMFINANCIL,EQ,03-07-2009,40.45,38.55,41.6,38.5,39.0,39.8,40.12,"94,758","38,01,652.25",-,"53,358",56.31
JMFINANCIL,EQ,06-07-2009,39.8,40.1,40.45,37.85,37.85,37.85,39.18,"89,300","34,98,822.40",-,"65,097",72.9
JMFINANCIL,EQ,07-07-2009,37.85,37.85,37.85,36.0,36.9,36.45,36.25,"94,848","34,38,338.15",-,"52,731",55.6
JMFINANCIL,EQ,08-07-2009,36.45,36.0,36.0,34.65,34.65,34.65,34.72,"24,274","8,42,859.80",-,"22,263",91.72
JMFINANCIL,EQ,09-07-2009,34.65,33.0,36.0,32.95,35.3,34.45,34.0,"93,115","31,65,527.25",-,"56,311",60.47
JMFINANCIL,EQ,10-07-2009,34.45,35.5,36.2,34.0,34.05,34.35,35.61,"1,39,181","49,56,042.00",-,"69,206",49.72
JMFINANCIL,EQ,13-07-2009,34.35,33.5,33.9,32.65,33.4,33.35,33.09,"96,754","32,01,923.25",-,"65,924",68.14
JMFINANCIL,EQ,14-07-2009,33.35,35.0,35.05,33.2,35.05,35.05,34.75,"56,134","19,50,792.95",-,"29,156",51.94
JMFINANCIL,EQ,15-07-2009,35.05,35.8,36.8,35.3,36.8,36.8,36.33,"73,931","26,85,656.35",-,"40,718",55.08
JMFINANCIL,EQ,16-07-2009,36.8,38.0,38.65,37.05,38.45,38.15,38.25,"1,11,447","42,62,720.60",-,"67,993",61.01
JMFINANCIL,EQ,17-07-2009,38.15,38.85,39.5,37.55,38.75,38.9,38.71,"1,26,083","48,80,958.95",-,"65,443",51.9
JMFINANCIL,EQ,20-07-2009,38.9,40.8,40.8,38.6,39.0,39.6,39.45,"56,014","22,09,714.85",-,"34,528",61.64
JMFINANCIL,EQ,21-07-2009,39.6,39.9,40.5,38.8,39.7,39.6,39.72,"70,220","27,89,195.90",-,"30,255",43.09
JMFINANCIL,EQ,22-07-2009,39.6,39.9,40.7,38.35,39.0,38.65,39.79,"1,03,294","41,10,400.35",-,"61,522",59.56
JMFINANCIL,EQ,23-07-2009,38.65,39.95,40.0,38.45,39.45,39.15,39.09,"68,526","26,78,747.45",-,"36,415",53.14
JMFINANCIL,EQ,24-07-2009,39.15,39.5,40.0,38.75,39.0,39.15,39.61,"85,631","33,91,462.15",-,"48,356",56.47
JMFINANCIL,EQ,27-07-2009,39.15,39.55,40.6,38.55,40.6,39.75,39.51,"1,61,845","63,94,455.05",-,"1,02,600",63.39
JMFINANCIL,EQ,28-07-2009,39.75,40.35,40.5,39.0,39.2,39.25,39.75,"1,10,292","43,84,505.45",-,"88,913",80.62
JMFINANCIL,EQ,29-07-2009,39.25,38.05,40.4,37.35,38.9,38.85,39.05,"1,04,016","40,62,183.05",-,"61,411",59.04
JMFINANCIL,EQ,30-07-2009,38.85,39.5,40.25,38.6,39.15,39.4,39.43,"1,85,343","73,07,291.70",-,"1,05,000",56.65
JMFINANCIL,EQ,31-07-2009,39.4,39.05,41.25,39.05,40.0,40.2,40.56,"3,40,082","1,37,93,109.80",-,"1,71,802",50.52
JMFINANCIL,EQ,03-08-2009,40.2,41.0,42.25,39.8,42.25,42.0,41.11,"3,66,285","1,50,59,647.80",-,"2,23,936",61.14
JMFINANCIL,EQ,04-08-2009,42.0,43.5,44.1,42.5,44.1,44.1,43.67,"2,18,962","95,62,060.75",-,"1,42,054",64.88
JMFINANCIL,EQ,05-08-2009,44.1,45.45,45.9,41.95,42.45,42.35,43.17,"3,61,607","1,56,11,558.50",-,"2,43,867",67.44
JMFINANCIL,EQ,06-08-2009,42.35,42.7,43.0,40.25,40.5,40.5,41.87,"2,59,688","1,08,74,243.55",-,"1,16,636",44.91
JMFINANCIL,EQ,07-08-2009,40.5,39.85,40.95,38.5,38.8,38.55,39.15,"1,37,510","53,83,150.60",-,"75,276",54.74
JMFINANCIL,EQ,10-08-2009,38.55,39.8,39.8,36.65,37.45,37.05,37.66,"1,25,577","47,29,082.95",-,"53,439",42.55
JMFINANCIL,EQ,11-08-2009,37.05,37.45,38.75,36.9,38.75,37.95,37.65,"66,405","25,00,096.55",-,"32,825",49.43
JMFINANCIL,EQ,12-08-2009,37.95,37.1,38.0,36.05,37.0,37.15,37.0,"1,00,368","37,13,449.35",-,"58,244",58.03
JMFINANCIL,EQ,13-08-2009,37.15,38.0,39.05,38.0,39.05,39.05,38.89,"56,390","21,93,277.90",-,"46,060",81.68
JMFINANCIL,EQ,14-08-2009,39.05,39.8,40.2,38.3,38.95,39.05,39.41,"1,34,466","52,98,970.95",-,"78,889",58.67
JMFINANCIL,EQ,17-08-2009,39.05,38.0,38.55,37.1,37.2,37.2,37.85,"56,743","21,47,702.45",-,"32,164",56.68
JMFINANCIL,EQ,18-08-2009,37.2,37.0,38.35,36.15,38.05,37.85,37.44,"78,109","29,24,730.15",-,"41,336",52.92
JMFINANCIL,EQ,19-08-2009,37.85,38.0,39.75,37.5,39.75,39.65,39.43,"4,76,959","1,88,06,204.95",-,"1,46,150",30.64
JMFINANCIL,EQ,20-08-2009,39.65,40.8,40.95,38.75,39.1,39.3,39.96,"1,74,702","69,81,374.15",-,"1,00,044",57.27
JMFINANCIL,EQ,21-08-2009,39.3,39.1,39.1,37.65,37.8,38.1,38.19,"1,11,504","42,57,788.00",-,"63,324",56.79
JMFINANCIL,EQ,24-08-2009,38.1,39.5,40.05,38.75,40.05,40.05,39.8,"1,50,421","59,86,982.20",-,"89,021",59.18
JMFINANCIL,EQ,25-08-2009,40.05,40.1,40.8,38.6,39.25,39.2,39.39,"1,92,073","75,65,707.25",-,"1,09,400",56.96
JMFINANCIL,EQ,26-08-2009,39.2,39.2,41.2,39.2,41.2,41.1,40.95,"6,61,348","2,70,84,831.70",-,"3,17,631",48.03
JMFINANCIL,EQ,27-08-2009,41.1,41.9,43.2,40.95,43.2,43.2,41.14,"87,20,910","35,87,46,318.10",-,"86,58,183",99.28
JMFINANCIL,EQ,28-08-2009,43.2,45.4,45.4,42.4,45.4,45.4,45.1,"6,12,678","2,76,34,064.05",-,"2,59,508",42.36
JMFINANCIL,EQ,31-08-2009,45.4,44.7,47.7,43.25,45.5,45.35,45.71,"8,80,983","4,02,72,095.95",-,"2,95,321",33.52
JMFINANCIL,EQ,01-09-2009,45.35,46.6,47.0,42.9,43.0,43.1,45.02,"3,46,763","1,56,10,687.90",-,"2,00,674",57.87
JMFINANCIL,EQ,02-09-2009,43.1,41.4,43.25,40.95,41.0,41.05,41.84,"2,72,301","1,13,93,632.75",-,"1,44,862",53.2
JMFINANCIL,EQ,03-09-2009,41.05,41.45,43.1,41.35,43.1,43.1,42.75,"1,65,404","70,71,386.35",-,"1,40,476",84.93
JMFINANCIL,EQ,04-09-2009,43.1,45.3,45.3,44.25,45.3,45.3,45.26,"2,45,548","1,11,14,351.65",-,"1,87,766",76.47
JMFINANCIL,EQ,07-09-2009,45.3,49.85,49.85,45.0,49.85,49.85,49.08,"15,88,215","7,79,50,684.55",-,"4,20,676",26.49
JMFINANCIL,EQ,08-09-2009,49.85,52.25,53.3,46.55,47.25,47.25,49.22,"5,91,813","2,91,26,971.95",-,"3,44,255",58.17
JMFINANCIL,EQ,09-09-2009,47.25,46.5,48.8,46.0,46.6,46.7,47.14,"1,88,785","88,98,938.30",-,"85,226",45.14
JMFINANCIL,EQ,10-09-2009,46.7,47.1,48.0,45.0,45.65,45.7,46.54,"1,61,405","75,12,345.90",-,"78,272",48.49
JMFINANCIL,EQ,11-09-2009,45.7,46.8,46.8,44.05,44.6,44.5,44.68,"1,36,996","61,21,575.35",-,"57,056",41.65
JMFINANCIL,EQ,14-09-2009,44.5,44.05,46.3,44.05,45.1,45.5,45.51,"1,67,411","76,18,788.65",-,"77,973",46.58
JMFINANCIL,EQ,15-09-2009,45.5,46.0,47.25,45.75,46.15,46.2,46.44,"1,33,583","62,02,946.25",-,"78,406",58.69
JMFINANCIL,EQ,16-09-2009,46.2,46.3,47.5,45.0,45.3,45.25,45.82,"1,94,434","89,09,923.80",-,"1,03,282",53.12
JMFINANCIL,EQ,17-09-2009,45.25,46.45,46.45,44.0,44.5,44.4,44.63,"3,99,645","1,78,34,670.55",-,"3,30,846",82.78
JMFINANCIL,EQ,18-09-2009,44.4,43.7,45.45,43.2,43.85,43.55,43.97,"1,85,422","81,52,518.20",-,"1,06,984",57.7
JMFINANCIL,EQ,22-09-2009,43.55,43.8,44.9,42.5,42.8,42.7,43.43,"2,24,796","97,63,810.50",-,"1,33,455",59.37
JMFINANCIL,EQ,23-09-2009,42.7,43.1,44.3,40.9,42.0,41.6,42.75,"2,26,654","96,90,547.90",-,"1,29,262",57.03
JMFINANCIL,EQ,24-09-2009,41.6,40.3,42.2,40.3,41.8,41.85,41.46,"2,39,316","99,20,959.25",-,"1,05,306",44.0
JMFINANCIL,EQ,25-09-2009,41.85,41.2,46.05,41.2,46.05,46.05,44.72,"3,95,236","1,76,75,257.25",-,"3,08,407",78.03
JMFINANCIL,EQ,29-09-2009,46.05,48.8,50.7,47.6,48.5,48.45,49.67,"10,74,737","5,33,77,614.85",-,"3,93,820",36.64
JMFINANCIL,EQ,30-09-2009,48.45,49.0,49.5,46.6,47.2,47.15,47.32,"2,45,116","1,15,99,438.95",-,"1,21,305",49.49
JMFINANCIL,EQ,01-10-2009,47.15,47.3,47.9,46.0,46.35,46.15,46.66,"1,93,923","90,48,076.65",-,"92,595",47.75
JMFINANCIL,EQ,05-10-2009,46.15,45.0,46.95,44.15,44.55,44.65,45.46,"1,61,556","73,43,741.70",-,"74,116",45.88
JMFINANCIL,EQ,06-10-2009,44.65,45.65,45.65,42.55,43.6,43.9,43.74,"1,61,935","70,82,713.25",-,"86,265",53.27
JMFINANCIL,EQ,07-10-2009,43.9,44.1,45.6,43.6,44.0,44.05,44.52,"1,34,966","60,08,851.00",-,"68,242",50.56
JMFINANCIL,EQ,08-10-2009,44.05,45.0,45.0,42.95,43.35,43.35,43.81,"82,558","36,16,867.55",-,"41,351",50.09
JMFINANCIL,EQ,09-10-2009,43.35,44.0,44.3,43.05,43.2,43.35,43.52,"1,06,256","46,24,679.85",-,"52,170",49.1
JMFINANCIL,EQ,12-10-2009,43.35,43.45,45.0,43.35,43.7,43.65,43.85,"1,04,250","45,71,320.65",-,"61,650",59.14
JMFINANCIL,EQ,14-10-2009,43.65,44.3,48.05,43.75,48.05,48.05,46.63,"11,79,889","5,50,14,572.95",-,"4,69,063",39.75
JMFINANCIL,EQ,15-10-2009,48.05,50.0,52.75,49.1,49.9,49.7,51.29,"17,20,558","8,82,55,935.70",-,"7,49,099",43.54
JMFINANCIL,EQ,16-10-2009,49.7,49.9,49.9,46.85,47.35,47.5,47.89,"3,45,890","1,65,64,655.60",-,"1,69,696",49.06
JMFINANCIL,EQ,17-10-2009,47.5,48.0,48.45,47.1,47.55,47.8,47.83,"71,891","34,38,247.20",-,"41,995",58.41
JMFINANCIL,EQ,20-10-2009,47.8,47.95,50.8,46.1,48.5,48.55,48.55,"5,54,460","2,69,20,374.95",-,"1,81,717",32.77
JMFINANCIL,EQ,21-10-2009,48.55,46.3,50.25,46.1,48.2,48.2,48.87,"3,19,877","1,56,32,453.60",-,"1,52,142",47.56
JMFINANCIL,EQ,22-10-2009,48.2,47.15,49.5,46.5,46.85,46.7,47.43,"2,23,205","1,05,85,931.80",-,"84,267",37.75
JMFINANCIL,EQ,23-10-2009,46.7,47.5,48.8,45.05,46.45,46.45,47.17,"1,62,654","76,72,932.50",-,"81,508",50.11
JMFINANCIL,EQ,26-10-2009,46.45,46.2,47.5,45.3,45.75,45.6,46.06,"1,68,495","77,60,232.45",-,"88,059",52.26
JMFINANCIL,EQ,27-10-2009,45.6,45.0,45.75,42.8,42.8,43.25,43.8,"2,06,761","90,56,989.25",-,"1,11,528",53.94
JMFINANCIL,EQ,28-10-2009,43.25,43.0,43.8,41.15,42.8,42.85,42.51,"1,56,180","66,38,766.10",-,"67,422",43.17
JMFINANCIL,EQ,29-10-2009,42.85,40.7,46.4,40.5,44.1,43.85,43.89,"4,34,967","1,90,91,633.50",-,"95,514",21.96
JMFINANCIL,EQ,30-10-2009,43.85,45.0,45.95,41.5,41.65,42.05,44.13,"2,58,859","1,14,22,524.45",-,"1,28,009",49.45
JMFINANCIL,EQ,03-11-2009,42.05,43.55,43.55,39.0,39.65,39.55,41.36,"2,09,931","86,82,403.60",-,"1,05,993",50.49
JMFINANCIL,EQ,04-11-2009,39.55,41.0,41.8,37.75,40.65,40.5,39.59,"2,41,603","95,65,733.55",-,"1,12,310",46.49
JMFINANCIL,EQ,05-11-2009,40.5,40.6,41.5,40.0,41.35,41.2,40.81,"1,29,761","52,95,051.90",-,"55,225",42.56
JMFINANCIL,EQ,06-11-2009,41.2,42.7,42.9,41.5,41.6,41.8,42.16,"1,24,708","52,57,656.50",-,"73,858",59.22
JMFINANCIL,EQ,09-11-2009,41.8,42.0,43.9,42.0,42.85,42.95,42.92,"1,57,856","67,75,345.55",-,"80,906",51.25
JMFINANCIL,EQ,10-11-2009,42.95,50.85,50.85,41.5,41.8,41.8,43.12,"1,83,288","79,04,134.80",-,"88,075",48.05
JMFINANCIL,EQ,11-11-2009,41.8,42.0,43.95,41.85,43.0,43.2,42.87,"1,29,806","55,64,825.35",-,"64,135",49.41
JMFINANCIL,EQ,12-11-2009,43.2,42.8,44.0,42.1,42.35,42.35,42.92,"1,10,846","47,57,304.60",-,"38,265",34.52
JMFINANCIL,EQ,13-11-2009,42.35,42.05,42.6,41.0,41.55,41.55,41.81,"1,41,292","59,07,900.40",-,"80,531",57.0
JMFINANCIL,EQ,16-11-2009,41.55,42.0,43.0,42.0,42.7,42.3,42.55,"1,20,110","51,11,061.85",-,"50,964",42.43
JMFINANCIL,EQ,17-11-2009,42.3,42.2,43.4,41.9,42.3,42.3,42.61,"90,249","38,45,097.00",-,"34,715",38.47
JMFINANCIL,EQ,18-11-2009,42.3,42.0,42.8,42.0,42.25,42.25,42.45,"66,789","28,35,135.55",-,"43,192",64.67
JMFINANCIL,EQ,19-11-2009,42.25,42.1,43.5,41.1,41.5,41.35,42.45,"1,48,739","63,14,590.50",-,"61,072",41.06
JMFINANCIL,EQ,20-11-2009,41.35,41.0,42.45,40.3,41.5,41.65,41.5,"1,14,083","47,33,981.15",-,"41,237",36.15
JMFINANCIL,EQ,23-11-2009,41.65,41.15,42.5,40.6,40.65,40.8,41.07,"97,465","40,02,881.70",-,"65,549",67.25
JMFINANCIL,EQ,24-11-2009,40.8,40.8,41.5,40.1,40.55,40.6,40.78,"61,237","24,97,061.10",-,"29,174",47.64
JMFINANCIL,EQ,25-11-2009,40.6,40.5,41.5,39.85,40.2,40.15,40.6,"99,083","40,22,390.10",-,"56,759",57.28
JMFINANCIL,EQ,26-11-2009,40.15,40.0,40.7,39.45,39.8,39.85,39.99,"74,116","29,63,714.00",-,"41,738",56.31
JMFINANCIL,EQ,27-11-2009,39.85,38.9,39.4,37.7,39.3,39.2,38.67,"93,009","35,97,057.00",-,"52,542",56.49
JMFINANCIL,EQ,30-11-2009,39.2,39.65,40.7,39.5,40.05,39.95,40.0,"42,597","17,03,787.15",-,"23,619",55.45
JMFINANCIL,EQ,01-12-2009,39.95,40.0,41.0,39.8,40.95,40.75,40.56,"47,546","19,28,423.50",-,"26,832",56.43
JMFINANCIL,EQ,02-12-2009,40.75,41.3,42.5,40.75,41.0,41.15,41.62,"1,18,952","49,50,474.40",-,"59,613",50.12
JMFINANCIL,EQ,03-12-2009,41.15,41.3,43.15,41.0,42.0,41.8,42.22,"2,24,454","94,77,062.50",-,"87,062",38.79
JMFINANCIL,EQ,04-12-2009,41.8,42.4,44.5,41.25,43.85,43.5,43.4,"4,49,913","1,95,27,532.45",-,"1,90,221",42.28
JMFINANCIL,EQ,07-12-2009,43.5,44.5,45.5,43.15,43.3,43.35,44.29,"2,96,800","1,31,45,794.15",-,"1,46,811",49.46
JMFINANCIL,EQ,08-12-2009,43.35,42.05,43.8,42.05,42.9,43.1,42.95,"90,039","38,66,816.55",-,"42,485",47.19
JMFINANCIL,EQ,09-12-2009,43.1,42.55,43.7,42.5,42.65,42.6,42.9,"78,612","33,72,290.25",-,"37,126",47.23
JMFINANCIL,EQ,10-12-2009,42.6,42.9,43.5,42.3,43.0,42.95,43.0,"97,842","42,07,553.30",-,"33,784",34.53
JMFINANCIL,EQ,11-12-2009,42.95,44.1,45.95,42.05,42.2,42.3,43.03,"1,41,338","60,81,643.75",-,"70,816",50.1
JMFINANCIL,EQ,14-12-2009,42.3,42.05,42.9,41.15,41.35,41.55,42.14,"76,600","32,27,591.65",-,"37,788",49.33
JMFINANCIL,EQ,15-12-2009,41.55,41.25,41.8,40.15,40.2,40.3,40.84,"66,713","27,24,655.30",-,"40,165",60.21
JMFINANCIL,EQ,16-12-2009,40.3,40.0,41.25,39.7,40.6,40.4,40.38,"58,718","23,71,013.50",-,"24,380",41.52
JMFINANCIL,EQ,17-12-2009,40.4,42.0,43.0,40.3,40.55,40.75,41.52,"1,95,474","81,15,977.10",-,"66,215",33.87
JMFINANCIL,EQ,18-12-2009,40.75,40.6,41.2,39.8,39.9,40.0,40.39,"94,548","38,18,695.65",-,"53,596",56.69
JMFINANCIL,EQ,21-12-2009,40.0,40.25,40.8,39.55,39.65,39.75,40.09,"42,028","16,85,058.45",-,"22,686",53.98
JMFINANCIL,EQ,22-12-2009,39.75,40.65,40.65,39.75,39.9,39.85,40.12,"41,840","16,78,648.40",-,"22,729",54.32
JMFINANCIL,EQ,23-12-2009,39.85,40.0,41.35,40.0,40.8,40.85,40.7,"87,188","35,48,269.00",-,"37,619",43.15
JMFINANCIL,EQ,24-12-2009,40.85,41.25,41.5,40.55,40.95,40.9,41.0,"70,980","29,10,358.50",-,"39,226",55.26
JMFINANCIL,EQ,29-12-2009,40.9,41.4,41.85,40.6,41.0,40.95,41.16,"1,31,974","54,32,282.75",-,"91,141",69.06
JMFINANCIL,EQ,30-12-2009,40.95,40.35,44.75,40.3,44.25,44.25,43.66,"5,94,653","2,59,65,017.45",-,"2,99,932",50.44
JMFINANCIL,EQ,31-12-2009,44.25,45.0,47.7,43.1,47.0,47.0,45.85,"6,84,647","3,13,89,776.05",-,"4,35,566",63.62
JMFINANCIL,EQ,04-01-2010,47.0,47.0,48.5,45.55,45.8,45.9,46.75,"2,55,325","1,19,36,960.75",-,"1,22,410",47.94
JMFINANCIL,EQ,05-01-2010,45.9,46.9,47.8,46.2,46.8,46.65,47.01,"2,84,341","1,33,66,778.65",-,"1,51,051",53.12
JMFINANCIL,EQ,06-01-2010,46.65,47.2,47.5,46.1,46.3,46.5,46.76,"1,44,674","67,64,952.55",-,"72,871",50.37
JMFINANCIL,EQ,07-01-2010,46.5,46.45,46.9,45.15,45.3,45.5,45.66,"1,15,683","52,82,263.30",-,"57,567",49.76
JMFINANCIL,EQ,08-01-2010,45.5,45.4,46.5,45.0,45.3,45.1,45.82,"1,00,420","46,01,189.20",-,"54,714",54.49
JMFINANCIL,EQ,11-01-2010,45.1,45.9,48.1,45.0,47.0,46.8,46.67,"10,45,244","4,87,78,528.05",-,"3,23,819",30.98
JMFINANCIL,EQ,12-01-2010,46.8,47.25,47.3,44.6,45.0,44.95,45.89,"2,98,813","1,37,13,393.40",-,"1,64,551",55.07
JMFINANCIL,EQ,13-01-2010,44.95,44.0,45.85,44.0,45.8,45.25,44.98,"1,29,680","58,32,735.70",-,"66,233",51.07
JMFINANCIL,EQ,14-01-2010,45.25,46.4,46.45,45.3,45.35,45.5,45.8,"99,242","45,45,153.55",-,"54,567",54.98
JMFINANCIL,EQ,15-01-2010,45.5,45.6,47.8,44.4,45.95,46.15,46.58,"4,87,478","2,27,08,904.90",-,"1,83,200",37.58
JMFINANCIL,EQ,18-01-2010,46.15,46.8,46.8,45.5,45.85,45.65,46.16,"1,75,279","80,90,304.15",-,"85,573",48.82
JMFINANCIL,EQ,19-01-2010,45.65,46.2,46.65,44.5,44.8,44.85,45.59,"1,52,933","69,72,846.20",-,"81,599",53.36
JMFINANCIL,EQ,20-01-2010,44.85,45.1,46.7,45.0,45.1,45.55,45.84,"2,45,386","1,12,49,391.35",-,"1,18,237",48.18
JMFINANCIL,EQ,21-01-2010,45.55,45.5,47.65,45.0,45.4,45.55,46.55,"5,72,654","2,66,59,676.00",-,"2,80,663",49.01
JMFINANCIL,EQ,22-01-2010,45.55,44.0,45.5,43.25,44.0,44.3,44.17,"2,33,970","1,03,34,840.70",-,"1,45,195",62.06
JMFINANCIL,EQ,25-01-2010,44.3,44.0,44.5,42.0,42.4,42.45,43.12,"1,32,922","57,31,228.50",-,"87,372",65.73
JMFINANCIL,EQ,27-01-2010,42.45,43.0,43.8,39.0,39.35,39.75,41.33,"2,08,893","86,33,706.40",-,"1,00,951",48.33
JMFINANCIL,EQ,28-01-2010,39.75,44.0,44.95,41.2,42.0,42.0,43.22,"10,33,385","4,46,67,511.30",-,"2,36,930",22.93
JMFINANCIL,EQ,29-01-2010,42.0,42.0,42.0,39.65,40.5,40.4,40.37,"3,73,692","1,50,84,279.45",-,"2,03,677",54.5
JMFINANCIL,EQ,01-02-2010,40.4,41.0,41.9,40.0,40.8,40.85,41.0,"2,44,487","1,00,24,295.60",-,"1,19,752",48.98
JMFINANCIL,EQ,02-02-2010,40.85,41.6,41.9,40.1,40.4,40.4,41.1,"1,49,223","61,32,879.20",-,"85,014",56.97
JMFINANCIL,EQ,03-02-2010,40.4,40.9,41.3,40.3,40.75,40.75,40.74,"1,10,960","45,20,138.90",-,"60,378",54.41
JMFINANCIL,EQ,04-02-2010,40.75,40.5,41.0,39.25,39.3,39.6,40.13,"1,23,738","49,65,460.45",-,"79,895",64.57
JMFINANCIL,EQ,05-02-2010,39.6,37.55,38.7,37.5,37.75,37.8,37.94,"1,56,276","59,29,431.05",-,"96,333",61.64
JMFINANCIL,EQ,06-02-2010,37.8,40.0,40.0,38.05,38.25,38.3,38.64,"21,375","8,25,867.65",-,"13,085",61.22
JMFINANCIL,EQ,08-02-2010,38.3,38.75,39.25,38.0,38.35,38.45,38.5,"91,153","35,09,123.10",-,"49,317",54.1
JMFINANCIL,EQ,09-02-2010,38.45,38.35,38.85,38.05,38.3,38.35,38.38,"45,818","17,58,523.80",-,"27,745",60.55
JMFINANCIL,EQ,10-02-2010,38.35,39.0,39.0,38.0,38.0,38.15,38.43,"1,03,172","39,64,919.75",-,"61,557",59.66
JMFINANCIL,EQ,11-02-2010,38.15,38.45,38.75,38.1,38.1,38.15,38.34,"70,607","27,07,260.00",-,"38,983",55.21
JMFINANCIL,EQ,15-02-2010,38.15,38.05,38.55,37.75,37.75,37.85,38.09,"71,797","27,34,579.80",-,"43,464",60.54
JMFINANCIL,EQ,16-02-2010,37.85,37.85,38.2,36.5,37.0,36.9,37.03,"84,256","31,20,248.70",-,"52,872",62.75
JMFINANCIL,EQ,17-02-2010,36.9,37.9,38.4,37.15,37.15,37.3,37.53,"1,11,322","41,78,295.30",-,"66,602",59.83
JMFINANCIL,EQ,18-02-2010,37.3,37.7,43.5,29.85,39.55,38.45,41.04,"20,75,077","8,51,54,157.10",-,"3,67,357",17.7
JMFINANCIL,EQ,19-02-2010,38.45,38.95,41.45,38.55,38.6,38.85,39.81,"6,81,475","2,71,31,686.45",-,"1,29,102",18.94
JMFINANCIL,EQ,22-02-2010,38.85,39.35,40.0,37.5,37.5,37.8,38.65,"2,77,812","1,07,36,711.20",-,"1,20,806",43.48
JMFINANCIL,EQ,23-02-2010,37.8,38.35,38.35,36.3,37.0,36.85,37.29,"1,60,311","59,77,813.75",-,"85,766",53.5
JMFINANCIL,EQ,24-02-2010,36.85,36.25,37.4,35.9,36.0,36.15,36.66,"1,52,163","55,78,285.60",-,"75,355",49.52
JMFINANCIL,EQ,25-02-2010,36.15,37.1,37.5,36.0,36.5,36.25,36.51,"1,31,890","48,14,842.20",-,"53,538",40.59
JMFINANCIL,EQ,26-02-2010,36.25,35.7,39.0,35.7,38.65,37.45,36.83,"6,79,820","2,50,37,912.85",-,"3,67,458",54.05
JMFINANCIL,EQ,02-03-2010,37.45,39.0,39.5,38.15,39.0,38.75,38.69,"2,12,295","82,14,604.20",-,"1,32,210",62.28
JMFINANCIL,EQ,03-03-2010,38.75,39.3,39.7,38.6,39.0,39.0,39.14,"1,53,020","59,88,655.50",-,"1,00,657",65.78
JMFINANCIL,EQ,04-03-2010,39.0,39.6,40.5,38.65,39.25,39.25,39.53,"1,66,423","65,78,955.50",-,"86,072",51.72
JMFINANCIL,EQ,05-03-2010,39.25,39.75,39.8,38.75,38.8,38.85,39.21,"1,49,171","58,49,523.60",-,"82,621",55.39
JMFINANCIL,EQ,08-03-2010,38.85,39.95,39.95,38.35,38.45,38.45,38.88,"1,72,361","67,00,603.75",-,"1,09,434",63.49
JMFINANCIL,EQ,09-03-2010,38.45,38.7,39.05,37.8,38.1,38.05,38.43,"87,623","33,67,312.75",-,"39,039",44.55
JMFINANCIL,EQ,10-03-2010,38.05,38.25,38.95,37.25,38.0,37.85,38.07,"1,39,483","53,09,970.90",-,"59,946",42.98
JMFINANCIL,EQ,11-03-2010,37.85,37.3,38.1,36.55,36.7,36.8,37.22,"1,59,899","59,51,549.30",-,"90,507",56.6
JMFINANCIL,EQ,12-03-2010,36.8,37.85,37.85,36.45,36.45,36.7,36.91,"1,15,748","42,72,420.75",-,"75,198",64.97
JMFINANCIL,EQ,15-03-2010,36.7,36.6,36.95,36.0,36.0,36.15,36.48,"1,21,358","44,27,203.45",-,"97,937",80.7
JMFINANCIL,EQ,16-03-2010,36.15,36.3,36.95,36.0,36.3,36.2,36.25,"1,70,837","61,92,072.00",-,"1,31,383",76.91
JMFINANCIL,EQ,17-03-2010,36.2,36.75,38.0,36.5,37.6,37.15,37.21,"3,03,364","1,12,88,941.75",-,"1,84,871",60.94
JMFINANCIL,EQ,18-03-2010,37.15,37.9,38.8,37.3,37.8,38.05,38.13,"2,87,161","1,09,50,864.70",-,"1,49,538",52.07
JMFINANCIL,EQ,19-03-2010,38.05,38.1,38.4,37.1,37.4,37.25,37.64,"1,11,175","41,84,295.90",-,"66,002",59.37
JMFINANCIL,EQ,22-03-2010,37.25,36.95,37.75,36.2,36.7,36.65,37.04,"1,12,610","41,71,378.00",-,"60,798",53.99
JMFINANCIL,EQ,23-03-2010,36.65,36.8,37.9,36.5,36.8,36.8,36.89,"73,625","27,16,327.10",-,"44,844",60.91
JMFINANCIL,EQ,25-03-2010,36.8,36.45,37.3,36.1,37.0,36.85,36.62,"1,45,239","53,18,971.25",-,"1,02,665",70.69
JMFINANCIL,EQ,26-03-2010,36.85,36.7,37.15,36.0,36.25,36.15,36.52,"1,27,262","46,47,914.45",-,"84,377",66.3
JMFINANCIL,EQ,29-03-2010,36.15,36.7,36.7,34.8,35.0,35.05,35.44,"2,24,800","79,67,760.55",-,"1,41,793",63.08
JMFINANCIL,EQ,30-03-2010,35.05,35.95,40.25,35.15,38.1,38.0,38.91,"21,23,456","8,26,27,159.15",-,"4,62,562",21.78
JMFINANCIL,EQ,31-03-2010,38.0,38.4,39.4,37.2,37.85,37.75,38.57,"5,34,627","2,06,21,866.70",-,"1,81,114",33.88
JMFINANCIL,EQ,01-04-2010,37.75,38.0,38.9,37.9,38.2,38.3,38.27,"1,29,204","49,44,187.45",-,"73,716",57.05
JMFINANCIL,EQ,05-04-2010,38.3,38.3,40.25,38.3,38.9,38.85,39.31,"3,37,271","1,32,59,607.90",-,"1,33,031",39.44
JMFINANCIL,EQ,06-04-2010,38.85,39.25,39.5,38.5,38.65,38.7,38.91,"1,26,060","49,04,947.60",-,"55,945",44.38
JMFINANCIL,EQ,07-04-2010,38.7,38.7,39.5,38.45,39.0,39.05,39.01,"1,68,687","65,80,209.40",-,"93,626",55.5
JMFINANCIL,EQ,08-04-2010,39.05,38.6,40.65,37.9,38.15,38.2,39.41,"4,36,044","1,71,82,869.15",-,"1,72,501",39.56
JMFINANCIL,EQ,09-04-2010,38.2,38.8,39.7,38.6,38.8,38.8,39.13,"2,01,201","78,73,478.55",-,"74,108",36.83
JMFINANCIL,EQ,12-04-2010,38.8,38.9,41.3,38.4,39.4,39.5,39.78,"5,92,717","2,35,76,289.10",-,"1,69,838",28.65
JMFINANCIL,EQ,13-04-2010,39.5,40.5,41.0,39.3,39.5,39.5,40.17,"5,97,428","2,39,97,667.20",-,"2,68,540",44.95
JMFINANCIL,EQ,15-04-2010,39.5,40.9,41.0,38.1,38.3,38.35,39.62,"4,73,189","1,87,46,319.45",-,"2,07,320",43.81
JMFINANCIL,EQ,16-04-2010,38.35,38.6,39.95,37.85,38.6,38.65,38.87,"4,41,852","1,71,72,724.50",-,"1,49,161",33.76
JMFINANCIL,EQ,19-04-2010,38.65,37.8,38.8,37.45,37.65,37.65,37.97,"2,29,806","87,26,649.05",-,"1,05,922",46.09
JMFINANCIL,EQ,20-04-2010,37.65,37.95,38.25,37.1,37.85,37.65,37.81,"2,19,648","83,05,464.50",-,"92,161",41.96
JMFINANCIL,EQ,21-04-2010,37.65,38.95,39.4,37.6,38.2,38.4,38.69,"3,85,944","1,49,33,485.10",-,"1,29,349",33.51
JMFINANCIL,EQ,22-04-2010,38.4,37.7,38.9,37.7,38.45,38.45,38.55,"1,57,284","60,63,593.50",-,"78,424",49.86
JMFINANCIL,EQ,23-04-2010,38.45,39.6,39.6,37.95,38.2,38.1,38.42,"1,93,412","74,31,608.15",-,"1,01,206",52.33
JMFINANCIL,EQ,26-04-2010,38.1,38.25,38.9,37.75,37.85,37.85,38.17,"1,37,835","52,61,608.80",-,"77,358",56.12
JMFINANCIL,EQ,27-04-2010,37.85,38.1,38.1,37.0,37.15,37.15,37.4,"1,58,252","59,18,663.70",-,"1,11,174",70.25
JMFINANCIL,EQ,28-04-2010,37.15,36.9,37.0,36.05,36.35,36.25,36.47,"1,56,516","57,08,492.05",-,"95,302",60.89
JMFINANCIL,EQ,29-04-2010,36.25,36.1,37.6,35.5,36.75,36.65,36.81,"1,37,918","50,77,406.35",-,"58,544",42.45
JMFINANCIL,EQ,30-04-2010,36.65,37.0,37.5,36.7,36.9,36.85,37.05,"1,39,592","51,71,294.25",-,"77,533",55.54
JMFINANCIL,EQ,03-05-2010,36.85,36.75,37.8,36.6,37.1,36.95,37.07,"1,40,430","52,05,582.45",-,"69,497",49.49
JMFINANCIL,EQ,04-05-2010,36.95,36.95,37.35,35.8,35.85,35.95,36.43,"1,62,117","59,06,413.95",-,"95,359",58.82
JMFINANCIL,EQ,05-05-2010,35.95,35.5,35.7,34.6,35.7,35.55,35.28,"1,32,150","46,61,936.45",-,"68,531",51.86
JMFINANCIL,EQ,06-05-2010,35.55,35.3,35.9,35.0,35.4,35.45,35.45,"1,22,694","43,49,117.60",-,"73,286",59.73
JMFINANCIL,EQ,07-05-2010,35.45,34.6,34.9,33.65,33.65,33.8,34.17,"1,37,942","47,12,977.40",-,"85,564",62.03
JMFINANCIL,EQ,10-05-2010,33.8,34.9,35.1,33.9,34.7,34.85,34.56,"1,22,121","42,20,456.95",-,"58,594",47.98
JMFINANCIL,EQ,11-05-2010,34.85,34.85,35.3,34.15,34.15,34.35,34.69,"87,633","30,40,061.75",-,"49,536",56.53
JMFINANCIL,EQ,12-05-2010,34.35,34.7,34.9,33.8,34.15,34.3,34.43,"70,245","24,18,643.05",-,"41,166",58.6
JMFINANCIL,EQ,13-05-2010,34.3,34.4,34.8,33.5,33.75,33.75,34.01,"1,31,136","44,60,311.00",-,"75,266",57.4
JMFINANCIL,EQ,14-05-2010,33.75,33.4,35.45,33.4,33.55,33.65,34.43,"2,28,730","78,74,999.30",-,"99,853",43.66
JMFINANCIL,EQ,17-05-2010,33.65,33.0,33.6,32.35,32.55,33.0,32.77,"1,00,986","33,08,828.05",-,"46,368",45.92
JMFINANCIL,EQ,18-05-2010,33.0,32.85,34.75,32.85,33.95,33.75,33.89,"2,62,954","89,11,862.20",-,"1,13,357",43.11
JMFINANCIL,EQ,19-05-2010,33.75,33.1,33.6,31.5,31.5,31.85,32.67,"1,54,837","50,58,489.20",-,"99,013",63.95
JMFINANCIL,EQ,20-05-2010,31.85,32.95,33.0,31.0,31.0,31.2,31.81,"1,17,145","37,26,738.60",-,"63,704",54.38
JMFINANCIL,EQ,21-05-2010,31.2,30.0,31.3,28.1,29.75,30.0,30.15,"1,95,462","58,93,766.15",-,"1,35,813",69.48
JMFINANCIL,EQ,24-05-2010,30.0,30.5,33.65,30.1,32.7,32.5,32.26,"3,90,641","1,26,00,337.35",-,"2,02,267",51.78
JMFINANCIL,EQ,25-05-2010,32.5,31.7,32.6,29.85,30.25,30.25,31.23,"2,06,423","64,47,062.00",-,"1,09,946",53.26
JMFINANCIL,EQ,26-05-2010,30.25,32.0,34.8,31.4,31.75,31.65,32.42,"8,93,868","2,89,74,773.65",-,"2,57,492",28.81
JMFINANCIL,EQ,27-05-2010,31.65,32.0,32.0,31.2,31.75,31.65,31.52,"1,14,098","35,95,979.40",-,"54,005",47.33
JMFINANCIL,EQ,28-05-2010,31.65,32.5,32.5,31.4,31.8,31.75,31.75,"1,82,125","57,81,844.90",-,"1,04,754",57.52
JMFINANCIL,EQ,31-05-2010,31.75,34.0,38.1,32.9,38.1,38.1,37.26,"29,95,179","11,15,96,823.85",-,"7,87,578",26.29
JMFINANCIL,EQ,01-06-2010,38.1,39.9,45.0,38.25,42.2,42.25,42.35,"1,12,82,434","47,78,57,157.95",-,"18,44,771",16.35
JMFINANCIL,EQ,02-06-2010,42.25,43.5,43.8,38.9,39.25,39.35,40.29,"49,08,367","19,77,34,559.90",-,"10,02,252",20.42
JMFINANCIL,EQ,03-06-2010,39.35,40.25,42.85,38.1,39.15,39.4,40.63,"83,50,705","33,93,06,272.80",-,"18,42,210",22.06
JMFINANCIL,EQ,04-06-2010,39.4,39.95,40.8,37.85,38.0,38.2,39.25,"25,51,196","10,01,33,643.10",-,"7,90,707",30.99
JMFINANCIL,EQ,07-06-2010,38.2,37.8,37.8,35.25,35.9,35.95,36.13,"15,94,458","5,76,13,386.40",-,"5,00,143",31.37
JMFINANCIL,EQ,08-06-2010,35.95,36.85,38.5,35.9,36.4,36.15,37.23,"27,07,030","10,07,87,698.30",-,"5,35,267",19.77
JMFINANCIL,EQ,09-06-2010,36.15,36.6,37.5,35.4,35.4,35.6,36.38,"12,41,583","4,51,65,111.65",-,"3,58,286",28.86
JMFINANCIL,EQ,10-06-2010,35.6,35.8,36.5,35.1,35.4,35.6,35.76,"8,92,424","3,19,15,192.60",-,"2,60,572",29.2
JMFINANCIL,EQ,11-06-2010,35.6,36.1,36.9,35.3,35.35,35.5,35.92,"10,79,207","3,87,61,743.30",-,"3,00,850",27.88
JMFINANCIL,EQ,14-06-2010,35.5,35.95,36.45,35.35,35.45,35.5,35.77,"8,38,345","2,99,87,343.80",-,"2,44,378",29.15
JMFINANCIL,EQ,15-06-2010,35.5,35.75,35.9,35.25,35.3,35.4,35.53,"5,54,833","1,97,12,142.00",-,"2,22,225",40.05
JMFINANCIL,EQ,16-06-2010,35.4,35.6,36.7,35.5,35.65,35.7,35.99,"9,39,912","3,38,28,120.55",-,"2,90,646",30.92
JMFINANCIL,EQ,17-06-2010,35.7,35.8,36.45,35.55,35.6,35.8,35.93,"6,25,235","2,24,64,267.60",-,"2,35,704",37.7
JMFINANCIL,EQ,18-06-2010,35.8,36.1,36.4,35.0,35.0,35.1,35.78,"8,08,989","2,89,45,301.65",-,"2,67,132",33.02
JMFINANCIL,EQ,21-06-2010,35.1,35.8,35.95,35.25,35.6,35.4,35.53,"5,00,380","1,77,79,609.15",-,"2,10,463",42.06
JMFINANCIL,EQ,22-06-2010,35.4,35.7,35.8,34.6,34.8,34.9,35.21,"4,81,403","1,69,49,144.50",-,"2,25,308",46.8
JMFINANCIL,EQ,23-06-2010,34.9,34.7,35.15,34.5,34.7,34.65,34.79,"2,99,494","1,04,19,444.35",-,"1,21,320",40.51
JMFINANCIL,EQ,24-06-2010,34.65,34.6,36.0,34.6,35.2,35.2,35.36,"6,72,078","2,37,66,872.10",-,"2,26,707",33.73
JMFINANCIL,EQ,25-06-2010,35.2,35.1,35.2,34.5,34.6,34.65,34.86,"2,95,065","1,02,86,505.05",-,"1,41,917",48.1
JMFINANCIL,EQ,28-06-2010,34.65,34.75,35.35,34.5,34.65,34.7,34.86,"4,14,440","1,44,45,849.45",-,"1,35,038",32.58
JMFINANCIL,EQ,29-06-2010,34.7,34.75,37.3,34.65,37.05,36.75,36.31,"20,93,930","7,60,20,586.85",-,"7,07,404",33.78
JMFINANCIL,EQ,30-06-2010,36.75,36.25,37.5,36.1,36.65,36.6,36.84,"12,88,052","4,74,52,114.70",-,"4,06,542",31.56
JMFINANCIL,EQ,01-07-2010,36.6,36.0,37.35,36.0,36.6,36.7,36.82,"8,26,563","3,04,34,827.55",-,"2,33,254",28.22
JMFINANCIL,EQ,02-07-2010,36.7,36.6,37.4,36.15,36.4,36.45,36.84,"4,55,881","1,67,94,714.00",-,"1,82,363",40.0
JMFINANCIL,EQ,05-07-2010,36.45,36.0,37.1,35.9,36.05,36.1,36.41,"5,38,743","1,96,15,794.95",-,"1,71,161",31.77
JMFINANCIL,EQ,06-07-2010,36.1,36.3,36.85,36.1,36.25,36.25,36.37,"2,41,535","87,84,654.95",-,"1,00,429",41.58
JMFINANCIL,EQ,07-07-2010,36.25,36.45,37.85,36.25,37.2,37.0,36.84,"37,88,601","13,95,54,698.05",-,"23,32,995",61.58
JMFINANCIL,EQ,08-07-2010,37.0,37.6,37.75,36.6,36.6,36.7,37.11,"5,97,784","2,21,82,478.75",-,"2,49,113",41.67
JMFINANCIL,EQ,09-07-2010,36.7,36.7,37.7,36.55,37.0,36.95,37.14,"7,06,389","2,62,32,593.25",-,"2,41,695",34.22
JMFINANCIL,EQ,12-07-2010,36.95,37.0,37.45,36.6,36.8,36.8,36.99,"3,54,255","1,31,03,921.90",-,"1,50,467",42.47
JMFINANCIL,EQ,13-07-2010,36.8,37.0,37.45,36.6,36.65,36.75,37.01,"5,10,443","1,88,89,517.85",-,"1,62,119",31.76
JMFINANCIL,EQ,14-07-2010,36.75,37.0,37.1,35.65,36.1,36.0,36.51,"3,39,691","1,24,01,190.65",-,"1,82,587",53.75
JMFINANCIL,EQ,15-07-2010,36.0,35.5,36.3,35.5,35.7,35.75,35.85,"1,71,593","61,52,147.85",-,"86,084",50.17
JMFINANCIL,EQ,16-07-2010,35.75,36.0,36.35,35.75,36.1,36.0,36.06,"4,74,261","1,71,04,030.90",-,"2,03,401",42.89
JMFINANCIL,EQ,19-07-2010,36.0,35.8,36.3,35.65,35.7,35.7,35.88,"2,76,056","99,05,681.00",-,"1,47,826",53.55
JMFINANCIL,EQ,20-07-2010,35.7,35.7,35.9,35.3,35.3,35.5,35.64,"2,39,280","85,28,572.90",-,"1,38,309",57.8
JMFINANCIL,EQ,21-07-2010,35.5,35.8,35.9,35.15,35.55,35.35,35.42,"1,80,351","63,88,382.50",-,"83,788",46.46
JMFINANCIL,EQ,22-07-2010,35.35,35.05,35.75,35.0,35.25,35.25,35.34,"2,69,476","95,23,200.20",-,"1,19,743",44.44
JMFINANCIL,EQ,23-07-2010,35.25,35.5,35.65,34.65,34.7,34.85,35.07,"2,30,132","80,69,769.60",-,"1,39,648",60.68
JMFINANCIL,EQ,26-07-2010,34.85,35.1,35.1,34.1,34.25,34.15,34.4,"1,66,966","57,42,942.25",-,"84,334",50.51
JMFINANCIL,EQ,27-07-2010,34.15,34.5,34.5,33.65,33.75,33.9,33.92,"2,45,067","83,12,036.55",-,"1,12,867",46.06
JMFINANCIL,EQ,28-07-2010,33.9,34.2,34.9,33.1,33.5,33.35,33.93,"5,94,875","2,01,82,728.60",-,"2,02,853",34.1
JMFINANCIL,EQ,29-07-2010,33.35,34.05,34.35,33.0,33.9,33.9,33.67,"4,72,645","1,59,11,606.35",-,"2,14,245",45.33
JMFINANCIL,EQ,30-07-2010,33.9,34.0,34.0,32.9,33.1,33.05,33.32,"1,86,620","62,18,505.15",-,"1,06,989",57.33
JMFINANCIL,EQ,02-08-2010,33.05,34.75,34.9,33.05,33.35,33.25,33.33,"1,58,723","52,90,706.70",-,"92,258",58.13
JMFINANCIL,EQ,03-08-2010,33.25,33.4,33.9,33.1,33.6,33.35,33.44,"2,00,566","67,06,036.10",-,"1,00,761",50.24
JMFINANCIL,EQ,04-08-2010,33.35,33.2,33.85,33.2,33.5,33.45,33.5,"1,45,079","48,60,574.60",-,"70,449",48.56
JMFINANCIL,EQ,05-08-2010,33.45,33.75,35.4,33.4,34.6,34.4,34.7,"7,32,839","2,54,29,010.80",-,"2,27,727",31.07
JMFINANCIL,EQ,06-08-2010,34.4,34.5,34.75,33.55,33.55,33.7,34.1,"1,86,162","63,48,810.80",-,"87,847",47.19
JMFINANCIL,EQ,09-08-2010,33.7,33.95,34.9,33.75,34.4,34.25,34.34,"3,17,544","1,09,03,615.50",-,"1,20,974",38.1
JMFINANCIL,EQ,10-08-2010,34.25,34.4,34.55,33.85,34.25,34.1,34.18,"1,40,839","48,13,866.45",-,"60,637",43.05
JMFINANCIL,EQ,11-08-2010,34.1,34.0,37.4,34.0,35.75,35.7,35.99,"21,05,651","7,57,90,993.25",-,"5,76,209",27.36
JMFINANCIL,EQ,12-08-2010,35.7,35.2,36.2,34.7,35.1,35.15,35.4,"3,87,324","1,37,12,213.25",-,"1,87,171",48.32
JMFINANCIL,EQ,13-08-2010,35.15,35.5,35.9,34.5,34.6,34.6,35.05,"2,38,176","83,47,411.60",-,"1,02,441",43.01
JMFINANCIL,EQ,16-08-2010,34.6,34.5,35.0,34.0,34.2,34.1,34.32,"1,67,746","57,57,800.90",-,"97,070",57.87
JMFINANCIL,EQ,17-08-2010,34.1,34.0,34.75,33.5,34.25,34.35,34.26,"2,05,704","70,46,818.85",-,"1,01,516",49.35
JMFINANCIL,EQ,18-08-2010,34.35,34.6,34.7,34.0,34.25,34.1,34.21,"1,55,658","53,24,303.40",-,"1,04,112",66.89
JMFINANCIL,EQ,19-08-2010,34.1,34.1,35.25,34.1,34.35,34.6,34.68,"2,29,782","79,69,679.85",-,"80,468",35.02
JMFINANCIL,EQ,20-08-2010,34.6,34.3,34.9,33.9,34.1,34.1,34.34,"1,66,984","57,34,062.55",-,"94,569",56.63
JMFINANCIL,EQ,23-08-2010,34.1,34.1,34.85,34.1,34.8,34.6,34.53,"1,72,664","59,62,524.95",-,"89,646",51.92
JMFINANCIL,EQ,24-08-2010,34.6,34.5,34.85,33.9,33.95,34.0,34.19,"1,00,192","34,25,644.90",-,"51,357",51.26
JMFINANCIL,EQ,25-08-2010,34.0,34.0,34.45,33.5,33.95,33.75,34.01,"2,57,696","87,63,254.30",-,"1,10,744",42.97
JMFINANCIL,EQ,26-08-2010,33.75,34.1,34.2,33.3,33.55,33.45,33.64,"94,857","31,91,400.25",-,"63,819",67.28
JMFINANCIL,EQ,27-08-2010,33.45,33.5,33.9,32.85,33.0,33.05,33.39,"1,52,251","50,84,250.05",-,"1,10,012",72.26
JMFINANCIL,EQ,30-08-2010,33.05,33.4,34.0,32.5,32.8,32.65,33.1,"1,08,647","35,95,967.10",-,"64,071",58.97
JMFINANCIL,EQ,31-08-2010,32.65,32.5,32.6,31.7,31.8,31.9,32.06,"1,36,349","43,71,638.90",-,"77,282",56.68
JMFINANCIL,EQ,01-09-2010,31.9,32.3,33.15,32.0,32.5,32.35,32.62,"2,17,875","71,06,750.15",-,"80,747",37.06
JMFINANCIL,EQ,02-09-2010,32.35,32.6,32.9,32.25,32.65,32.45,32.48,"1,18,416","38,46,362.80",-,"63,565",53.68
JMFINANCIL,EQ,03-09-2010,32.45,32.5,33.5,32.4,33.0,32.95,32.99,"1,78,972","59,05,042.35",-,"83,857",46.85
JMFINANCIL,EQ,06-09-2010,32.95,33.5,33.85,33.1,33.4,33.3,33.35,"1,23,729","41,26,818.80",-,"78,099",63.12
JMFINANCIL,EQ,07-09-2010,33.3,33.45,34.0,33.3,33.6,33.6,33.68,"1,37,292","46,24,099.85",-,"84,797",61.76
JMFINANCIL,EQ,08-09-2010,33.6,33.9,33.9,33.2,33.4,33.35,33.42,"1,41,960","47,43,698.25",-,"89,498",63.04
JMFINANCIL,EQ,09-09-2010,33.35,33.7,35.15,33.5,34.0,33.9,34.37,"4,30,626","1,48,01,591.05",-,"1,36,416",31.68
JMFINANCIL,EQ,13-09-2010,33.9,34.75,34.85,34.05,34.25,34.25,34.38,"2,33,390","80,23,789.25",-,"1,37,159",58.77
JMFINANCIL,EQ,14-09-2010,34.25,34.5,34.85,33.55,33.55,33.7,34.25,"1,59,252","54,54,225.85",-,"78,337",49.19
JMFINANCIL,EQ,15-09-2010,33.7,33.7,33.9,33.3,33.45,33.55,33.64,"88,495","29,77,211.15",-,"48,777",55.12
JMFINANCIL,EQ,16-09-2010,33.55,34.0,34.7,33.35,34.3,34.1,34.31,"3,35,815","1,15,23,463.05",-,"1,89,993",56.58
JMFINANCIL,EQ,17-09-2010,34.1,34.3,34.5,33.75,34.0,33.95,34.1,"1,54,317","52,61,711.60",-,"94,641",61.33
JMFINANCIL,EQ,20-09-2010,33.95,34.0,36.45,33.75,35.05,35.1,35.15,"5,12,653","1,80,17,786.85",-,"2,29,576",44.78
JMFINANCIL,EQ,21-09-2010,35.1,35.1,37.1,34.2,36.6,36.5,36.06,"10,27,735","3,70,60,570.75",-,"3,92,064",38.15
JMFINANCIL,EQ,22-09-2010,36.5,37.0,37.35,35.1,35.35,35.35,36.2,"4,84,090","1,75,25,627.20",-,"2,19,266",45.29
JMFINANCIL,EQ,23-09-2010,35.35,35.55,36.9,35.1,36.1,36.05,36.26,"4,59,087","1,66,46,422.00",-,"2,66,620",58.08
JMFINANCIL,EQ,24-09-2010,36.05,37.2,38.85,36.8,37.0,37.05,37.9,"30,45,405","11,54,20,797.50",-,"10,43,085",34.25
JMFINANCIL,EQ,27-09-2010,37.05,37.4,44.5,37.0,44.5,43.3,41.73,"1,15,35,502","48,14,21,373.65",-,"39,69,283",34.41
JMFINANCIL,EQ,28-09-2010,43.3,45.7,45.7,37.4,37.7,37.8,39.52,"1,15,20,882","45,52,52,490.35",-,"37,61,831",32.65
JMFINANCIL,EQ,29-09-2010,37.8,38.7,39.5,37.15,37.45,37.65,38.33,"49,08,874","18,81,72,745.35",-,"17,17,040",34.98
JMFINANCIL,EQ,30-09-2010,37.65,37.5,38.3,37.0,37.05,37.2,37.64,"11,72,023","4,41,16,012.60",-,"5,04,578",43.05
JMFINANCIL,EQ,01-10-2010,37.2,37.6,38.8,36.0,38.55,38.3,38.14,"23,15,709","8,83,20,407.30",-,"8,95,817",38.68
JMFINANCIL,EQ,04-10-2010,38.3,39.0,39.0,37.5,37.8,37.75,38.2,"14,77,922","5,64,64,006.00",-,"7,10,613",48.08
JMFINANCIL,EQ,05-10-2010,37.75,38.55,41.3,37.5,39.3,39.3,39.68,"51,52,223","20,44,22,016.75",-,"20,83,091",40.43
JMFINANCIL,EQ,06-10-2010,39.3,39.75,46.8,39.65,45.4,46.05,43.88,"1,96,68,381","86,30,28,387.85",-,"83,87,811",42.65
JMFINANCIL,EQ,07-10-2010,46.05,47.05,47.8,41.0,42.1,41.75,44.92,"2,08,38,340","93,60,84,653.95",-,"71,59,412",34.36
JMFINANCIL,EQ,08-10-2010,41.75,38.0,43.4,38.0,40.65,40.3,41.4,"1,15,25,048","47,71,73,089.55",-,"43,68,209",37.9
JMFINANCIL,EQ,11-10-2010,40.3,43.95,44.5,40.4,41.3,41.3,41.66,"56,31,279","23,46,12,904.20",-,"20,05,129",35.61
JMFINANCIL,EQ,12-10-2010,41.3,41.65,41.65,38.8,39.55,39.55,39.82,"52,09,520","20,74,27,685.80",-,"20,19,540",38.77
JMFINANCIL,EQ,13-10-2010,39.55,40.0,41.25,39.3,40.0,40.0,40.25,"52,01,050","20,93,58,936.15",-,"21,55,190",41.44
JMFINANCIL,EQ,14-10-2010,40.0,40.75,40.8,39.15,40.45,40.25,40.09,"39,73,128","15,92,88,332.90",-,"14,89,890",37.5
JMFINANCIL,EQ,15-10-2010,40.25,40.9,44.4,40.6,42.5,42.5,42.83,"2,04,74,261","87,68,38,498.35",-,"65,19,059",31.84
JMFINANCIL,EQ,18-10-2010,42.5,43.1,44.25,42.8,43.9,43.85,43.64,"90,27,562","39,39,46,084.10",-,"31,53,376",34.93
JMFINANCIL,EQ,19-10-2010,43.85,44.4,46.95,44.25,45.7,45.85,45.79,"1,79,83,354","82,35,15,774.05",-,"58,17,075",32.35
JMFINANCIL,EQ,20-10-2010,45.85,46.0,46.95,43.6,44.1,44.0,45.34,"93,36,537","42,32,89,960.75",-,"34,70,362",37.17
JMFINANCIL,EQ,21-10-2010,44.0,44.55,45.7,42.5,42.7,42.8,44.26,"1,03,75,656","45,92,55,734.75",-,"30,99,253",29.87
JMFINANCIL,EQ,22-10-2010,42.8,43.3,43.4,40.6,40.85,40.8,41.42,"50,21,153","20,79,85,108.65",-,"20,89,578",41.62
JMFINANCIL,EQ,25-10-2010,40.8,41.4,41.85,40.4,41.05,40.9,41.22,"38,20,030","15,74,47,536.00",-,"14,61,648",38.26
JMFINANCIL,EQ,26-10-2010,40.9,41.0,41.25,39.7,39.95,39.95,40.42,"29,16,810","11,78,96,575.75",-,"14,01,271",48.04
JMFINANCIL,EQ,27-10-2010,39.95,40.35,41.3,39.5,40.15,40.05,40.35,"40,54,593","16,35,86,681.95",-,"12,58,906",31.05
JMFINANCIL,EQ,28-10-2010,40.05,40.6,40.6,38.8,39.4,39.2,39.65,"18,21,077","7,21,98,560.05",-,"7,66,175",42.07
JMFINANCIL,EQ,29-10-2010,39.2,39.2,39.7,38.2,38.7,38.8,38.86,"24,73,877","9,61,26,776.40",-,"8,13,023",32.86
JMFINANCIL,EQ,01-11-2010,38.8,39.45,39.45,38.15,38.4,38.5,38.68,"15,51,092","5,99,93,445.95",-,"6,93,532",44.71
JMFINANCIL,EQ,02-11-2010,38.5,38.8,40.4,37.9,39.65,39.6,39.63,"31,45,887","12,46,58,280.45",-,"9,86,869",31.37
JMFINANCIL,EQ,03-11-2010,39.6,39.9,41.85,39.6,40.45,40.3,40.96,"57,81,233","23,68,20,400.25",-,"21,92,451",37.92
JMFINANCIL,EQ,04-11-2010,40.3,40.75,40.75,39.7,39.8,40.05,40.13,"22,13,773","8,88,44,860.10",-,"10,27,647",46.42
JMFINANCIL,EQ,05-11-2010,40.05,40.45,40.8,40.1,40.35,40.55,40.48,"7,13,512","2,88,84,432.30",-,"3,59,815",50.43
JMFINANCIL,EQ,08-11-2010,40.55,40.8,40.85,39.65,40.0,39.95,40.15,"17,60,800","7,06,98,654.65",-,"8,72,915",49.57
JMFINANCIL,EQ,09-11-2010,39.95,40.5,41.6,39.7,40.95,40.95,40.94,"47,16,182","19,30,89,287.10",-,"19,26,006",40.84
JMFINANCIL,EQ,10-11-2010,40.95,41.0,42.0,40.5,40.8,40.7,41.21,"35,76,043","14,73,76,097.10",-,"16,79,764",46.97
JMFINANCIL,EQ,11-11-2010,40.7,41.0,41.15,39.1,39.75,39.5,40.19,"23,33,409","9,37,77,431.55",-,"10,90,938",46.75
JMFINANCIL,EQ,12-11-2010,39.5,39.85,39.95,38.1,38.4,38.3,38.99,"19,99,397","7,79,55,909.60",-,"9,10,732",45.55
JMFINANCIL,EQ,15-11-2010,38.3,38.5,38.9,37.4,37.9,37.8,38.06,"14,79,399","5,63,02,509.25",-,"4,97,453",33.63
JMFINANCIL,EQ,16-11-2010,37.8,38.0,38.45,35.7,36.3,36.2,37.11,"18,68,678","6,93,45,838.90",-,"8,60,980",46.07
JMFINANCIL,EQ,18-11-2010,36.2,37.55,39.2,35.45,36.8,36.8,37.02,"36,54,384","13,52,93,758.55",-,"10,98,754",30.07
JMFINANCIL,EQ,19-11-2010,36.8,36.6,37.05,34.15,34.95,34.8,35.99,"19,88,821","7,15,79,734.60",-,"9,01,999",45.35
JMFINANCIL,EQ,22-11-2010,34.8,35.45,35.7,33.7,35.2,35.0,34.98,"11,89,976","4,16,21,374.10",-,"5,37,257",45.15
JMFINANCIL,EQ,23-11-2010,35.0,34.7,34.9,33.3,34.0,34.05,34.25,"14,60,479","5,00,19,075.70",-,"4,95,569",33.93
JMFINANCIL,EQ,24-11-2010,34.05,34.05,34.85,33.1,33.5,33.5,34.08,"11,22,551","3,82,51,307.60",-,"4,80,368",42.79
JMFINANCIL,EQ,25-11-2010,33.5,33.5,33.8,32.3,32.55,32.5,32.84,"10,50,210","3,44,89,101.95",-,"4,77,337",45.45
JMFINANCIL,EQ,26-11-2010,32.5,32.0,32.7,26.25,30.15,29.95,29.54,"40,81,180","12,05,54,467.85",-,"14,39,089",35.26
JMFINANCIL,EQ,29-11-2010,29.95,30.05,32.25,29.3,31.35,31.2,31.09,"19,60,283","6,09,45,440.10",-,"8,49,936",43.36
JMFINANCIL,EQ,30-11-2010,31.2,31.0,33.75,30.15,33.6,33.55,32.37,"23,29,324","7,53,90,025.10",-,"8,31,771",35.71
JMFINANCIL,EQ,01-12-2010,33.55,33.9,34.6,33.2,34.0,33.85,34.07,"10,83,095","3,69,01,569.25",-,"4,44,882",41.08
JMFINANCIL,EQ,02-12-2010,33.85,34.25,34.6,33.3,34.05,33.7,34.03,"10,01,212","3,40,72,991.00",-,"4,33,805",43.33
JMFINANCIL,EQ,03-12-2010,33.7,34.6,35.4,32.6,32.8,32.8,33.88,"18,84,462","6,38,51,057.30",-,"6,77,973",35.98
JMFINANCIL,EQ,06-12-2010,32.8,33.4,33.65,32.45,32.8,32.7,33.1,"5,76,216","1,90,72,381.90",-,"2,13,957",37.13
JMFINANCIL,EQ,07-12-2010,32.7,32.6,32.7,31.6,31.95,31.85,31.95,"7,66,081","2,44,77,449.10",-,"2,52,517",32.96
JMFINANCIL,EQ,08-12-2010,31.85,31.8,33.1,30.85,30.85,31.1,31.8,"11,41,946","3,63,11,256.50",-,"4,15,243",36.36
JMFINANCIL,EQ,09-12-2010,31.1,31.4,31.6,27.35,28.95,28.25,29.12,"16,78,473","4,88,78,976.25",-,"9,13,649",54.43
JMFINANCIL,EQ,10-12-2010,28.25,28.5,30.1,27.3,30.05,29.65,29.01,"10,59,835","3,07,49,478.40",-,"4,37,690",41.3
JMFINANCIL,EQ,13-12-2010,29.65,30.3,33.25,30.1,33.0,32.95,31.19,"64,14,346","20,00,80,879.90",-,"38,95,449",60.73
JMFINANCIL,EQ,14-12-2010,32.95,33.75,34.7,33.25,34.0,33.75,33.79,"22,84,707","7,71,92,164.20",-,"7,77,228",34.02
JMFINANCIL,EQ,15-12-2010,33.75,34.15,34.15,32.1,32.75,32.7,32.83,"13,47,858","4,42,48,611.80",-,"6,78,393",50.33
JMFINANCIL,EQ,16-12-2010,32.7,32.7,33.0,30.7,31.0,31.0,31.54,"13,56,098","4,27,68,761.50",-,"8,27,932",61.05
JMFINANCIL,EQ,20-12-2010,31.0,31.4,31.75,30.5,31.25,31.15,31.15,"9,48,220","2,95,40,591.80",-,"3,15,391",33.26
JMFINANCIL,EQ,21-12-2010,31.15,31.45,31.75,31.0,31.4,31.4,31.37,"5,82,320","1,82,67,049.50",-,"2,48,805",42.73
JMFINANCIL,EQ,22-12-2010,31.4,31.75,31.95,31.15,31.35,31.45,31.55,"5,83,598","1,84,14,502.00",-,"2,13,130",36.52
JMFINANCIL,EQ,23-12-2010,31.45,31.25,32.2,31.0,31.4,31.5,31.7,"9,32,998","2,95,73,477.00",-,"3,30,970",35.47
JMFINANCIL,EQ,24-12-2010,31.5,31.4,31.6,31.2,31.3,31.35,31.39,"3,97,610","1,24,81,050.35",-,"1,90,672",47.95
JMFINANCIL,EQ,27-12-2010,31.35,31.65,32.0,31.25,31.45,31.4,31.5,"4,59,194","1,44,65,861.65",-,"1,87,124",40.75
JMFINANCIL,EQ,28-12-2010,31.4,31.5,33.1,30.8,32.75,32.8,32.34,"19,84,602","6,41,91,440.35",-,"7,46,563",37.62
JMFINANCIL,EQ,29-12-2010,32.8,32.9,33.5,32.35,33.3,33.3,32.93,"11,39,564","3,75,20,730.80",-,"4,23,935",37.2
JMFINANCIL,EQ,30-12-2010,33.3,33.5,33.95,32.6,33.05,33.0,33.34,"12,39,522","4,13,28,648.00",-,"5,11,797",41.29
JMFINANCIL,EQ,31-12-2010,33.0,33.0,33.75,32.8,33.45,33.3,33.3,"6,35,533","2,11,65,746.15",-,"2,79,662",44.0
JMFINANCIL,EQ,03-01-2011,33.3,33.5,34.55,33.15,34.05,34.1,33.97,"11,41,000","3,87,61,393.05",-,"3,91,579",34.32
JMFINANCIL,EQ,04-01-2011,34.1,34.5,34.5,33.3,33.45,33.45,33.69,"7,62,412","2,56,83,707.60",-,"3,15,150",41.34
JMFINANCIL,EQ,05-01-2011,33.45,33.5,34.25,32.55,33.8,33.6,33.37,"9,26,678","3,09,24,595.75",-,"3,20,283",34.56
JMFINANCIL,EQ,06-01-2011,33.6,34.0,34.2,33.0,34.0,34.0,33.78,"9,24,382","3,12,30,134.40",-,"4,82,576",52.21
JMFINANCIL,EQ,07-01-2011,34.0,34.2,34.2,31.35,31.85,31.7,32.7,"9,62,557","3,14,76,658.80",-,"5,40,535",56.16
JMFINANCIL,EQ,10-01-2011,31.7,31.7,32.7,30.0,30.0,30.15,30.97,"7,87,657","2,43,96,900.50",-,"3,67,214",46.62
JMFINANCIL,EQ,11-01-2011,30.15,30.0,30.9,29.2,29.7,29.65,30.01,"9,95,012","2,98,60,819.95",-,"4,23,550",42.57
JMFINANCIL,EQ,12-01-2011,29.65,29.95,30.7,29.4,30.15,30.1,30.01,"8,95,267","2,68,67,906.20",-,"4,12,064",46.03
JMFINANCIL,EQ,13-01-2011,30.1,30.3,30.45,29.6,30.0,29.95,30.02,"7,40,273","2,22,23,917.05",-,"3,84,640",51.96
JMFINANCIL,EQ,14-01-2011,29.95,30.0,30.5,29.05,29.2,29.35,29.83,"5,21,087","1,55,42,888.75",-,"2,53,755",48.7
JMFINANCIL,EQ,17-01-2011,29.35,29.1,29.45,28.2,28.5,28.45,28.85,"3,88,106","1,11,95,646.80",-,"2,04,809",52.77
JMFINANCIL,EQ,18-01-2011,28.45,28.7,29.15,28.0,28.3,28.3,28.6,"3,40,933","97,49,107.05",-,"1,66,571",48.86
JMFINANCIL,EQ,19-01-2011,28.3,28.45,29.35,28.25,28.65,28.55,28.8,"4,83,310","1,39,18,630.55",-,"1,97,542",40.87
JMFINANCIL,EQ,20-01-2011,28.55,28.3,28.65,27.7,28.1,28.2,28.24,"4,21,001","1,18,87,573.85",-,"1,77,069",42.06
JMFINANCIL,EQ,21-01-2011,28.2,28.1,28.95,28.1,28.55,28.5,28.62,"3,15,077","90,18,245.10",-,"1,27,721",40.54
JMFINANCIL,EQ,24-01-2011,28.5,28.7,29.15,28.1,28.4,28.35,28.64,"4,34,993","1,24,57,970.25",-,"1,70,215",39.13
JMFINANCIL,EQ,25-01-2011,28.35,28.6,28.9,28.05,28.05,28.15,28.48,"3,45,721","98,45,916.40",-,"1,66,602",48.19
JMFINANCIL,EQ,27-01-2011,28.15,28.1,28.5,27.15,27.35,27.4,27.8,"4,85,207","1,34,90,369.30",-,"2,81,230",57.96
JMFINANCIL,EQ,28-01-2011,27.4,27.25,27.5,25.35,26.1,25.95,26.07,"10,07,021","2,62,56,048.95",-,"4,63,155",45.99
JMFINANCIL,EQ,31-01-2011,25.95,25.05,26.1,24.4,25.9,25.85,25.24,"11,06,335","2,79,21,990.65",-,"4,73,960",42.84
JMFINANCIL,EQ,01-02-2011,25.85,25.85,26.45,24.0,24.5,24.5,25.24,"9,46,773","2,38,95,716.40",-,"4,44,234",46.92
JMFINANCIL,EQ,02-02-2011,24.5,24.95,25.05,24.45,24.6,24.55,24.85,"6,29,033","1,56,29,350.25",-,"3,53,112",56.14
JMFINANCIL,EQ,03-02-2011,24.55,24.6,25.05,24.0,24.8,24.9,24.8,"5,04,927","1,25,20,031.55",-,"2,67,653",53.01
JMFINANCIL,EQ,04-02-2011,24.9,25.0,25.5,24.0,24.1,24.2,24.76,"5,13,599","1,27,15,208.05",-,"2,41,941",47.11
JMFINANCIL,EQ,07-02-2011,24.2,24.2,24.3,23.15,23.65,23.7,23.73,"3,62,546","86,04,861.00",-,"1,75,208",48.33
JMFINANCIL,EQ,08-02-2011,23.7,24.0,24.1,23.0,23.25,23.1,23.43,"3,79,611","88,92,453.40",-,"2,19,550",57.84
JMFINANCIL,EQ,09-02-2011,23.1,22.85,23.4,20.5,21.25,21.0,21.67,"7,25,576","1,57,23,847.00",-,"4,51,268",62.19
JMFINANCIL,EQ,10-02-2011,21.0,21.1,21.6,19.95,21.1,20.95,20.93,"9,87,402","2,06,66,247.60",-,"5,44,960",55.19
JMFINANCIL,EQ,11-02-2011,20.95,21.25,24.4,21.0,24.0,24.05,22.8,"11,80,850","2,69,28,078.65",-,"5,68,063",48.11
JMFINANCIL,EQ,14-02-2011,24.05,25.0,25.4,24.05,24.75,24.65,24.77,"6,16,010","1,52,56,011.35",-,"2,13,051",34.59
JMFINANCIL,EQ,15-02-2011,24.65,24.95,24.95,23.85,24.25,24.3,24.28,"4,38,342","1,06,41,197.45",-,"1,44,757",33.02
JMFINANCIL,EQ,16-02-2011,24.3,24.5,24.8,24.05,24.5,24.5,24.51,"2,68,918","65,91,215.00",-,"96,983",36.06
JMFINANCIL,EQ,17-02-2011,24.5,24.25,25.35,24.25,24.5,24.65,24.81,"4,61,402","1,14,45,704.25",-,"1,56,753",33.97
JMFINANCIL,EQ,18-02-2011,24.65,24.65,26.4,23.9,24.15,24.05,25.38,"16,00,653","4,06,19,195.95",-,"4,41,495",27.58
JMFINANCIL,EQ,21-02-2011,24.05,24.0,24.35,23.5,23.8,23.75,23.81,"2,60,753","62,08,379.70",-,"91,521",35.1
JMFINANCIL,EQ,22-02-2011,23.75,23.55,24.3,23.05,23.35,23.35,23.64,"3,64,934","86,28,098.35",-,"90,071",24.68
JMFINANCIL,EQ,23-02-2011,23.35,23.25,23.75,23.05,23.1,23.25,23.45,"3,47,461","81,47,836.75",-,"1,98,270",57.06
JMFINANCIL,EQ,24-02-2011,23.25,23.1,23.1,22.0,22.2,22.1,22.5,"3,16,645","71,25,389.40",-,"1,33,690",42.22
JMFINANCIL,EQ,25-02-2011,22.1,22.3,22.6,21.45,21.75,21.7,21.95,"3,91,968","86,04,917.50",-,"1,69,918",43.35
JMFINANCIL,EQ,28-02-2011,21.7,21.95,23.0,21.85,22.6,22.4,22.55,"4,31,891","97,40,805.25",-,"1,38,421",32.05
JMFINANCIL,EQ,01-03-2011,22.4,22.6,23.95,22.45,23.8,23.8,23.37,"6,80,777","1,59,13,049.65",-,"3,06,201",44.98
JMFINANCIL,EQ,03-03-2011,23.8,23.8,23.8,23.15,23.35,23.5,23.51,"3,07,352","72,26,554.00",-,"1,26,711",41.23
JMFINANCIL,EQ,04-03-2011,23.5,23.8,24.35,23.25,23.55,23.4,23.81,"3,46,469","82,51,157.15",-,"1,34,277",38.76
JMFINANCIL,EQ,07-03-2011,23.4,23.05,23.4,22.1,22.25,22.35,22.4,"3,21,792","72,08,234.40",-,"1,76,389",54.81
JMFINANCIL,EQ,08-03-2011,22.35,22.5,22.8,22.1,22.4,22.45,22.54,"3,71,260","83,69,960.15",-,"2,29,654",61.86
JMFINANCIL,EQ,09-03-2011,22.45,22.65,22.9,22.3,22.65,22.65,22.6,"5,16,002","1,16,63,037.05",-,"3,06,338",59.37
JMFINANCIL,EQ,10-03-2011,22.65,22.7,24.1,22.45,23.0,22.95,23.35,"7,72,239","1,80,30,466.45",-,"3,37,224",43.67
JMFINANCIL,EQ,11-03-2011,22.95,22.75,23.3,22.1,22.1,22.15,22.55,"4,92,233","1,11,01,170.60",-,"2,81,957",57.28
JMFINANCIL,EQ,14-03-2011,22.15,22.3,22.5,21.95,22.25,22.25,22.2,"3,99,517","88,68,122.55",-,"2,05,238",51.37
JMFINANCIL,EQ,15-03-2011,22.25,22.0,22.0,20.9,21.3,21.25,21.39,"6,36,437","1,36,10,225.20",-,"3,10,031",48.71
JMFINANCIL,EQ,16-03-2011,21.25,21.95,25.2,21.65,24.6,24.85,24.03,"47,54,710","11,42,70,484.25",-,"10,34,052",21.75
JMFINANCIL,EQ,17-03-2011,24.85,24.85,25.6,24.0,24.15,24.2,24.77,"26,29,176","6,51,30,935.35",-,"7,36,639",28.02
JMFINANCIL,EQ,18-03-2011,24.2,24.6,24.7,23.4,23.45,23.55,23.94,"8,23,434","1,97,14,933.00",-,"2,60,291",31.61
JMFINANCIL,EQ,21-03-2011,23.55,23.6,24.5,22.35,24.1,23.9,23.36,"9,15,970","2,13,97,654.60",-,"3,39,538",37.07
JMFINANCIL,EQ,22-03-2011,23.9,24.5,24.85,23.6,23.9,23.85,24.24,"10,86,763","2,63,45,358.15",-,"3,29,595",30.33
JMFINANCIL,EQ,23-03-2011,23.85,23.35,24.3,23.25,23.6,23.65,23.69,"6,06,618","1,43,69,673.00",-,"2,27,304",37.47
JMFINANCIL,EQ,24-03-2011,23.65,23.9,24.15,23.6,23.8,23.75,23.82,"4,57,978","1,09,09,616.95",-,"2,60,668",56.92
JMFINANCIL,EQ,25-03-2011,23.75,23.9,24.15,23.35,23.65,23.8,23.71,"5,84,070","1,38,50,443.45",-,"3,35,521",57.45
JMFINANCIL,EQ,28-03-2011,23.8,24.5,24.5,23.3,23.4,23.4,23.68,"6,46,516","1,53,08,784.65",-,"3,16,748",48.99
JMFINANCIL,EQ,29-03-2011,23.4,23.5,23.8,22.8,22.95,23.0,23.22,"6,81,536","1,58,23,320.85",-,"4,15,241",60.93
JMFINANCIL,EQ,30-03-2011,23.0,23.0,26.0,23.0,25.35,25.35,24.96,"23,68,514","5,91,07,819.70",-,"10,45,230",44.13
JMFINANCIL,EQ,31-03-2011,25.35,25.1,25.8,23.9,24.0,24.05,24.37,"7,51,199","1,83,09,195.95",-,"3,44,459",45.85
JMFINANCIL,EQ,01-04-2011,24.05,24.05,25.7,23.7,25.5,25.1,24.66,"7,21,908","1,78,03,850.20",-,"2,79,651",38.74
JMFINANCIL,EQ,04-04-2011,25.1,25.2,26.45,24.85,25.65,25.7,25.77,"13,94,747","3,59,38,700.25",-,"4,53,395",32.51
JMFINANCIL,EQ,05-04-2011,25.7,25.9,28.55,25.4,28.05,28.15,27.53,"36,32,970","10,00,11,076.45",-,"10,81,201",29.76
JMFINANCIL,EQ,06-04-2011,28.15,28.25,28.95,26.85,27.9,28.05,27.99,"29,37,237","8,22,07,894.50",-,"7,60,507",25.89
JMFINANCIL,EQ,07-04-2011,28.05,28.2,30.4,27.6,30.25,30.0,29.49,"37,13,324","10,95,00,284.30",-,"17,02,249",45.84
JMFINANCIL,EQ,08-04-2011,30.0,30.0,30.9,28.6,29.05,29.15,29.51,"16,75,005","4,94,27,786.35",-,"6,64,652",39.68
JMFINANCIL,EQ,11-04-2011,29.15,28.9,29.0,27.3,27.45,27.5,27.91,"9,70,321","2,70,84,801.20",-,"4,05,307",41.77
JMFINANCIL,EQ,13-04-2011,27.5,27.2,30.1,26.6,29.6,29.6,28.85,"20,74,879","5,98,60,335.25",-,"7,61,848",36.72
JMFINANCIL,EQ,15-04-2011,29.6,29.7,30.6,28.7,29.0,29.15,29.56,"15,85,678","4,68,71,762.05",-,"6,77,475",42.72
JMFINANCIL,EQ,18-04-2011,29.15,29.15,33.7,28.95,32.25,32.4,32.06,"81,06,415","25,99,14,413.35",-,"26,96,755",33.27
JMFINANCIL,EQ,19-04-2011,32.4,32.75,33.95,31.25,31.9,31.95,32.58,"59,87,134","19,50,79,348.90",-,"16,68,109",27.86
JMFINANCIL,EQ,20-04-2011,31.95,32.45,33.35,31.75,32.25,32.35,32.67,"25,53,986","8,34,34,912.45",-,"7,55,484",29.58
JMFINANCIL,EQ,21-04-2011,32.35,32.35,32.85,30.7,31.3,31.5,31.84,"28,08,231","8,94,16,591.45",-,"9,22,224",32.84
JMFINANCIL,EQ,25-04-2011,31.5,31.2,31.7,30.3,30.65,30.55,30.74,"14,37,486","4,41,90,759.50",-,"5,43,136",37.78
JMFINANCIL,EQ,26-04-2011,30.55,30.3,31.15,29.45,29.6,29.65,30.09,"13,60,148","4,09,28,978.60",-,"4,56,800",33.58
JMFINANCIL,EQ,27-04-2011,29.65,29.5,31.6,29.15,30.7,30.7,30.81,"24,23,838","7,46,70,760.20",-,"6,91,712",28.54
JMFINANCIL,EQ,28-04-2011,30.7,30.95,31.2,29.7,29.85,29.8,30.32,"9,33,192","2,82,89,929.95",-,"3,56,074",38.16
JMFINANCIL,EQ,29-04-2011,29.8,30.0,30.4,28.3,28.6,28.6,29.27,"10,13,903","2,96,81,978.05",-,"4,06,213",40.06
JMFINANCIL,EQ,02-05-2011,28.6,28.9,29.15,28.0,28.2,28.15,28.44,"7,92,510","2,25,41,748.30",-,"3,13,577",39.57
JMFINANCIL,EQ,03-05-2011,28.15,28.45,28.7,26.8,26.8,26.9,27.65,"8,73,818","2,41,62,547.70",-,"3,36,004",38.45
JMFINANCIL,EQ,04-05-2011,26.9,26.8,26.8,25.7,26.0,25.9,26.09,"10,63,574","2,77,51,745.90",-,"3,59,212",33.77
JMFINANCIL,EQ,05-05-2011,25.9,26.55,27.4,25.4,25.5,25.7,26.45,"14,00,653","3,70,48,138.05",-,"4,03,605",28.82
JMFINANCIL,EQ,06-05-2011,25.7,25.95,27.15,25.8,26.5,26.45,26.53,"9,11,973","2,41,94,749.05",-,"2,90,472",31.85
JMFINANCIL,EQ,09-05-2011,26.45,28.25,28.25,26.05,26.65,26.55,26.57,"4,33,188","1,15,08,595.00",-,"1,38,032",31.86
JMFINANCIL,EQ,10-05-2011,26.55,26.7,27.1,26.1,26.45,26.35,26.53,"4,71,318","1,25,02,958.00",-,"1,73,030",36.71
JMFINANCIL,EQ,11-05-2011,26.35,27.5,28.0,26.85,26.95,27.05,27.36,"16,33,159","4,46,78,192.15",-,"5,21,819",31.95
JMFINANCIL,EQ,12-05-2011,27.05,26.8,26.8,25.6,26.0,25.85,26.22,"7,80,229","2,04,55,972.40",-,"3,64,861",46.76
JMFINANCIL,EQ,13-05-2011,25.85,25.8,26.75,25.7,26.4,26.15,26.23,"6,65,253","1,74,52,788.10",-,"2,11,746",31.83
JMFINANCIL,EQ,16-05-2011,26.15,26.0,26.1,25.4,25.6,25.5,25.71,"4,17,004","1,07,21,748.45",-,"1,73,907",41.7
JMFINANCIL,EQ,17-05-2011,25.5,25.4,26.15,24.85,25.25,25.2,25.49,"5,78,620","1,47,49,556.10",-,"1,57,491",27.22
JMFINANCIL,EQ,18-05-2011,25.2,25.4,25.5,24.4,24.6,24.6,24.85,"4,53,326","1,12,67,164.15",-,"1,77,063",39.06
JMFINANCIL,EQ,19-05-2011,24.6,24.6,25.0,24.1,24.3,24.25,24.5,"3,89,204","95,36,213.60",-,"1,71,565",44.08
JMFINANCIL,EQ,20-05-2011,24.25,24.25,24.7,24.05,24.4,24.35,24.49,"4,16,454","1,01,98,374.85",-,"1,74,051",41.79
JMFINANCIL,EQ,23-05-2011,24.35,24.1,25.3,24.0,24.15,24.05,24.57,"5,00,358","1,22,93,408.15",-,"1,44,137",28.81
JMFINANCIL,EQ,24-05-2011,24.05,24.1,24.45,23.95,24.1,24.1,24.14,"3,98,174","96,13,162.20",-,"1,23,729",31.07
JMFINANCIL,EQ,25-05-2011,24.1,24.05,24.55,23.55,23.65,23.75,23.99,"3,67,177","88,10,359.20",-,"1,73,628",47.29
JMFINANCIL,EQ,26-05-2011,23.75,23.85,24.75,23.85,24.0,24.05,24.29,"6,06,315","1,47,26,225.80",-,"1,61,481",26.63
JMFINANCIL,EQ,27-05-2011,24.05,24.3,24.6,23.95,24.15,24.15,24.24,"5,38,103","1,30,46,282.30",-,"2,58,578",48.05
JMFINANCIL,EQ,30-05-2011,24.15,24.3,24.6,24.15,24.4,24.3,24.34,"3,64,202","88,64,923.60",-,"1,67,525",46.0
JMFINANCIL,EQ,31-05-2011,24.3,24.3,25.3,24.3,25.25,25.15,24.85,"7,12,067","1,76,96,087.15",-,"2,80,517",39.39
JMFINANCIL,EQ,01-06-2011,25.15,25.3,25.75,24.9,25.35,25.45,25.32,"8,47,588","2,14,60,559.15","3,582","3,73,109",44.02
JMFINANCIL,EQ,02-06-2011,25.45,25.0,25.35,24.6,24.9,24.85,24.95,"6,04,964","1,50,95,754.30","3,123","2,07,081",34.23
JMFINANCIL,EQ,03-06-2011,24.85,25.2,26.4,25.1,25.4,25.35,25.66,"15,50,557","3,97,92,023.15","8,641","3,56,285",22.98
JMFINANCIL,EQ,06-06-2011,25.35,25.2,25.3,24.6,25.0,24.95,24.89,"3,97,483","98,91,843.35","2,002","1,49,582",37.63
JMFINANCIL,EQ,07-06-2011,24.95,24.95,25.25,24.5,25.15,25.05,24.87,"4,43,314","1,10,27,008.05","2,643","1,35,688",30.61
JMFINANCIL,EQ,08-06-2011,25.05,24.8,25.45,24.75,24.9,24.95,25.07,"4,20,106","1,05,31,744.75","2,485","1,02,212",24.33
JMFINANCIL,EQ,09-06-2011,24.95,24.95,25.3,24.6,24.85,24.8,24.86,"3,67,997","91,47,120.35","1,584","1,22,659",33.33
JMFINANCIL,EQ,10-06-2011,24.8,24.7,25.0,24.25,24.45,24.45,24.56,"3,49,598","85,86,868.45","1,650","1,45,723",41.68
JMFINANCIL,EQ,13-06-2011,24.45,24.2,24.7,24.15,24.55,24.45,24.35,"3,14,179","76,48,922.15","1,526","1,26,749",40.34
JMFINANCIL,EQ,14-06-2011,24.45,24.35,24.9,24.25,24.6,24.5,24.52,"3,95,342","96,95,584.10","1,833","1,43,224",36.23
JMFINANCIL,EQ,15-06-2011,24.5,24.6,25.35,24.35,24.6,24.6,24.82,"8,27,199","2,05,35,166.95","4,301","1,72,572",20.86
JMFINANCIL,EQ,16-06-2011,24.6,24.4,24.6,23.9,23.95,24.0,24.16,"6,30,903","1,52,42,395.90","2,858","2,50,601",39.72
JMFINANCIL,EQ,17-06-2011,24.0,23.9,24.3,23.35,23.55,23.55,23.77,"4,31,870","1,02,63,766.65","2,235","1,89,122",43.79
JMFINANCIL,EQ,20-06-2011,23.55,23.55,23.55,21.4,22.0,21.95,22.37,"5,72,924","1,28,13,667.75","3,830","2,56,830",44.83
JMFINANCIL,EQ,21-06-2011,21.95,22.0,22.6,21.5,21.75,21.75,22.11,"4,81,556","1,06,48,153.60","3,491","1,85,173",38.45
JMFINANCIL,EQ,22-06-2011,21.75,22.05,22.1,21.5,21.65,21.65,21.8,"2,92,519","63,76,270.75","1,704","1,20,482",41.19
JMFINANCIL,EQ,23-06-2011,21.65,21.55,22.15,21.55,21.9,21.75,21.8,"3,65,205","79,59,863.45","2,174","1,72,995",47.37
JMFINANCIL,EQ,24-06-2011,21.75,21.75,22.45,21.75,22.3,22.35,22.14,"5,41,235","1,19,84,383.05","3,059","2,62,571",48.51
JMFINANCIL,EQ,27-06-2011,22.35,22.05,22.9,22.05,22.55,22.45,22.56,"4,82,049","1,08,75,185.60","3,686","1,74,150",36.13
JMFINANCIL,EQ,28-06-2011,22.45,22.7,23.15,22.6,22.65,22.7,22.82,"4,44,060","1,01,31,872.60","2,735","1,39,984",31.52
JMFINANCIL,EQ,29-06-2011,22.7,23.0,23.2,22.7,22.95,23.0,22.98,"4,42,289","1,01,61,660.35","2,112","2,02,039",45.68
JMFINANCIL,EQ,30-06-2011,23.0,23.15,23.5,22.75,23.05,22.9,23.0,"3,93,220","90,42,791.75","1,630","1,44,447",36.73
JMFINANCIL,EQ,01-07-2011,22.9,23.0,23.3,22.85,22.9,22.95,23.04,"3,07,325","70,79,964.95","1,401","1,66,597",54.21
JMFINANCIL,EQ,04-07-2011,22.95,23.15,23.45,22.45,22.45,22.6,22.81,"8,65,644","1,97,47,321.85","3,449","5,01,861",57.98
JMFINANCIL,EQ,05-07-2011,22.6,22.65,23.8,22.5,23.35,23.35,23.3,"11,85,964","2,76,36,222.65","4,898","4,10,099",34.58
JMFINANCIL,EQ,06-07-2011,23.35,23.3,23.7,23.0,23.2,23.1,23.24,"3,85,781","89,65,656.60","2,123","1,66,888",43.26
JMFINANCIL,EQ,07-07-2011,23.1,23.05,23.6,23.05,23.25,23.3,23.37,"4,46,560","1,04,34,972.45","1,593","2,33,388",52.26
JMFINANCIL,EQ,08-07-2011,23.3,23.5,23.6,22.9,22.95,23.0,23.21,"3,89,648","90,45,263.35","1,693","2,02,116",51.87
JMFINANCIL,EQ,11-07-2011,23.0,22.85,23.1,22.65,22.7,22.75,22.81,"1,95,194","44,51,666.85",891,"1,13,857",58.33
JMFINANCIL,EQ,12-07-2011,22.75,22.85,22.85,21.45,21.8,21.75,21.97,"5,50,367","1,20,92,317.20","2,772","2,73,124",49.63
JMFINANCIL,EQ,13-07-2011,21.75,21.7,23.15,21.7,23.0,22.85,22.53,"5,46,742","1,23,17,284.40","2,744","2,39,293",43.77
JMFINANCIL,EQ,14-07-2011,22.85,22.85,23.3,22.6,23.05,23.1,23.06,"5,72,440","1,31,97,689.60","2,339","2,44,367",42.69
JMFINANCIL,EQ,15-07-2011,23.1,23.05,23.3,22.25,22.5,22.4,22.73,"6,37,758","1,44,93,685.25","3,066","3,15,439",49.46
JMFINANCIL,EQ,18-07-2011,22.4,22.5,22.85,22.25,22.6,22.55,22.62,"3,15,651","71,38,448.10","1,288","1,67,529",53.07
JMFINANCIL,EQ,19-07-2011,22.55,22.5,24.6,22.5,24.0,23.85,23.74,"14,34,213","3,40,43,803.05","7,697","4,04,247",28.19
JMFINANCIL,EQ,20-07-2011,23.85,24.25,24.25,22.55,22.85,22.8,23.14,"5,24,578","1,21,37,832.40","2,290","2,03,513",38.8
JMFINANCIL,EQ,21-07-2011,22.8,22.65,23.1,22.5,22.65,22.65,22.76,"3,22,395","73,36,548.85","1,469","1,23,325",38.25
JMFINANCIL,EQ,22-07-2011,22.65,23.15,23.75,22.6,23.2,23.25,23.32,"9,84,082","2,29,52,024.15","3,719","3,54,528",36.03
JMFINANCIL,EQ,25-07-2011,23.25,23.25,23.5,22.9,23.3,23.2,23.21,"3,22,357","74,81,650.95","1,247","1,78,590",55.4
JMFINANCIL,EQ,26-07-2011,23.2,23.25,23.4,22.65,23.05,22.8,22.88,"2,99,862","68,59,638.25","1,159","1,33,410",44.49
JMFINANCIL,EQ,27-07-2011,22.8,23.1,23.4,22.45,23.15,22.95,22.83,"3,72,557","85,06,910.20","1,735","1,12,073",30.08
JMFINANCIL,EQ,28-07-2011,22.95,22.95,22.95,22.4,22.55,22.5,22.59,"2,63,368","59,50,066.35","1,439","1,48,572",56.41
JMFINANCIL,EQ,29-07-2011,22.5,22.0,22.65,21.7,21.85,21.8,22.03,"5,10,370","1,12,44,892.00","2,837","2,00,018",39.19
JMFINANCIL,EQ,01-08-2011,21.8,21.95,22.25,21.3,21.35,21.5,21.72,"2,57,514","55,91,959.35","1,200","1,28,406",49.86
JMFINANCIL,EQ,02-08-2011,21.5,22.55,23.45,21.55,21.6,21.7,22.55,"21,95,415","4,94,96,604.75","10,654","5,75,491",26.21
JMFINANCIL,EQ,03-08-2011,21.7,21.4,21.85,20.85,21.85,21.5,21.22,"5,79,346","1,22,95,883.30","3,268","2,41,244",41.64
JMFINANCIL,EQ,04-08-2011,21.5,21.3,22.2,20.75,21.2,20.95,21.46,"6,63,813","1,42,44,592.70","2,901","2,60,186",39.2
JMFINANCIL,EQ,05-08-2011,20.95,20.9,20.9,18.75,19.5,19.5,19.44,"15,33,598","2,98,16,195.10","6,870","8,18,790",53.39
JMFINANCIL,EQ,08-08-2011,19.5,19.0,19.5,18.0,18.7,18.8,18.72,"6,49,227","1,21,56,700.40","3,471","2,66,269",41.01
JMFINANCIL,EQ,09-08-2011,18.8,18.25,19.5,17.75,19.05,19.0,18.95,"8,48,726","1,60,83,116.35","4,466","3,22,132",37.95
JMFINANCIL,EQ,10-08-2011,19.0,19.75,20.3,19.15,19.6,19.6,19.59,"3,23,195","63,32,154.05","2,062","1,24,645",38.57
JMFINANCIL,EQ,11-08-2011,19.6,19.6,19.7,19.0,19.25,19.25,19.25,"2,88,877","55,61,730.15","1,768","96,216",33.31
JMFINANCIL,EQ,12-08-2011,19.25,19.4,19.65,18.9,19.2,19.05,19.14,"2,96,708","56,79,693.85","1,754","1,20,597",40.65
JMFINANCIL,EQ,16-08-2011,19.05,19.2,19.35,18.15,18.15,18.4,18.8,"2,93,193","55,13,005.05","2,008","1,55,268",52.96
JMFINANCIL,EQ,17-08-2011,18.4,18.5,19.0,16.9,18.5,18.15,17.89,"10,23,135","1,82,99,025.15","4,391","6,12,027",59.82
JMFINANCIL,EQ,18-08-2011,18.15,18.15,18.55,17.8,17.95,18.0,18.15,"4,47,321","81,18,446.60","2,070","2,55,248",57.06
JMFINANCIL,EQ,19-08-2011,18.0,17.75,18.25,17.3,17.7,17.8,17.84,"4,22,491","75,38,700.50","2,127","2,12,620",50.33
JMFINANCIL,EQ,22-08-2011,17.8,17.7,18.25,17.7,18.0,18.05,18.07,"2,32,520","42,01,909.75","1,036","1,16,821",50.24
JMFINANCIL,EQ,23-08-2011,18.05,18.25,18.9,18.0,18.25,18.25,18.37,"2,69,638","49,52,124.45","1,574","93,487",34.67
JMFINANCIL,EQ,24-08-2011,18.25,18.35,18.5,18.0,18.2,18.1,18.26,"1,66,678","30,44,038.65",841,"76,479",45.88
JMFINANCIL,EQ,25-08-2011,18.1,18.45,18.45,17.75,17.85,17.85,17.97,"1,41,878","25,50,095.55",792,"75,893",53.49
JMFINANCIL,EQ,26-08-2011,17.85,17.85,17.95,17.1,17.35,17.3,17.54,"2,50,370","43,92,336.10","1,210","1,59,690",63.78
JMFINANCIL,EQ,29-08-2011,17.3,17.4,18.5,17.4,18.35,18.3,18.08,"2,14,095","38,70,593.05","1,330","1,26,189",58.94
JMFINANCIL,EQ,30-08-2011,18.3,18.4,18.65,17.9,18.05,18.0,18.15,"2,88,664","52,39,237.40","1,402","1,59,480",55.25
JMFINANCIL,EQ,02-09-2011,18.0,18.35,18.4,17.9,18.05,18.05,18.12,"1,44,695","26,21,449.90",947,"70,643",48.82
JMFINANCIL,EQ,05-09-2011,18.05,17.85,18.3,17.85,18.1,18.1,18.08,"1,85,052","33,45,854.70",965,"79,035",42.71
JMFINANCIL,EQ,06-09-2011,18.1,18.05,18.5,17.9,18.3,18.2,18.22,"2,74,150","49,93,980.25","1,324","1,36,219",49.69
JMFINANCIL,EQ,07-09-2011,18.2,18.4,19.35,18.2,18.8,18.9,18.81,"4,94,870","93,08,998.10","2,160","2,26,069",45.68
JMFINANCIL,EQ,08-09-2011,18.9,18.9,19.3,18.65,18.8,18.85,18.9,"2,34,693","44,34,813.85","1,478","1,26,121",53.74
JMFINANCIL,EQ,09-09-2011,18.85,18.85,19.1,18.35,18.5,18.45,18.8,"2,65,687","49,93,750.70","1,249","1,26,239",47.51
JMFINANCIL,EQ,12-09-2011,18.45,18.4,18.45,17.95,18.15,18.05,18.09,"2,70,192","48,86,434.35","1,036","1,61,769",59.87
JMFINANCIL,EQ,13-09-2011,18.05,18.05,18.5,17.95,18.05,18.0,18.12,"1,78,107","32,27,338.00",782,"93,132",52.29
JMFINANCIL,EQ,14-09-2011,18.0,18.0,18.3,17.95,18.05,18.1,18.08,"1,79,046","32,37,321.40",750,"86,081",48.08
JMFINANCIL,EQ,15-09-2011,18.1,18.1,18.3,18.0,18.2,18.15,18.15,"1,27,282","23,10,229.60",545,"82,892",65.12
JMFINANCIL,EQ,16-09-2011,18.15,18.25,18.75,18.1,18.25,18.25,18.34,"2,26,129","41,46,559.70","1,030","1,14,863",50.8
JMFINANCIL,EQ,19-09-2011,18.25,19.0,19.0,18.05,18.25,18.2,18.17,"1,10,937","20,15,242.25",458,"67,833",61.15
JMFINANCIL,EQ,20-09-2011,18.2,18.2,19.1,18.2,18.65,18.65,18.7,"2,85,245","53,33,775.00","1,137","1,32,603",46.49
JMFINANCIL,EQ,21-09-2011,18.65,17.75,19.35,17.75,18.7,18.65,18.7,"2,70,287","50,55,638.00","1,348","1,22,561",45.34
JMFINANCIL,EQ,22-09-2011,18.65,18.45,18.8,17.95,18.15,18.05,18.17,"2,05,513","37,33,777.50",730,"1,21,178",58.96
JMFINANCIL,EQ,23-09-2011,18.05,17.75,17.85,17.45,17.55,17.55,17.59,"2,43,102","42,76,238.90",966,"1,37,903",56.73
JMFINANCIL,EQ,26-09-2011,17.55,17.6,17.7,16.6,17.05,16.9,16.98,"2,55,476","43,38,964.45","1,051","1,22,940",48.12
JMFINANCIL,EQ,27-09-2011,16.9,17.3,17.5,17.0,17.15,17.15,17.25,"1,43,385","24,72,830.75",788,"64,186",44.76
JMFINANCIL,EQ,28-09-2011,17.15,17.25,17.25,16.75,16.85,16.8,16.96,"1,31,828","22,35,326.45",619,"70,786",53.7
JMFINANCIL,EQ,29-09-2011,16.8,16.8,17.1,16.5,16.8,16.85,16.84,"80,606","13,57,212.80",449,"48,797",60.54
JMFINANCIL,EQ,30-09-2011,16.85,16.9,17.2,16.55,16.6,16.6,16.93,"1,69,185","28,63,871.80",916,"86,950",51.39
JMFINANCIL,EQ,03-10-2011,16.6,16.5,16.5,16.1,16.25,16.2,16.28,"1,13,272","18,43,792.95",647,"66,729",58.91
JMFINANCIL,EQ,04-10-2011,16.2,16.1,16.5,15.6,15.9,15.8,16.06,"1,57,559","25,30,027.55",931,"84,317",53.51
JMFINANCIL,EQ,05-10-2011,15.8,16.0,16.35,15.55,16.3,16.0,15.87,"1,32,584","21,04,640.50",606,"73,928",55.76
JMFINANCIL,EQ,07-10-2011,16.0,16.5,16.6,15.85,15.95,15.95,16.27,"2,70,459","44,00,027.20",585,"1,96,636",72.7
JMFINANCIL,EQ,10-10-2011,15.95,16.0,16.3,15.95,16.3,16.2,16.12,"75,449","12,16,509.70",378,"50,978",67.57
JMFINANCIL,EQ,11-10-2011,16.2,16.35,16.6,16.05,16.15,16.15,16.26,"1,06,215","17,27,404.35",429,"69,842",65.76
JMFINANCIL,EQ,12-10-2011,16.15,16.1,16.35,16.1,16.25,16.25,16.18,"1,05,801","17,12,114.15",434,"66,275",62.64
JMFINANCIL,EQ,13-10-2011,16.25,16.3,16.8,15.1,16.15,16.1,16.28,"7,75,387","1,26,20,640.70","1,129","5,69,973",73.51
JMFINANCIL,EQ,14-10-2011,16.1,16.0,16.6,16.0,16.35,16.45,16.31,"1,43,073","23,33,103.15",547,"76,388",53.39
JMFINANCIL,EQ,17-10-2011,16.45,16.5,16.7,16.25,16.3,16.3,16.41,"2,56,104","42,03,716.80","1,007","1,93,900",75.71
JMFINANCIL,EQ,18-10-2011,16.3,16.15,16.2,15.7,15.85,15.8,15.94,"1,73,186","27,60,248.05",601,"1,17,288",67.72
JMFINANCIL,EQ,19-10-2011,15.8,16.0,16.35,15.9,16.05,16.05,16.14,"1,39,004","22,43,921.40",527,"82,444",59.31
JMFINANCIL,EQ,20-10-2011,16.05,16.0,16.0,15.4,15.9,15.75,15.71,"1,26,713","19,90,930.30",540,"67,917",53.6
JMFINANCIL,EQ,21-10-2011,15.75,15.65,16.05,15.25,15.9,15.75,15.76,"1,21,113","19,08,902.85",502,"71,544",59.07
JMFINANCIL,EQ,24-10-2011,15.75,16.05,16.2,15.5,15.5,15.6,15.77,"3,30,554","52,11,576.30","1,288","1,16,502",35.24
JMFINANCIL,EQ,25-10-2011,15.6,15.6,15.9,15.25,15.4,15.35,15.41,"1,52,896","23,56,215.40",604,"98,393",64.35
JMFINANCIL,EQ,26-10-2011,15.35,15.9,15.9,15.3,15.8,15.7,15.64,"55,946","8,74,986.30",293,"39,020",69.75
JMFINANCIL,EQ,28-10-2011,15.7,15.7,16.7,15.7,16.6,16.6,16.44,"4,29,873","70,66,075.40","1,425","2,67,548",62.24
JMFINANCIL,EQ,31-10-2011,16.6,16.8,19.5,16.5,18.8,18.95,18.57,"14,97,856","2,78,10,692.05","7,103","5,95,895",39.78
JMFINANCIL,EQ,01-11-2011,18.95,18.85,19.5,18.25,18.35,18.35,18.77,"6,39,237","1,19,98,882.85","2,429","2,81,257",44.0
JMFINANCIL,EQ,02-11-2011,18.35,18.1,18.35,17.55,18.05,17.9,17.89,"3,25,185","58,17,804.35","1,156","1,51,363",46.55
JMFINANCIL,EQ,03-11-2011,17.9,17.7,19.15,17.7,18.75,18.65,18.62,"4,11,098","76,55,261.20","1,780","1,74,209",42.38
JMFINANCIL,EQ,04-11-2011,18.65,18.6,19.1,18.3,18.35,18.5,18.77,"1,91,695","35,97,471.45",940,"84,404",44.03
JMFINANCIL,EQ,08-11-2011,18.5,18.5,18.9,18.4,18.6,18.55,18.59,"1,32,418","24,61,659.50",613,"65,610",49.55
JMFINANCIL,EQ,09-11-2011,18.55,18.9,18.9,17.55,17.75,17.65,18.04,"1,59,547","28,77,842.60",809,"96,642",60.57
JMFINANCIL,EQ,11-11-2011,17.65,17.5,17.55,16.6,16.9,16.8,17.04,"3,31,400","56,46,192.40","1,199","1,82,109",54.95
JMFINANCIL,EQ,14-11-2011,16.8,17.3,17.4,16.2,16.3,16.3,16.61,"2,34,916","39,02,837.50",803,"1,08,328",46.11
JMFINANCIL,EQ,15-11-2011,16.3,16.6,16.6,15.85,16.0,15.95,16.19,"2,64,187","42,78,359.45","1,549","1,76,001",66.62
JMFINANCIL,EQ,16-11-2011,15.95,16.0,16.4,15.6,16.05,16.0,15.91,"1,83,468","29,19,541.95","1,423","1,01,900",55.54
JMFINANCIL,EQ,17-11-2011,16.0,16.35,16.35,15.8,15.85,15.9,15.97,"1,04,598","16,70,063.20",894,"52,142",49.85
JMFINANCIL,EQ,18-11-2011,15.9,16.0,16.0,15.15,15.9,15.65,15.55,"1,44,212","22,43,043.80","1,054","83,300",57.76
JMFINANCIL,EQ,21-11-2011,15.65,15.85,15.95,15.2,15.3,15.3,15.54,"1,31,537","20,44,611.95",840,"88,349",67.17
JMFINANCIL,EQ,22-11-2011,15.3,15.5,15.8,14.9,15.15,15.1,15.18,"2,48,370","37,71,477.50","1,259","1,53,926",61.97
JMFINANCIL,EQ,23-11-2011,15.1,15.95,15.95,14.65,14.95,14.95,14.91,"2,22,304","33,14,104.40","1,411","1,45,075",65.26
JMFINANCIL,EQ,24-11-2011,14.95,15.1,15.45,14.8,15.2,15.1,15.01,"1,62,371","24,37,028.30",872,"98,528",60.68
JMFINANCIL,EQ,25-11-2011,15.1,15.2,16.25,14.8,15.55,15.7,15.72,"3,94,137","61,96,514.90","2,840","1,38,162",35.05
JMFINANCIL,EQ,28-11-2011,15.7,16.2,17.5,16.05,16.8,16.6,16.61,"3,34,424","55,54,877.95","2,460","1,53,252",45.83
JMFINANCIL,EQ,29-11-2011,16.6,16.95,17.9,15.55,15.8,15.85,16.49,"4,50,993","74,37,062.55","2,414","1,59,029",35.26
JMFINANCIL,EQ,30-11-2011,15.85,15.9,15.9,15.2,15.25,15.25,15.48,"1,92,096","29,73,778.95",766,"1,12,144",58.38
JMFINANCIL,EQ,01-12-2011,15.25,16.1,16.1,15.35,15.45,15.45,15.65,"2,23,113","34,91,186.75","1,037","92,884",41.63
JMFINANCIL,EQ,02-12-2011,15.45,15.35,15.65,15.3,15.55,15.55,15.5,"2,06,586","32,01,387.55",661,"1,03,916",50.3
JMFINANCIL,EQ,05-12-2011,15.55,15.5,15.75,15.2,15.5,15.45,15.51,"1,16,161","18,01,658.60",524,"60,014",51.66
JMFINANCIL,EQ,07-12-2011,15.45,15.7,15.7,15.25,15.35,15.35,15.44,"2,97,373","45,90,717.50",643,"2,02,420",68.07
JMFINANCIL,EQ,08-12-2011,15.35,15.35,15.45,14.85,14.85,14.9,15.0,"2,36,365","35,46,014.50",713,"1,57,104",66.47
JMFINANCIL,EQ,09-12-2011,14.9,14.8,15.15,14.55,15.0,14.9,14.86,"1,18,996","17,68,132.55",491,"65,713",55.22
JMFINANCIL,EQ,12-12-2011,14.9,14.9,15.2,14.5,14.65,14.6,14.78,"1,05,524","15,59,662.75",409,"64,363",60.99
JMFINANCIL,EQ,13-12-2011,14.6,14.6,15.1,14.25,14.4,14.35,14.41,"1,34,805","19,43,137.40",637,"70,947",52.63
JMFINANCIL,EQ,14-12-2011,14.35,14.25,14.45,13.8,14.0,14.0,14.18,"1,93,975","27,50,887.70",937,"1,44,577",74.53
JMFINANCIL,EQ,15-12-2011,14.0,14.0,14.0,12.95,13.35,13.4,13.29,"4,52,216","60,11,125.15","1,983","2,61,151",57.75
JMFINANCIL,EQ,16-12-2011,13.4,13.4,13.8,12.3,13.0,12.6,13.07,"3,33,061","43,51,945.00","1,463","2,36,792",71.1
JMFINANCIL,EQ,19-12-2011,12.6,12.4,13.0,12.05,12.25,12.15,12.43,"1,71,268","21,28,250.05","1,028","87,301",50.97
JMFINANCIL,EQ,20-12-2011,12.15,12.15,12.5,11.6,12.05,11.85,11.91,"2,66,920","31,78,794.90","1,532","1,59,712",59.84
JMFINANCIL,EQ,21-12-2011,11.85,12.0,12.4,11.8,12.05,12.1,12.02,"1,66,830","20,05,000.05",956,"1,01,065",60.58
JMFINANCIL,EQ,22-12-2011,12.1,12.0,12.9,11.7,12.05,12.25,12.04,"3,26,156","39,25,393.55","1,999","2,21,194",67.82
JMFINANCIL,EQ,23-12-2011,12.25,12.25,12.5,12.1,12.35,12.25,12.27,"2,10,264","25,80,195.75",936,"1,33,780",63.62
JMFINANCIL,EQ,26-12-2011,12.25,12.5,12.95,12.2,12.55,12.45,12.5,"1,37,801","17,22,581.45",958,"82,007",59.51
JMFINANCIL,EQ,27-12-2011,12.45,12.4,12.5,12.1,12.2,12.2,12.31,"81,428","10,02,276.40",487,"39,520",48.53
JMFINANCIL,EQ,28-12-2011,12.2,12.2,12.4,11.8,12.0,12.1,12.05,"1,64,649","19,83,890.90",999,"1,01,224",61.48
JMFINANCIL,EQ,29-12-2011,12.1,12.0,13.15,11.9,12.3,12.35,12.34,"37,38,162","4,61,33,927.95","3,356","33,62,488",89.95
JMFINANCIL,EQ,30-12-2011,12.35,12.25,12.7,11.75,11.9,11.9,12.02,"2,89,360","34,78,251.20","1,535","1,33,381",46.1
JMFINANCIL,EQ,02-01-2012,11.9,11.9,12.15,11.5,11.9,11.7,11.76,"2,01,596","23,70,606.15","1,144","1,22,732",60.88
JMFINANCIL,EQ,03-01-2012,11.7,11.7,12.25,11.7,11.9,12.0,11.99,"8,73,815","1,04,80,527.50","1,942","5,65,110",64.67
JMFINANCIL,EQ,04-01-2012,12.0,12.5,12.75,12.0,12.1,12.1,12.19,"10,87,743","1,32,62,034.50","4,025","5,23,694",48.15
JMFINANCIL,EQ,05-01-2012,12.1,11.7,12.5,11.7,12.15,12.1,12.23,"4,34,234","53,08,824.60","1,741","2,67,070",61.5
JMFINANCIL,EQ,06-01-2012,12.1,12.0,12.2,11.9,12.1,12.15,12.07,"2,51,296","30,34,079.70","1,001","1,67,735",66.75
JMFINANCIL,EQ,07-01-2012,12.15,12.4,12.7,12.15,12.65,12.55,12.46,"1,78,958","22,29,128.30",495,"1,01,743",56.85
JMFINANCIL,EQ,09-01-2012,12.55,12.5,12.9,12.1,12.6,12.55,12.49,"4,18,018","52,19,303.75","1,894","2,46,727",59.02
JMFINANCIL,EQ,10-01-2012,12.55,12.7,13.1,12.65,12.8,12.95,12.94,"10,84,686","1,40,31,646.90","3,874","6,32,993",58.36
JMFINANCIL,EQ,11-01-2012,12.95,12.7,14.15,12.7,13.35,13.25,13.5,"27,29,402","3,68,58,700.25","9,247","14,03,942",51.44
JMFINANCIL,EQ,12-01-2012,13.25,13.25,13.5,12.55,12.95,12.9,12.91,"10,97,202","1,41,64,847.25","4,238","6,10,047",55.6
JMFINANCIL,EQ,13-01-2012,12.9,12.9,13.65,12.9,13.1,13.15,13.23,"12,02,793","1,59,10,308.60","4,630","5,82,997",48.47
JMFINANCIL,EQ,16-01-2012,13.15,13.15,13.5,12.9,13.4,13.4,13.22,"6,91,634","91,43,899.95","2,816","3,41,037",49.31
JMFINANCIL,EQ,17-01-2012,13.4,13.4,13.8,13.35,13.35,13.4,13.55,"5,12,232","69,41,702.55","2,228","2,70,470",52.8
JMFINANCIL,EQ,18-01-2012,13.4,13.55,13.65,12.75,12.95,12.95,13.06,"5,98,701","78,19,433.25","2,264","3,55,077",59.31
JMFINANCIL,EQ,19-01-2012,12.95,12.55,13.3,12.55,13.15,13.15,13.16,"3,71,040","48,81,567.10","1,335","2,07,800",56.0
JMFINANCIL,EQ,20-01-2012,13.15,13.1,14.0,13.05,13.35,13.4,13.47,"16,61,067","2,23,73,686.75","5,631","8,15,218",49.08
JMFINANCIL,EQ,23-01-2012,13.4,13.4,15.5,13.15,14.95,15.0,14.72,"38,43,380","5,65,84,223.20","17,012","9,66,110",25.14
JMFINANCIL,EQ,24-01-2012,15.0,15.2,15.35,14.35,14.45,14.5,14.81,"14,61,579","2,16,49,769.70","5,710","4,59,784",31.46
JMFINANCIL,EQ,25-01-2012,14.5,14.5,15.2,14.25,14.8,14.8,14.83,"11,81,274","1,75,14,993.80","4,677","4,08,745",34.6
JMFINANCIL,EQ,27-01-2012,14.8,14.8,15.75,14.8,15.4,15.4,15.27,"12,76,675","1,94,97,595.90","3,474","5,82,658",45.64
JMFINANCIL,EQ,30-01-2012,15.4,15.3,15.4,14.6,14.75,14.65,14.97,"4,84,932","72,58,136.00","1,769","2,94,554",60.74
JMFINANCIL,EQ,31-01-2012,14.65,14.7,15.1,14.6,14.85,14.85,14.83,"3,51,846","52,17,789.05","1,084","1,28,708",36.58
JMFINANCIL,EQ,01-02-2012,14.85,14.9,16.5,14.9,16.25,16.1,15.73,"18,04,046","2,83,83,838.35","6,476","6,36,405",35.28
JMFINANCIL,EQ,02-02-2012,16.1,16.45,16.6,15.7,15.9,15.9,16.21,"17,41,056","2,82,24,083.35","4,725","7,45,136",42.8
JMFINANCIL,EQ,03-02-2012,15.9,16.1,16.45,15.85,16.0,16.15,16.2,"8,64,315","1,40,06,150.65","2,669","3,12,173",36.12
JMFINANCIL,EQ,06-02-2012,16.15,16.35,17.75,16.3,16.95,16.9,17.04,"25,97,120","4,42,49,231.55","8,561","7,65,777",29.49
JMFINANCIL,EQ,07-02-2012,16.9,17.2,17.4,16.35,16.6,16.55,16.82,"18,34,863","3,08,58,272.70","4,231","7,36,737",40.15
JMFINANCIL,EQ,08-02-2012,16.55,16.55,17.0,16.05,16.35,16.35,16.55,"8,69,732","1,43,90,754.85","2,042","3,51,533",40.42
JMFINANCIL,EQ,09-02-2012,16.35,16.35,16.75,16.25,16.65,16.65,16.55,"3,03,947","50,30,972.15","1,084","1,52,910",50.31
JMFINANCIL,EQ,10-02-2012,16.65,16.5,16.95,16.4,16.6,16.65,16.67,"5,48,701","91,45,436.20","1,338","3,20,091",58.34
JMFINANCIL,EQ,13-02-2012,16.65,16.85,17.1,16.35,16.35,16.4,16.59,"4,80,147","79,67,185.50","1,131","1,96,673",40.96
JMFINANCIL,EQ,14-02-2012,16.4,16.55,16.95,16.3,16.75,16.65,16.67,"4,88,804","81,47,684.15","1,421","2,21,895",45.4
JMFINANCIL,EQ,15-02-2012,16.65,16.9,17.25,16.7,16.9,16.95,16.98,"8,99,663","1,52,73,333.45","2,171","4,78,061",53.14
JMFINANCIL,EQ,16-02-2012,16.95,16.9,18.85,16.8,18.4,18.35,17.91,"22,45,657","4,02,18,641.65","7,052","7,49,565",33.38
JMFINANCIL,EQ,17-02-2012,18.35,17.8,19.9,17.8,18.4,18.4,18.85,"15,35,723","2,89,45,646.70","3,835","7,32,828",47.72
JMFINANCIL,EQ,21-02-2012,18.4,18.5,19.1,18.35,18.35,18.45,18.72,"6,21,679","1,16,40,383.80","1,998","2,40,717",38.72
JMFINANCIL,EQ,22-02-2012,18.45,18.6,18.95,17.05,17.15,17.2,18.03,"7,25,098","1,30,71,568.25","2,465","3,55,178",48.98
JMFINANCIL,EQ,23-02-2012,17.2,17.2,17.5,16.65,17.0,17.05,17.0,"4,22,185","71,75,669.85","1,492","2,26,902",53.74
JMFINANCIL,EQ,24-02-2012,17.05,17.2,17.45,16.7,17.05,17.05,16.99,"3,15,737","53,64,919.10","1,097","1,41,567",44.84
JMFINANCIL,EQ,27-02-2012,17.05,16.9,16.95,15.9,16.0,16.05,16.19,"4,30,243","69,64,607.30","1,380","2,71,307",63.06
JMFINANCIL,EQ,28-02-2012,16.05,16.3,17.05,16.1,17.05,16.85,16.61,"2,80,977","46,67,099.55","1,276","1,54,517",54.99
JMFINANCIL,EQ,29-02-2012,16.85,17.6,19.25,17.2,18.25,18.3,18.37,"31,80,179","5,84,23,648.50","10,851","8,08,574",25.43
JMFINANCIL,EQ,01-03-2012,18.3,18.15,18.5,17.65,17.8,17.85,17.99,"7,32,131","1,31,69,978.00","2,536","2,20,545",30.12
JMFINANCIL,EQ,02-03-2012,17.85,18.05,18.15,17.3,17.5,17.55,17.8,"4,93,081","87,76,378.75","1,657","1,82,541",37.02
JMFINANCIL,EQ,03-03-2012,17.55,17.55,17.65,17.45,17.55,17.55,17.56,"1,09,908","19,30,141.20",190,"69,189",62.95
JMFINANCIL,EQ,05-03-2012,17.55,17.5,17.5,16.9,17.0,17.05,17.08,"2,91,934","49,85,663.65",897,"1,65,941",56.84
JMFINANCIL,EQ,06-03-2012,17.05,17.0,17.45,16.15,16.2,16.35,16.82,"3,45,427","58,10,570.40","1,190","1,86,226",53.91
JMFINANCIL,EQ,07-03-2012,16.35,16.5,16.55,16.0,16.15,16.15,16.21,"2,39,094","38,74,537.20","1,103","1,22,501",51.24
JMFINANCIL,EQ,09-03-2012,16.15,16.35,16.85,16.15,16.25,16.3,16.5,"3,92,182","64,72,724.85","1,631","1,88,183",47.98
JMFINANCIL,EQ,12-03-2012,16.3,16.05,16.7,16.05,16.35,16.3,16.43,"3,31,982","54,53,356.95","1,364","1,62,244",48.87
JMFINANCIL,EQ,13-03-2012,16.3,16.15,16.85,16.15,16.7,16.6,16.61,"5,17,280","85,92,061.85","2,933","2,79,972",54.12
JMFINANCIL,EQ,14-03-2012,16.6,16.7,17.15,16.65,16.75,16.75,16.88,"6,24,649","1,05,41,539.05","2,681","3,07,977",49.3
JMFINANCIL,EQ,15-03-2012,16.75,16.15,16.75,16.05,16.35,16.15,16.34,"5,09,118","83,17,593.90","1,926","2,87,161",56.4
JMFINANCIL,EQ,16-03-2012,16.15,16.65,17.2,15.75,15.85,15.95,16.62,"23,28,912","3,87,03,082.30","10,994","7,38,451",31.71
JMFINANCIL,EQ,19-03-2012,15.95,16.05,16.35,15.3,15.5,15.45,15.84,"5,37,019","85,07,868.05","2,351","2,64,196",49.2
JMFINANCIL,EQ,20-03-2012,15.45,15.05,15.95,15.05,15.6,15.5,15.61,"4,46,710","69,73,149.80","1,754","2,58,523",57.87
JMFINANCIL,EQ,21-03-2012,15.5,15.5,15.8,15.3,15.75,15.65,15.63,"4,57,552","71,50,644.70","1,866","1,93,032",42.19
JMFINANCIL,EQ,22-03-2012,15.65,15.55,15.95,14.9,15.0,15.0,15.37,"3,06,501","47,09,713.15","1,735","1,58,036",51.56
JMFINANCIL,EQ,23-03-2012,15.0,14.9,15.2,14.8,15.0,14.9,14.93,"3,73,573","55,75,884.25","1,731","1,97,488",52.86
JMFINANCIL,EQ,26-03-2012,14.9,14.7,15.0,12.25,14.45,14.4,14.42,"4,88,364","70,43,060.95","2,001","3,20,871",65.7
JMFINANCIL,EQ,27-03-2012,14.4,14.15,14.75,14.15,14.3,14.35,14.44,"6,39,024","92,25,110.65","2,461","3,44,381",53.89
JMFINANCIL,EQ,28-03-2012,14.35,14.25,14.6,14.0,14.1,14.05,14.26,"5,24,725","74,80,474.70","2,140","3,57,801",68.19
JMFINANCIL,EQ,29-03-2012,14.05,13.8,14.6,13.8,14.25,14.35,14.38,"7,27,202","1,04,57,434.75","3,662","3,97,366",54.64
JMFINANCIL,EQ,30-03-2012,14.35,14.25,16.15,14.25,15.85,15.6,15.11,"6,00,551","90,76,482.45","2,048","4,04,278",67.32
JMFINANCIL,EQ,02-04-2012,15.6,15.45,16.3,15.4,16.1,16.15,15.95,"2,74,659","43,81,924.25","1,035","1,46,318",53.27
JMFINANCIL,EQ,03-04-2012,16.15,16.05,16.4,15.8,16.0,16.0,16.03,"3,28,342","52,63,416.60",897,"1,25,707",38.29
JMFINANCIL,EQ,04-04-2012,16.0,16.1,16.4,15.8,15.9,15.85,16.09,"2,62,524","42,24,095.10",833,"1,10,038",41.92
JMFINANCIL,EQ,09-04-2012,15.85,15.75,15.75,15.25,15.35,15.35,15.4,"1,84,055","28,33,615.55",613,"1,09,058",59.25
JMFINANCIL,EQ,10-04-2012,15.35,15.35,15.8,15.2,15.7,15.5,15.49,"1,73,593","26,89,455.50",446,"73,863",42.55
JMFINANCIL,EQ,11-04-2012,15.5,15.25,16.1,15.25,15.5,15.5,15.72,"2,71,239","42,63,530.55","1,071","1,09,998",40.55
JMFINANCIL,EQ,12-04-2012,15.5,15.7,15.95,15.25,15.25,15.3,15.49,"3,89,630","60,35,782.10",688,"2,84,804",73.1
JMFINANCIL,EQ,13-04-2012,15.3,15.9,15.9,15.1,15.1,15.15,15.38,"2,84,186","43,70,218.65",877,"1,82,061",64.06
JMFINANCIL,EQ,16-04-2012,15.15,15.0,15.35,15.0,15.1,15.15,15.21,"1,83,252","27,86,542.25",488,"1,17,919",64.35
JMFINANCIL,EQ,17-04-2012,15.15,15.15,15.35,15.05,15.3,15.25,15.21,"1,64,065","24,95,630.45",487,"83,854",51.11
JMFINANCIL,EQ,18-04-2012,15.25,15.05,15.6,14.65,14.75,14.75,15.08,"6,82,062","1,02,88,765.90","1,980","4,30,184",63.07
JMFINANCIL,EQ,19-04-2012,14.75,14.95,14.95,14.4,14.6,14.5,14.68,"3,29,876","48,42,822.40","1,191","2,23,495",67.75
JMFINANCIL,EQ,20-04-2012,14.5,14.35,14.7,14.25,14.35,14.35,14.53,"1,86,173","27,04,743.10",650,"1,26,498",67.95
JMFINANCIL,EQ,23-04-2012,14.35,14.15,14.65,14.0,14.05,14.05,14.26,"2,24,628","32,03,526.85",922,"1,46,308",65.13
JMFINANCIL,EQ,24-04-2012,14.05,14.15,14.2,13.55,13.8,13.75,13.76,"2,72,410","37,47,246.90",799,"1,65,576",60.78
JMFINANCIL,EQ,25-04-2012,13.75,14.0,14.3,13.75,14.05,13.95,13.99,"2,49,427","34,90,472.90",796,"1,26,318",50.64
JMFINANCIL,EQ,26-04-2012,13.95,14.0,14.15,13.65,13.95,13.85,13.82,"1,19,149","16,46,404.05",548,"75,888",63.69
JMFINANCIL,EQ,27-04-2012,13.85,14.0,14.15,13.65,13.9,13.8,13.84,"1,77,796","24,61,329.55",532,"98,251",55.26
JMFINANCIL,EQ,28-04-2012,13.8,13.6,14.0,13.6,14.0,13.85,13.83,"12,155","1,68,142.10",58,"8,733",71.85
JMFINANCIL,EQ,30-04-2012,13.85,14.1,14.15,13.8,13.9,13.9,13.93,"1,28,427","17,88,582.55",574,"72,903",56.77
JMFINANCIL,EQ,02-05-2012,13.9,13.9,14.1,13.8,14.0,13.9,13.93,"1,52,516","21,25,259.35",596,"79,388",52.05
JMFINANCIL,EQ,03-05-2012,13.9,13.9,13.9,13.45,13.75,13.65,13.68,"1,41,514","19,35,333.60",445,"82,374",58.21
JMFINANCIL,EQ,04-05-2012,13.65,13.7,14.0,13.0,13.5,13.55,13.09,"41,78,857","5,47,10,017.65","2,559","36,57,738",87.53
JMFINANCIL,EQ,07-05-2012,13.55,13.4,13.8,13.0,13.5,13.5,13.09,"37,68,225","4,93,35,629.25","3,530","32,71,480",86.82
JMFINANCIL,EQ,08-05-2012,13.5,13.75,13.95,13.2,13.25,13.3,13.6,"5,99,812","81,54,709.15","2,068","3,37,104",56.2
JMFINANCIL,EQ,09-05-2012,13.3,13.3,13.7,12.85,12.95,12.95,13.28,"6,75,407","89,71,221.55","3,163","2,67,382",39.59
JMFINANCIL,EQ,10-05-2012,12.95,12.8,13.2,12.55,12.7,12.65,12.79,"5,36,905","68,66,145.45","2,666","3,76,251",70.08
JMFINANCIL,EQ,11-05-2012,12.65,12.5,12.85,12.3,12.55,12.55,12.48,"3,42,810","42,77,129.75","1,380","2,00,181",58.39
JMFINANCIL,EQ,14-05-2012,12.55,12.6,12.85,12.2,12.25,12.3,12.46,"4,16,687","51,89,998.20","1,412","2,95,182",70.84
JMFINANCIL,EQ,15-05-2012,12.3,12.35,12.65,12.2,12.35,12.4,12.45,"5,13,357","63,91,148.35","1,014","3,55,634",69.28
JMFINANCIL,EQ,16-05-2012,12.4,12.4,12.4,12.05,12.25,12.15,12.16,"1,70,141","20,69,658.95",699,"1,14,854",67.51
JMFINANCIL,EQ,17-05-2012,12.15,12.35,12.4,12.15,12.2,12.2,12.25,"2,39,191","29,29,229.65",801,"1,43,137",59.84
JMFINANCIL,EQ,18-05-2012,12.2,12.0,12.5,12.0,12.45,12.2,12.13,"2,43,703","29,55,103.80",693,"1,56,952",64.4
JMFINANCIL,EQ,21-05-2012,12.2,12.35,12.55,12.05,12.2,12.1,12.25,"3,17,724","38,91,437.95",923,"2,20,966",69.55
JMFINANCIL,EQ,22-05-2012,12.1,12.2,12.35,11.8,12.1,11.95,12.04,"3,64,881","43,91,502.30",924,"2,46,995",67.69
JMFINANCIL,EQ,23-05-2012,11.95,12.0,12.1,11.5,11.7,11.65,11.69,"4,58,294","53,55,410.40","1,141","3,56,701",77.83
JMFINANCIL,EQ,24-05-2012,11.65,11.65,12.1,11.65,11.9,11.9,11.92,"2,70,034","32,19,972.10",898,"1,69,801",62.88
JMFINANCIL,EQ,25-05-2012,11.9,12.4,12.85,12.05,12.05,12.15,12.2,"15,40,934","1,87,92,953.70","3,380","10,30,860",66.9
JMFINANCIL,EQ,28-05-2012,12.15,12.25,12.3,11.9,12.3,12.25,12.17,"2,72,094","33,12,149.20",591,"1,79,895",66.12
JMFINANCIL,EQ,29-05-2012,12.25,12.3,12.3,12.0,12.05,12.05,12.17,"3,19,959","38,95,188.10",615,"2,49,573",78.0
JMFINANCIL,EQ,30-05-2012,12.05,12.1,12.2,11.9,11.95,12.0,12.0,"5,26,150","63,14,520.30","1,236","3,82,304",72.66
JMFINANCIL,EQ,31-05-2012,12.0,11.9,12.55,11.35,12.0,11.95,11.88,"42,07,752","4,99,68,898.35","1,926","39,58,149",94.07
JMFINANCIL,EQ,01-06-2012,11.95,12.05,12.3,11.6,11.8,11.85,12.01,"5,56,680","66,86,789.40","1,407","1,93,449",34.75
JMFINANCIL,EQ,04-06-2012,11.85,11.95,12.0,11.5,11.7,11.7,11.68,"2,08,090","24,30,582.45",983,"1,33,182",64.0
JMFINANCIL,EQ,05-06-2012,11.7,11.8,12.05,11.7,11.85,11.85,11.89,"1,63,820","19,47,073.20",530,"1,11,848",68.27
JMFINANCIL,EQ,06-06-2012,11.85,12.0,12.4,11.7,12.2,12.15,12.19,"4,84,595","59,08,913.75","1,271","3,48,909",72.0
JMFINANCIL,EQ,07-06-2012,12.15,12.3,12.7,12.1,12.25,12.2,12.31,"9,60,996","1,18,30,467.55","2,244","6,24,862",65.02
JMFINANCIL,EQ,08-06-2012,12.2,12.25,14.2,12.05,14.15,13.8,13.08,"37,70,179","4,93,02,464.50","8,112","17,94,599",47.6
JMFINANCIL,EQ,11-06-2012,13.8,14.0,14.0,12.5,12.8,12.85,13.25,"51,61,779","6,83,90,750.05","10,210","23,91,362",46.33
JMFINANCIL,EQ,12-06-2012,12.85,12.8,13.35,12.75,12.85,12.8,12.99,"22,05,038","2,86,46,614.20","3,495","14,40,589",65.33
JMFINANCIL,EQ,13-06-2012,12.8,12.9,13.0,12.6,12.75,12.7,12.81,"12,77,088","1,63,62,641.75","1,882","8,63,352",67.6
JMFINANCIL,EQ,14-06-2012,12.7,12.85,12.9,12.1,12.3,12.25,12.53,"13,40,606","1,67,98,785.65","2,274","9,71,827",72.49
JMFINANCIL,EQ,15-06-2012,12.25,12.25,12.35,11.95,12.0,12.0,12.16,"13,20,678","1,60,54,467.60","2,027","9,73,350",73.7
JMFINANCIL,EQ,18-06-2012,12.0,12.1,12.3,11.9,12.05,12.0,12.09,"8,16,571","98,71,189.65","1,315","5,84,086",71.53
JMFINANCIL,EQ,19-06-2012,12.0,12.0,12.05,11.75,11.95,11.9,11.92,"4,98,353","59,42,621.50",980,"3,19,157",64.04
JMFINANCIL,EQ,20-06-2012,11.9,12.0,12.05,11.8,11.9,11.85,11.94,"7,52,126","89,81,557.30","1,068","5,69,478",75.72
JMFINANCIL,EQ,21-06-2012,11.85,11.95,12.3,11.85,11.95,12.0,12.0,"16,81,603","2,01,76,111.95","1,519","13,25,726",78.84
JMFINANCIL,EQ,22-06-2012,12.0,12.0,12.1,11.8,12.05,12.0,11.97,"9,29,579","1,11,25,183.80","1,223","6,41,819",69.04
JMFINANCIL,EQ,25-06-2012,12.0,12.15,12.45,11.9,11.95,11.95,12.14,"31,06,835","3,77,22,095.70","5,463","17,77,323",57.21
JMFINANCIL,EQ,26-06-2012,11.95,12.0,12.05,11.9,11.95,12.0,11.99,"8,36,468","1,00,31,758.60",750,"6,69,146",80.0
JMFINANCIL,EQ,27-06-2012,12.0,12.0,12.05,11.9,11.9,11.95,12.0,"12,58,958","1,51,01,755.65","1,811","10,41,197",82.7
JMFINANCIL,EQ,28-06-2012,11.95,12.1,13.65,11.95,13.05,12.85,12.9,"1,26,00,048","16,25,38,030.65","24,440","45,21,300",35.88
JMFINANCIL,EQ,29-06-2012,12.85,12.85,13.05,12.35,12.75,12.6,12.69,"64,52,006","8,18,54,225.50","6,430","38,91,828",60.32
JMFINANCIL,EQ,02-07-2012,12.6,12.75,12.9,12.4,12.45,12.45,12.65,"79,82,124","10,09,94,510.70","6,948","56,80,386",71.16
JMFINANCIL,EQ,03-07-2012,12.45,13.0,13.45,12.65,13.15,13.05,13.07,"1,15,80,685","15,13,36,229.40","17,121","50,37,982",43.5
JMFINANCIL,EQ,04-07-2012,13.05,13.15,13.95,13.15,13.8,13.8,13.64,"69,52,324","9,48,17,333.50","10,039","27,00,018",38.84
JMFINANCIL,EQ,05-07-2012,13.8,13.8,14.7,13.6,14.05,14.05,14.19,"1,24,65,238","17,68,91,500.20","17,066","51,69,888",41.47
JMFINANCIL,EQ,06-07-2012,14.05,14.1,14.2,13.4,13.5,13.5,13.7,"71,52,069","9,80,08,385.85","9,461","33,92,354",47.43
JMFINANCIL,EQ,09-07-2012,13.5,13.55,13.6,12.95,13.05,13.05,13.19,"31,73,685","4,18,73,644.15","4,774","15,74,550",49.61
JMFINANCIL,EQ,10-07-2012,13.05,13.0,13.65,13.0,13.25,13.3,13.36,"39,01,663","5,21,31,293.15","4,193","21,47,913",55.05
JMFINANCIL,EQ,11-07-2012,13.3,13.3,13.55,12.95,13.1,13.05,13.23,"30,30,385","4,00,97,814.40","4,695","13,59,393",44.86
JMFINANCIL,EQ,12-07-2012,13.05,13.05,13.05,12.5,12.9,12.8,12.77,"36,83,988","4,70,27,751.40","4,799","16,73,958",45.44
JMFINANCIL,EQ,13-07-2012,12.8,13.0,13.35,12.8,12.95,12.85,13.04,"29,48,703","3,84,63,220.45","4,230","14,09,883",47.81
JMFINANCIL,EQ,16-07-2012,12.85,13.0,13.2,12.75,12.8,12.85,12.92,"30,81,446","3,98,05,939.20","4,075","15,86,300",51.48
JMFINANCIL,EQ,17-07-2012,12.85,13.0,13.2,12.75,12.75,12.8,12.9,"22,19,606","2,86,42,118.95","2,521","11,48,390",51.74
JMFINANCIL,EQ,18-07-2012,12.8,12.9,13.0,12.6,12.85,12.85,12.78,"24,35,736","3,11,18,402.00","2,934","13,48,854",55.38
JMFINANCIL,EQ,19-07-2012,12.85,13.0,13.25,12.9,13.05,13.05,13.09,"34,85,226","4,56,06,295.70","3,935","19,63,756",56.35
JMFINANCIL,EQ,20-07-2012,13.05,13.2,13.25,12.75,13.2,13.1,13.07,"37,01,707","4,83,89,876.55","3,674","16,74,439",45.23
JMFINANCIL,EQ,23-07-2012,13.1,12.6,14.4,12.6,13.9,13.85,13.87,"1,72,12,172","23,88,05,807.20","27,030","61,49,381",35.73
JMFINANCIL,EQ,24-07-2012,13.85,13.9,14.05,13.2,13.45,13.4,13.52,"51,74,546","6,99,74,204.70","12,843","23,19,142",44.82
JMFINANCIL,EQ,25-07-2012,13.4,13.3,13.6,12.95,13.2,13.15,13.2,"40,73,988","5,37,96,262.80","8,720","19,52,505",47.93
JMFINANCIL,EQ,26-07-2012,13.15,13.2,13.3,12.65,12.8,12.75,12.85,"37,83,814","4,86,14,452.40","4,170","20,10,397",53.13
JMFINANCIL,EQ,27-07-2012,12.75,13.05,13.15,12.5,12.75,12.7,12.79,"30,60,543","3,91,58,621.70","3,208","17,19,650",56.19
JMFINANCIL,EQ,30-07-2012,12.7,12.95,13.0,12.75,12.9,12.9,12.88,"14,38,035","1,85,23,467.85","2,792","8,66,930",60.29
JMFINANCIL,EQ,31-07-2012,12.9,13.0,13.2,12.8,13.05,13.05,13.0,"24,30,398","3,16,01,301.85","2,769","15,12,782",62.24
JMFINANCIL,EQ,01-08-2012,13.05,13.25,13.35,13.05,13.15,13.15,13.16,"29,56,554","3,89,21,263.70","3,506","15,13,639",51.2
JMFINANCIL,EQ,02-08-2012,13.15,12.75,13.1,12.25,13.05,13.05,12.86,"46,62,709","5,99,51,229.05","4,591","32,15,636",68.96
JMFINANCIL,EQ,03-08-2012,13.05,12.85,13.2,12.8,13.0,13.0,13.0,"41,62,351","5,41,21,271.55","3,147","31,02,131",74.53
JMFINANCIL,EQ,06-08-2012,13.0,13.25,13.35,13.05,13.1,13.1,13.21,"14,46,472","1,91,02,630.10","2,511","8,18,289",56.57
JMFINANCIL,EQ,07-08-2012,13.1,13.15,13.95,13.1,13.7,13.7,13.66,"50,96,198","6,96,26,583.20","10,415","22,40,825",43.97
JMFINANCIL,EQ,08-08-2012,13.7,14.0,14.1,13.35,13.55,13.45,13.82,"46,18,232","6,38,15,347.90","11,008","18,39,568",39.83
JMFINANCIL,EQ,09-08-2012,13.45,13.55,13.95,13.3,13.75,13.75,13.65,"29,21,589","3,98,89,973.25","6,579","11,93,345",40.85
JMFINANCIL,EQ,10-08-2012,13.75,13.85,13.85,13.4,13.6,13.55,13.55,"9,70,330","1,31,48,285.90","3,004","4,86,996",50.19
JMFINANCIL,EQ,13-08-2012,13.55,13.7,13.95,13.55,13.8,13.8,13.74,"12,13,914","1,66,75,337.80","3,417","5,40,911",44.56
JMFINANCIL,EQ,14-08-2012,13.8,14.2,14.4,13.85,13.95,13.95,14.07,"37,31,402","5,25,11,075.00","7,829","16,09,060",43.12
JMFINANCIL,EQ,16-08-2012,13.95,14.1,15.2,14.1,15.1,14.95,14.74,"87,27,033","12,86,71,943.30","17,105","38,42,068",44.02
JMFINANCIL,EQ,17-08-2012,14.95,15.0,15.85,14.6,14.9,14.85,15.23,"1,01,01,509","15,38,59,553.70","22,094","33,70,233",33.36
JMFINANCIL,EQ,21-08-2012,14.85,14.95,15.1,14.55,14.75,14.7,14.79,"12,51,826","1,85,13,006.15","3,630","6,37,075",50.89
JMFINANCIL,EQ,22-08-2012,14.7,14.6,15.75,14.5,15.2,15.25,15.38,"50,95,241","7,83,51,192.85","12,608","18,08,846",35.5
JMFINANCIL,EQ,23-08-2012,15.25,15.45,15.55,14.75,14.95,14.95,15.1,"24,25,879","3,66,28,012.25","5,698","10,48,005",43.2
JMFINANCIL,EQ,24-08-2012,14.95,14.6,15.35,14.25,15.25,15.05,14.8,"24,64,635","3,64,81,020.05","3,790","11,07,683",44.94
JMFINANCIL,EQ,27-08-2012,15.05,15.25,15.7,14.65,14.75,14.75,15.28,"39,73,035","6,07,00,521.10","10,156","16,87,582",42.48
JMFINANCIL,EQ,28-08-2012,14.75,14.95,14.95,13.9,14.25,14.15,14.36,"39,63,157","5,69,29,069.15","9,309","19,65,544",49.6
JMFINANCIL,EQ,29-08-2012,14.15,14.45,14.6,13.8,14.1,13.95,14.13,"15,05,140","2,12,63,170.50","3,333","5,97,522",39.7
JMFINANCIL,EQ,30-08-2012,13.95,14.0,14.25,13.8,14.1,14.1,14.05,"9,41,234","1,32,24,778.75","2,929","4,12,675",43.84
JMFINANCIL,EQ,31-08-2012,14.1,14.3,14.3,13.8,13.8,13.85,13.96,"11,36,743","1,58,71,813.25","2,101","5,78,127",50.86
JMFINANCIL,EQ,03-09-2012,13.85,14.05,14.7,14.0,14.45,14.5,14.4,"17,87,792","2,57,38,246.95","4,045","9,62,651",53.85
JMFINANCIL,EQ,04-09-2012,14.5,14.55,14.85,14.1,14.7,14.75,14.56,"13,63,450","1,98,49,143.70","4,026","6,75,935",49.58
JMFINANCIL,EQ,05-09-2012,14.75,14.6,15.05,14.3,14.5,14.45,14.67,"15,43,755","2,26,48,655.15","4,415","5,87,937",38.08
JMFINANCIL,EQ,06-09-2012,14.45,14.6,14.85,14.3,14.35,14.45,14.5,"6,08,095","88,19,621.95","1,524","2,75,587",45.32
JMFINANCIL,EQ,07-09-2012,14.45,15.0,15.0,14.5,14.65,14.55,14.67,"9,35,396","1,37,22,937.25","1,976","4,82,184",51.55
JMFINANCIL,EQ,08-09-2012,14.55,14.9,15.1,14.5,14.6,14.6,14.66,"1,25,623","18,42,030.90",252,"73,683",58.65
JMFINANCIL,EQ,10-09-2012,14.6,14.6,15.0,14.55,14.7,14.7,14.79,"9,23,128","1,36,54,507.65","2,315","4,69,791",50.89
JMFINANCIL,EQ,11-09-2012,14.7,14.7,14.8,14.4,14.5,14.55,14.58,"8,04,206","1,17,26,099.10","1,452","4,23,191",52.62
JMFINANCIL,EQ,12-09-2012,14.55,14.5,15.1,14.45,14.85,14.9,14.79,"16,42,075","2,42,83,708.20","2,795","8,34,949",50.85
JMFINANCIL,EQ,13-09-2012,14.9,15.05,15.05,14.55,14.6,14.65,14.8,"10,52,329","1,55,69,897.45","1,613","4,88,561",46.43
JMFINANCIL,EQ,14-09-2012,14.65,14.95,15.15,14.65,14.9,15.0,14.89,"16,37,190","2,43,73,248.40","2,370","9,63,994",58.88
JMFINANCIL,EQ,17-09-2012,15.0,15.2,15.2,14.6,14.75,14.75,14.83,"10,10,210","1,49,85,022.40","1,692","6,21,598",61.53
JMFINANCIL,EQ,18-09-2012,14.75,14.75,15.75,14.75,15.7,15.6,15.37,"28,83,378","4,43,25,649.05","4,202","17,27,137",59.9
JMFINANCIL,EQ,20-09-2012,15.6,15.3,15.4,14.9,15.2,15.3,15.19,"15,89,216","2,41,47,538.95","3,542","8,79,301",55.33
JMFINANCIL,EQ,21-09-2012,15.3,15.45,16.3,15.2,15.45,15.4,15.74,"59,83,192","9,41,65,037.75","8,693","34,76,669",58.11
JMFINANCIL,EQ,24-09-2012,15.4,15.3,16.25,15.3,16.1,16.05,15.98,"30,22,530","4,82,97,242.70","5,288","18,73,997",62.0
JMFINANCIL,EQ,25-09-2012,16.05,16.2,16.65,15.6,16.4,16.4,16.22,"28,95,592","4,69,63,730.65","4,078","12,42,363",42.91
JMFINANCIL,EQ,26-09-2012,16.4,16.5,16.65,15.75,15.9,15.9,16.17,"23,25,909","3,76,00,744.80","4,244","13,58,668",58.41
JMFINANCIL,EQ,27-09-2012,15.9,16.05,16.35,15.3,15.45,15.4,15.66,"19,02,373","2,97,97,183.15","4,557","12,10,203",63.62
JMFINANCIL,EQ,28-09-2012,15.4,15.5,16.05,15.45,15.55,15.6,15.8,"17,80,422","2,81,24,246.20","2,575","11,29,332",63.43
JMFINANCIL,EQ,01-10-2012,15.6,15.9,16.8,15.6,16.75,16.65,16.37,"41,52,607","6,79,91,551.95","5,786","27,16,389",65.41
JMFINANCIL,EQ,03-10-2012,16.65,17.0,17.7,16.3,17.6,17.45,17.13,"94,07,491","16,11,93,941.00","17,752","35,16,887",37.38
JMFINANCIL,EQ,04-10-2012,17.45,17.55,17.85,17.15,17.2,17.25,17.48,"56,15,387","9,81,62,254.60","13,285","24,58,205",43.78
JMFINANCIL,EQ,05-10-2012,17.25,17.4,17.45,16.15,16.8,16.8,16.8,"25,81,465","4,33,56,825.95","5,111","10,21,302",39.56
JMFINANCIL,EQ,08-10-2012,16.8,16.95,17.9,16.5,17.7,17.65,17.36,"30,45,089","5,28,50,025.70","4,632","16,42,945",53.95
JMFINANCIL,EQ,09-10-2012,17.65,18.3,18.9,17.35,17.65,17.5,18.14,"2,36,87,403","42,97,41,476.55","37,579","43,09,838",18.19
JMFINANCIL,EQ,10-10-2012,17.5,17.6,17.65,16.75,16.8,16.8,17.17,"22,53,815","3,86,88,606.60","4,120","13,11,611",58.2
JMFINANCIL,EQ,11-10-2012,16.8,16.8,17.8,16.6,17.65,17.65,17.43,"23,39,766","4,07,82,896.35","6,955","9,79,060",41.84
JMFINANCIL,EQ,12-10-2012,17.65,17.8,18.15,17.4,17.6,17.65,17.79,"18,64,680","3,31,72,071.65","4,686","8,79,905",47.19
JMFINANCIL,EQ,15-10-2012,17.65,17.9,18.1,17.25,17.3,17.3,17.53,"10,23,195","1,79,35,013.00","2,192","4,85,418",47.44
JMFINANCIL,EQ,16-10-2012,17.3,17.35,17.85,16.9,17.15,17.05,17.35,"12,77,657","2,21,63,863.20","2,313","5,45,597",42.7
JMFINANCIL,EQ,17-10-2012,17.05,17.35,17.7,17.0,17.2,17.15,17.29,"10,99,588","1,90,14,504.70","2,089","4,90,181",44.58
JMFINANCIL,EQ,18-10-2012,17.15,17.35,17.65,17.3,17.5,17.45,17.48,"8,21,347","1,43,59,484.90","1,366","5,83,869",71.09
JMFINANCIL,EQ,19-10-2012,17.45,17.6,17.6,17.05,17.15,17.2,17.26,"5,62,262","97,07,446.90","1,154","3,41,291",60.7
JMFINANCIL,EQ,22-10-2012,17.2,17.4,17.4,16.8,17.05,17.0,17.1,"7,38,694","1,26,34,752.30","1,100","4,73,808",64.14
JMFINANCIL,EQ,23-10-2012,17.0,17.1,17.2,16.75,16.95,16.9,16.92,"5,40,058","91,36,790.10",903,"3,22,283",59.68
JMFINANCIL,EQ,25-10-2012,16.9,17.0,17.2,16.5,16.65,16.55,16.68,"6,87,546","1,14,69,199.60","1,250","3,94,618",57.4
JMFINANCIL,EQ,26-10-2012,16.55,16.75,16.75,16.0,16.2,16.2,16.35,"6,84,893","1,11,97,355.00",888,"4,42,916",64.67
JMFINANCIL,EQ,29-10-2012,16.2,16.4,17.05,16.25,16.55,16.5,16.72,"9,77,878","1,63,45,492.30","4,007","3,94,081",40.3
JMFINANCIL,EQ,30-10-2012,16.5,16.5,16.85,15.75,15.95,16.0,16.13,"10,33,248","1,66,65,815.95","1,517","4,61,311",44.65
JMFINANCIL,EQ,31-10-2012,16.0,16.2,16.4,16.0,16.3,16.3,16.22,"4,88,842","79,31,101.75",898,"3,25,901",66.67
JMFINANCIL,EQ,01-11-2012,16.3,16.3,17.55,16.15,17.5,17.3,17.0,"15,03,116","2,55,48,392.90","3,489","9,61,973",64.0
JMFINANCIL,EQ,02-11-2012,17.3,17.5,17.9,17.15,17.2,17.25,17.57,"13,95,361","2,45,11,999.85","4,037","6,77,788",48.57
JMFINANCIL,EQ,05-11-2012,17.25,17.05,17.45,17.0,17.05,17.1,17.17,"4,45,917","76,57,980.10","1,100","1,92,931",43.27
JMFINANCIL,EQ,06-11-2012,17.1,17.25,17.45,17.05,17.35,17.2,17.25,"5,38,699","92,94,077.00",998,"3,27,210",60.74
JMFINANCIL,EQ,07-11-2012,17.2,17.15,18.3,17.1,18.1,18.0,17.79,"20,40,617","3,63,05,525.95","4,064","11,16,478",54.71
JMFINANCIL,EQ,08-11-2012,18.0,17.85,18.75,17.65,18.65,18.5,18.36,"40,14,600","7,37,10,619.45","10,208","15,95,761",39.75
JMFINANCIL,EQ,09-11-2012,18.5,18.9,19.3,18.25,18.75,18.85,18.88,"65,87,198","12,43,54,903.00","18,663","25,56,906",38.82
JMFINANCIL,EQ,12-11-2012,18.85,19.5,19.5,17.45,17.75,17.7,18.03,"30,48,359","5,49,72,624.40","5,243","16,12,735",52.91
JMFINANCIL,EQ,13-11-2012,17.7,17.95,18.4,17.75,18.25,18.25,18.09,"7,28,495","1,31,76,010.95","2,656","4,72,787",64.9
JMFINANCIL,EQ,15-11-2012,18.25,17.85,18.4,17.85,18.3,18.15,18.11,"12,11,938","2,19,51,452.70","2,708","7,42,814",61.29
JMFINANCIL,EQ,16-11-2012,18.15,18.1,18.8,17.65,17.9,17.9,18.33,"15,85,705","2,90,71,947.30","4,068","7,82,811",49.37
JMFINANCIL,EQ,19-11-2012,17.9,18.0,18.15,17.15,17.35,17.3,17.43,"10,18,822","1,77,55,794.90","3,299","5,30,225",52.04
JMFINANCIL,EQ,20-11-2012,17.3,17.5,17.65,16.75,16.9,16.85,17.17,"6,79,389","1,16,68,455.90","1,813","4,20,571",61.9
JMFINANCIL,EQ,21-11-2012,16.85,16.9,17.3,16.45,16.95,16.95,16.92,"7,90,023","1,33,64,534.40","2,326","2,51,693",31.86
JMFINANCIL,EQ,22-11-2012,16.95,16.95,17.4,16.8,16.9,16.95,17.09,"4,18,988","71,60,264.45","1,094","2,23,396",53.32
JMFINANCIL,EQ,23-11-2012,16.95,17.0,17.0,16.65,16.7,16.75,16.84,"4,58,792","77,24,014.05","1,013","2,69,434",58.73
JMFINANCIL,EQ,26-11-2012,16.75,16.65,17.15,16.55,16.65,16.75,16.85,"8,05,568","1,35,77,234.50","1,111","5,87,766",72.96
JMFINANCIL,EQ,27-11-2012,16.75,17.0,17.45,16.9,17.3,17.3,17.23,"9,41,039","1,62,15,800.05","1,748","5,56,631",59.15
JMFINANCIL,EQ,29-11-2012,17.3,17.25,17.3,16.9,17.1,17.1,17.07,"14,78,886","2,52,46,952.15","2,195","10,08,592",68.2
JMFINANCIL,EQ,30-11-2012,17.1,17.3,17.9,17.1,17.45,17.45,17.48,"12,08,052","2,11,12,039.20","2,345","6,71,170",55.56
JMFINANCIL,EQ,03-12-2012,17.45,17.5,17.85,17.35,17.5,17.45,17.53,"9,58,699","1,68,05,448.15","1,844","6,11,843",63.82
JMFINANCIL,EQ,04-12-2012,17.45,17.45,17.8,17.35,17.4,17.4,17.51,"6,34,585","1,11,10,906.05","1,104","4,22,312",66.55
JMFINANCIL,EQ,05-12-2012,17.4,17.65,18.2,17.1,18.05,18.1,17.87,"18,78,747","3,35,70,477.75","3,567","10,60,296",56.44
JMFINANCIL,EQ,06-12-2012,18.1,18.4,19.95,18.25,19.9,19.8,19.24,"69,63,633","13,39,52,492.25","16,366","34,82,848",50.01
JMFINANCIL,EQ,07-12-2012,19.8,20.0,20.85,19.35,19.65,19.6,20.18,"54,72,221","11,04,06,565.30","17,087","25,15,814",45.97
JMFINANCIL,EQ,10-12-2012,19.6,19.8,20.5,19.8,20.45,20.45,20.25,"37,89,845","7,67,36,477.90","13,013","14,98,125",39.53
JMFINANCIL,EQ,11-12-2012,20.45,20.45,20.8,18.8,19.8,19.85,20.0,"32,05,251","6,40,92,162.95","8,820","12,91,679",40.3
JMFINANCIL,EQ,12-12-2012,19.85,20.1,20.75,19.5,20.45,20.3,20.37,"35,13,543","7,15,79,234.65","9,849","14,61,211",41.59
JMFINANCIL,EQ,13-12-2012,20.3,20.7,20.7,19.7,19.75,19.85,20.19,"17,14,145","3,46,16,147.25","4,405","8,32,035",48.54
JMFINANCIL,EQ,14-12-2012,19.85,20.0,20.1,19.6,19.75,19.7,19.81,"10,51,335","2,08,21,820.25","2,950","4,81,824",45.83
JMFINANCIL,EQ,17-12-2012,19.7,19.8,22.1,19.8,21.65,21.75,21.32,"99,50,818","21,21,45,292.30","24,059","36,36,466",36.54
JMFINANCIL,EQ,18-12-2012,21.75,22.2,22.9,20.9,22.75,22.75,22.14,"74,38,425","16,46,86,583.55","20,988","29,02,365",39.02
JMFINANCIL,EQ,19-12-2012,22.75,23.05,23.9,23.0,23.4,23.2,23.38,"78,29,993","18,30,78,182.15","22,313","42,52,346",54.31
JMFINANCIL,EQ,20-12-2012,23.2,22.8,23.45,22.2,22.8,22.8,22.74,"33,24,117","7,56,05,103.75","10,296","14,37,530",43.25
JMFINANCIL,EQ,21-12-2012,22.8,22.8,23.25,22.1,22.15,22.2,22.59,"29,08,843","6,57,21,850.65","10,289","9,10,549",31.3
JMFINANCIL,EQ,24-12-2012,22.2,22.5,22.6,22.1,22.25,22.3,22.31,"9,46,254","2,11,11,725.50","3,511","3,80,571",40.22
JMFINANCIL,EQ,26-12-2012,22.3,22.55,22.8,22.25,22.3,22.4,22.51,"10,01,640","2,25,49,161.40","4,444","4,86,563",48.58
JMFINANCIL,EQ,27-12-2012,22.4,22.6,23.15,22.35,22.5,22.45,22.75,"22,29,713","5,07,26,716.25","9,301","7,15,334",32.08
JMFINANCIL,EQ,28-12-2012,22.45,22.5,22.95,22.1,22.15,22.2,22.51,"13,19,307","2,97,03,127.20","3,160","4,82,114",36.54
JMFINANCIL,EQ,31-12-2012,22.2,22.35,22.4,21.75,22.35,22.25,22.11,"11,40,585","2,52,14,029.90","3,370","6,42,494",56.33
JMFINANCIL,EQ,01-01-2013,22.25,22.6,22.8,22.35,22.6,22.5,22.53,"9,11,675","2,05,36,969.35","4,763","4,16,303",45.66
JMFINANCIL,EQ,02-01-2013,22.5,22.7,25.2,22.55,24.9,24.9,24.27,"1,28,96,694","31,29,43,941.90","25,541","50,20,163",38.93
JMFINANCIL,EQ,03-01-2013,24.9,24.5,25.3,24.1,24.25,24.3,24.64,"72,13,684","17,77,52,257.55","18,271","31,42,147",43.56
JMFINANCIL,EQ,04-01-2013,24.3,24.5,24.95,23.95,24.35,24.4,24.45,"29,64,359","7,24,92,267.90","7,742","14,46,217",48.79
JMFINANCIL,EQ,07-01-2013,24.4,24.8,25.2,24.1,24.6,24.6,24.55,"24,10,776","5,91,91,925.35","6,093","10,50,993",43.6
JMFINANCIL,EQ,08-01-2013,24.6,24.8,25.15,24.3,24.4,24.6,24.68,"23,54,989","5,81,26,863.00","5,519","9,88,240",41.96
JMFINANCIL,EQ,09-01-2013,24.6,24.65,24.85,23.75,23.95,23.95,24.3,"15,36,809","3,73,45,801.60","4,001","7,86,483",51.18
JMFINANCIL,EQ,10-01-2013,23.95,24.15,24.45,23.35,23.45,23.5,23.76,"13,91,607","3,30,63,199.80","3,802","6,11,477",43.94
JMFINANCIL,EQ,11-01-2013,23.5,23.7,23.7,21.55,22.1,22.0,22.49,"21,85,843","4,91,60,323.70","8,133","12,17,519",55.7
JMFINANCIL,EQ,14-01-2013,22.0,22.4,23.4,22.05,23.0,23.0,22.84,"23,97,448","5,47,65,501.90","7,223","8,64,805",36.07
JMFINANCIL,EQ,15-01-2013,23.0,22.9,23.4,22.35,22.7,22.55,22.87,"16,34,325","3,73,83,433.85","4,719","7,28,352",44.57
JMFINANCIL,EQ,16-01-2013,22.55,22.55,22.7,21.85,22.2,22.05,22.27,"9,09,109","2,02,46,481.80","2,996","4,97,715",54.75
JMFINANCIL,EQ,17-01-2013,22.05,22.1,22.4,21.6,21.85,21.75,21.92,"10,01,513","2,19,48,710.65","3,010","5,81,162",58.03
JMFINANCIL,EQ,18-01-2013,21.75,21.95,22.6,21.85,22.0,22.05,22.14,"8,01,862","1,77,49,448.45","2,755","3,56,315",44.44
JMFINANCIL,EQ,21-01-2013,22.05,22.3,22.6,21.7,22.05,21.95,22.05,"8,51,154","1,87,67,469.95","2,721","3,84,782",45.21
JMFINANCIL,EQ,22-01-2013,21.95,22.0,22.0,21.05,21.2,21.2,21.56,"7,34,585","1,58,35,456.35","1,806","4,14,036",56.36
JMFINANCIL,EQ,23-01-2013,21.2,21.95,21.95,20.15,20.45,20.4,20.69,"10,93,578","2,26,29,268.40","3,985","4,72,311",43.19
JMFINANCIL,EQ,24-01-2013,20.4,20.4,20.4,19.35,19.7,19.75,19.73,"13,03,332","2,57,18,400.25","3,365","8,02,181",61.55
JMFINANCIL,EQ,25-01-2013,19.75,19.8,20.7,19.2,20.6,20.55,20.04,"9,60,782","1,92,54,446.75","3,222","4,32,172",44.98
JMFINANCIL,EQ,28-01-2013,20.55,20.65,21.4,20.5,21.05,20.95,21.01,"9,19,117","1,93,13,441.45","2,672","5,53,775",60.25
JMFINANCIL,EQ,29-01-2013,20.95,21.25,21.35,20.2,20.35,20.3,20.87,"7,33,613","1,53,10,793.75","2,653","3,58,319",48.84
JMFINANCIL,EQ,30-01-2013,20.3,20.5,20.8,20.2,20.35,20.3,20.5,"3,95,822","81,13,729.50","1,789","1,52,930",38.64
JMFINANCIL,EQ,31-01-2013,20.3,20.3,20.6,20.2,20.5,20.45,20.4,"3,50,796","71,57,114.25","1,435","1,57,070",44.78
JMFINANCIL,EQ,01-02-2013,20.45,20.6,21.3,20.45,20.75,20.75,20.88,"6,29,374","1,31,41,403.40","2,330","3,45,575",54.91
JMFINANCIL,EQ,04-02-2013,20.75,21.5,21.9,20.75,21.45,21.45,21.54,"20,00,412","4,30,95,648.25","6,425","8,22,586",41.12
JMFINANCIL,EQ,05-02-2013,21.45,21.8,21.8,20.6,20.75,20.8,20.96,"10,76,361","2,25,58,231.75","2,647","5,45,960",50.72
JMFINANCIL,EQ,06-02-2013,20.8,20.95,21.2,20.6,20.9,20.85,20.88,"5,24,748","1,09,58,602.30","1,397","2,86,103",54.52
JMFINANCIL,EQ,07-02-2013,20.85,20.75,21.0,19.8,19.95,19.95,20.29,"14,16,257","2,87,41,895.80","2,570","8,88,693",62.75
JMFINANCIL,EQ,08-02-2013,19.95,20.25,20.7,19.4,19.55,19.55,20.17,"26,33,269","5,31,22,995.35","7,277","13,90,152",52.79
JMFINANCIL,EQ,11-02-2013,19.55,19.85,19.85,18.75,18.9,18.85,19.06,"12,97,276","2,47,27,028.70","2,957","7,81,043",60.21
JMFINANCIL,EQ,12-02-2013,18.85,18.95,18.95,18.5,18.8,18.7,18.65,"7,48,343","1,39,58,242.15","2,164","4,23,828",56.64
JMFINANCIL,EQ,13-02-2013,18.7,18.7,19.65,18.7,19.1,19.1,19.24,"12,32,756","2,37,15,764.65","3,851","6,50,906",52.8
JMFINANCIL,EQ,14-02-2013,19.1,19.0,19.4,18.55,18.7,18.65,18.85,"5,79,577","1,09,22,345.20","1,940","3,67,063",63.33
JMFINANCIL,EQ,15-02-2013,18.65,18.5,18.7,17.9,18.2,18.15,18.15,"8,83,932","1,60,46,400.65","2,263","5,31,967",60.18
JMFINANCIL,EQ,18-02-2013,18.15,18.25,18.55,18.05,18.4,18.3,18.3,"4,75,520","87,01,310.70","1,586","2,46,317",51.8
JMFINANCIL,EQ,19-02-2013,18.3,18.1,18.7,18.0,18.45,18.45,18.43,"5,78,805","1,06,68,999.15","1,143","3,67,886",63.56
JMFINANCIL,EQ,20-02-2013,18.45,18.6,19.1,18.6,18.8,18.8,18.88,"8,43,114","1,59,16,237.55","3,238","3,39,639",40.28
JMFINANCIL,EQ,21-02-2013,18.8,18.6,18.6,17.8,17.8,17.85,18.13,"6,72,557","1,21,94,887.95","1,982","4,22,684",62.85
JMFINANCIL,EQ,22-02-2013,17.85,18.5,18.5,17.6,17.7,17.65,17.81,"7,00,997","1,24,82,405.80","2,261","3,48,699",49.74
JMFINANCIL,EQ,25-02-2013,17.65,17.6,18.15,17.1,17.4,17.4,17.63,"6,51,572","1,14,85,250.05","2,052","3,12,411",47.95
JMFINANCIL,EQ,26-02-2013,17.4,17.65,17.65,16.4,16.55,16.5,16.77,"7,51,428","1,26,00,879.45","2,491","4,22,960",56.29
JMFINANCIL,EQ,27-02-2013,16.5,17.0,17.2,16.0,17.1,17.0,16.59,"9,14,351","1,51,69,008.20","2,514","5,27,797",57.72
JMFINANCIL,EQ,28-02-2013,17.0,17.15,17.55,16.05,16.35,16.35,16.82,"9,39,610","1,58,05,144.55","2,847","4,38,813",46.7
JMFINANCIL,EQ,01-03-2013,16.35,16.9,17.75,15.8,17.5,17.4,16.92,"10,89,941","1,84,38,403.15","5,240","5,83,992",53.58
JMFINANCIL,EQ,04-03-2013,17.4,17.9,17.9,16.3,16.35,16.4,16.54,"8,88,609","1,46,99,456.25","2,657","5,16,897",58.17
JMFINANCIL,EQ,05-03-2013,16.4,16.55,17.0,16.05,16.75,16.8,16.76,"4,75,377","79,69,455.95","2,209","2,64,960",55.74
JMFINANCIL,EQ,06-03-2013,16.8,17.7,17.7,17.0,17.05,17.1,17.18,"6,98,974","1,20,09,647.20","2,142","3,96,071",56.66
JMFINANCIL,EQ,07-03-2013,17.1,17.9,17.9,16.75,17.2,17.1,16.98,"4,35,859","74,02,888.90","1,323","2,57,658",59.11
JMFINANCIL,EQ,08-03-2013,17.1,17.3,17.8,17.1,17.45,17.6,17.47,"7,13,452","1,24,62,956.10","2,348","4,48,895",62.92
JMFINANCIL,EQ,11-03-2013,17.6,17.6,17.85,17.4,17.75,17.7,17.64,"3,91,767","69,11,901.20","1,778","2,47,006",63.05
JMFINANCIL,EQ,12-03-2013,17.7,17.75,17.85,17.25,17.25,17.3,17.42,"4,47,193","77,90,149.30","2,159","3,11,941",69.76
JMFINANCIL,EQ,13-03-2013,17.3,17.25,17.5,17.0,17.15,17.2,17.28,"6,68,216","1,15,49,723.60","2,192","4,40,840",65.97
JMFINANCIL,EQ,14-03-2013,17.2,17.15,17.5,16.85,17.35,17.4,17.2,"6,04,857","1,04,01,289.10","3,040","3,92,339",64.86
JMFINANCIL,EQ,15-03-2013,17.4,17.25,19.1,17.25,18.7,18.6,18.44,"22,14,380","4,08,22,646.05","6,137","11,13,549",50.29
JMFINANCIL,EQ,18-03-2013,18.6,17.6,19.2,17.6,18.45,18.4,18.65,"11,17,666","2,08,44,213.00","3,440","6,38,183",57.1
JMFINANCIL,EQ,19-03-2013,18.4,18.6,18.65,17.2,17.3,17.3,17.48,"9,58,345","1,67,55,649.15","1,804","6,91,068",72.11
JMFINANCIL,EQ,20-03-2013,17.3,17.25,17.7,16.6,16.8,16.75,17.06,"7,53,305","1,28,52,403.20","2,773","4,20,816",55.86
JMFINANCIL,EQ,21-03-2013,16.75,16.95,17.5,16.6,16.65,16.65,16.95,"4,15,860","70,50,473.70","1,689","2,04,666",49.22
JMFINANCIL,EQ,22-03-2013,16.65,16.5,16.8,16.1,16.15,16.25,16.32,"5,32,528","86,88,204.75","1,485","3,23,899",60.82
JMFINANCIL,EQ,25-03-2013,16.25,16.45,16.8,15.7,15.75,15.85,16.3,"8,93,584","1,45,69,379.50","1,970","6,28,082",70.29
JMFINANCIL,EQ,26-03-2013,15.85,15.75,16.1,15.4,16.0,15.85,15.74,"5,26,306","82,84,314.10","1,110","3,90,941",74.28
JMFINANCIL,EQ,28-03-2013,15.85,15.95,16.4,15.5,16.1,16.15,16.02,"4,98,909","79,91,969.55","1,297","3,82,967",76.76
JMFINANCIL,EQ,01-04-2013,16.15,16.5,16.95,16.15,16.65,16.6,16.7,"3,98,018","66,46,337.35","1,632","2,44,994",61.55
JMFINANCIL,EQ,02-04-2013,16.6,16.75,18.0,16.6,17.8,17.85,17.31,"12,11,902","2,09,83,105.25","3,056","6,35,011",52.4
JMFINANCIL,EQ,03-04-2013,17.85,17.95,18.25,17.1,17.2,17.35,17.75,"7,70,119","1,36,69,241.20","1,852","4,90,037",63.63
JMFINANCIL,EQ,04-04-2013,17.35,16.85,17.05,16.5,16.85,16.7,16.75,"4,01,612","67,25,044.55","1,059","2,85,144",71.0
JMFINANCIL,EQ,05-04-2013,16.7,16.55,17.3,16.55,16.7,16.75,16.91,"3,14,854","53,24,402.80","1,001","1,70,475",54.14
JMFINANCIL,EQ,08-04-2013,16.75,16.55,16.95,16.35,16.4,16.45,16.58,"1,75,308","29,06,456.65",745,"95,547",54.5
JMFINANCIL,EQ,09-04-2013,16.45,16.8,16.95,15.9,16.1,16.05,16.5,"4,14,468","68,38,351.45","1,274","2,31,552",55.87
JMFINANCIL,EQ,10-04-2013,16.05,16.25,16.45,15.75,16.3,16.3,16.06,"3,27,632","52,60,627.35","1,219","1,50,997",46.09
JMFINANCIL,EQ,11-04-2013,16.3,16.5,16.75,16.15,16.65,16.65,16.47,"2,60,156","42,84,165.00",829,"1,49,208",57.35
JMFINANCIL,EQ,12-04-2013,16.65,16.1,16.75,16.1,16.7,16.65,16.55,"2,26,279","37,44,221.90","1,769","1,72,969",76.44
JMFINANCIL,EQ,15-04-2013,16.65,16.45,16.8,16.45,16.7,16.65,16.62,"2,72,191","45,23,401.65",868,"1,66,178",61.05
JMFINANCIL,EQ,16-04-2013,16.65,16.55,17.7,16.55,17.6,17.6,17.32,"6,24,001","1,08,06,929.75","2,133","3,58,479",57.45
JMFINANCIL,EQ,17-04-2013,17.6,17.55,17.8,17.2,17.3,17.3,17.47,"2,90,079","50,67,309.95",861,"1,96,369",67.7
JMFINANCIL,EQ,18-04-2013,17.3,17.45,17.6,17.15,17.5,17.5,17.39,"2,24,395","39,02,958.85",621,"1,42,496",63.5
JMFINANCIL,EQ,22-04-2013,17.5,17.5,18.25,17.45,17.7,17.65,17.88,"5,48,591","98,09,122.70","1,682","2,45,122",44.68
JMFINANCIL,EQ,23-04-2013,17.65,17.9,18.2,17.65,17.8,17.8,17.86,"4,36,452","77,95,916.25","1,755","1,59,652",36.58
JMFINANCIL,EQ,25-04-2013,17.8,17.85,18.0,17.25,17.45,17.4,17.67,"3,92,185","69,30,573.00","1,209","1,92,072",48.97
JMFINANCIL,EQ,26-04-2013,17.4,17.4,17.6,17.2,17.45,17.35,17.38,"3,90,311","67,84,483.15","58,288","2,48,171",63.58
JMFINANCIL,EQ,29-04-2013,17.35,17.5,17.9,17.4,17.55,17.55,17.53,"3,48,812","61,12,978.55","3,108","1,87,741",53.82
JMFINANCIL,EQ,30-04-2013,17.55,17.55,17.85,17.45,17.55,17.6,17.64,"3,15,205","55,58,716.40","1,328","1,95,796",62.12
JMFINANCIL,EQ,02-05-2013,17.6,17.35,18.5,17.35,18.05,18.0,18.04,"6,58,212","1,18,76,693.70","2,139","3,32,324",50.49
JMFINANCIL,EQ,03-05-2013,18.0,18.1,18.25,17.5,17.6,17.6,17.84,"3,84,400","68,59,013.80","1,336","1,58,172",41.15
JMFINANCIL,EQ,06-05-2013,17.6,17.25,17.95,17.25,17.8,17.85,17.78,"4,02,750","71,60,933.50","6,210","3,02,915",75.21
JMFINANCIL,EQ,07-05-2013,17.85,17.85,18.1,17.65,17.7,17.7,17.85,"2,52,752","45,11,377.30",758,"1,51,066",59.77
JMFINANCIL,EQ,08-05-2013,17.7,17.95,18.6,17.75,18.55,18.45,18.3,"12,15,816","2,22,52,563.00","3,115","6,03,391",49.63
JMFINANCIL,EQ,09-05-2013,18.45,18.4,18.95,18.05,18.1,18.1,18.55,"10,08,535","1,87,07,636.90","3,491","5,11,448",50.71
JMFINANCIL,EQ,10-05-2013,18.1,18.1,18.9,18.1,18.45,18.4,18.55,"7,92,931","1,47,10,129.00","3,541","4,15,804",52.44
JMFINANCIL,EQ,11-05-2013,18.4,18.4,18.85,18.35,18.75,18.75,18.64,"1,63,033","30,39,115.80",442,"97,698",59.93
JMFINANCIL,EQ,13-05-2013,18.75,18.7,18.95,18.2,18.4,18.4,18.51,"4,75,449","87,98,845.95","2,503","3,06,359",64.44
JMFINANCIL,EQ,14-05-2013,18.4,18.35,18.85,18.15,18.4,18.5,18.54,"4,13,870","76,74,628.00","1,787","2,32,808",56.25
JMFINANCIL,EQ,15-05-2013,18.5,18.5,20.5,18.5,20.3,20.3,19.83,"37,97,954","7,53,10,150.80","8,203","24,18,835",63.69
JMFINANCIL,EQ,16-05-2013,20.3,20.55,24.35,20.1,23.65,23.55,22.93,"1,89,12,295","43,37,43,876.80","35,197","56,01,119",29.62
JMFINANCIL,EQ,17-05-2013,23.55,26.0,27.7,24.8,26.55,26.7,26.47,"4,46,90,771","1,18,27,59,684.80","84,331","1,26,74,486",28.36
JMFINANCIL,EQ,20-05-2013,26.7,27.2,27.75,25.95,26.2,26.15,26.66,"72,16,283","19,24,15,379.65","18,807","27,39,906",37.97
JMFINANCIL,EQ,21-05-2013,26.15,26.2,26.35,24.35,25.15,25.0,25.03,"79,36,809","19,86,36,769.15","21,099","50,06,785",63.08
JMFINANCIL,EQ,22-05-2013,25.0,25.1,25.6,23.15,24.35,24.25,24.39,"31,85,589","7,76,81,572.75","12,517","14,49,681",45.51
JMFINANCIL,EQ,23-05-2013,24.25,24.0,24.05,22.65,23.1,22.9,23.14,"26,91,485","6,22,84,239.10","8,814","11,65,500",43.3
JMFINANCIL,EQ,24-05-2013,22.9,22.9,25.15,22.2,25.15,25.15,24.26,"73,24,937","17,76,86,908.25","21,467","25,05,817",34.21
JMFINANCIL,EQ,27-05-2013,25.15,25.5,26.5,24.75,25.7,25.8,25.89,"46,92,657","12,15,13,259.10","18,739","19,58,880",41.74
JMFINANCIL,EQ,28-05-2013,25.8,25.7,26.25,25.4,25.75,25.9,25.85,"16,88,101","4,36,44,401.75","5,926","7,07,044",41.88
JMFINANCIL,EQ,29-05-2013,25.9,25.6,26.7,25.5,25.9,26.0,26.28,"28,38,422","7,45,98,139.95","11,498","9,19,605",32.4
JMFINANCIL,EQ,30-05-2013,26.0,25.85,26.25,25.45,25.45,25.65,25.84,"9,37,236","2,42,21,026.45","3,907","4,19,553",44.76
JMFINANCIL,EQ,31-05-2013,25.65,25.95,26.6,25.05,25.15,25.2,25.96,"22,39,170","5,81,37,321.80","9,608","10,19,212",45.52
JMFINANCIL,EQ,03-06-2013,25.2,25.3,26.5,24.8,25.5,25.65,25.84,"19,15,179","4,94,89,809.00","8,750","7,67,038",40.05
JMFINANCIL,EQ,04-06-2013,25.65,25.95,26.4,25.4,26.15,26.15,26.01,"28,39,466","7,38,66,562.80","11,250","13,20,001",46.49
JMFINANCIL,EQ,05-06-2013,26.15,26.15,26.8,25.9,26.4,26.4,26.48,"19,48,637","5,16,00,502.85","6,812","8,85,899",45.46
JMFINANCIL,EQ,06-06-2013,26.4,26.1,29.0,25.9,29.0,29.0,28.11,"1,04,16,897","29,28,63,898.60","31,450","43,12,136",41.4
JMFINANCIL,EQ,07-06-2013,29.0,29.5,31.35,29.4,29.9,29.8,30.49,"80,30,266","24,48,35,325.50","23,601","30,87,100",38.44
JMFINANCIL,EQ,10-06-2013,29.8,30.35,30.85,29.0,29.75,29.6,30.07,"38,65,986","11,62,32,357.00","16,329","11,03,620",28.55
JMFINANCIL,EQ,11-06-2013,29.6,29.2,30.7,28.0,29.3,29.25,29.37,"51,29,309","15,06,30,510.30","15,965","19,81,472",38.63
JMFINANCIL,EQ,12-06-2013,29.25,29.0,29.6,28.2,28.5,28.4,28.73,"19,83,676","5,69,91,460.20","8,434","7,75,102",39.07
JMFINANCIL,EQ,13-06-2013,28.4,28.0,29.3,27.4,27.6,27.65,28.43,"22,39,895","6,36,76,985.70","10,448","8,72,502",38.95
JMFINANCIL,EQ,14-06-2013,27.65,27.9,28.7,27.5,27.55,27.65,28.02,"14,81,264","4,15,03,740.95","4,892","7,70,534",52.02
JMFINANCIL,EQ,17-06-2013,27.65,27.1,27.65,26.65,27.0,27.05,27.09,"15,60,425","4,22,78,425.25","5,583","8,33,159",53.39
JMFINANCIL,EQ,18-06-2013,27.05,27.0,29.55,27.0,28.65,28.8,28.73,"46,26,911","13,29,33,206.65","19,976","13,92,881",30.1
JMFINANCIL,EQ,19-06-2013,28.8,28.8,30.25,28.8,29.2,29.25,29.67,"37,12,843","11,01,43,459.85","13,883","11,57,671",31.18
JMFINANCIL,EQ,20-06-2013,29.25,28.95,28.95,27.8,28.3,28.15,28.3,"21,48,385","6,08,08,466.85","9,970","10,57,000",49.2
JMFINANCIL,EQ,21-06-2013,28.15,27.85,29.7,27.6,28.05,28.1,28.6,"26,25,490","7,50,99,205.65","11,613","9,98,612",38.04
JMFINANCIL,EQ,24-06-2013,28.1,28.2,28.85,26.55,27.9,27.9,28.0,"23,56,650","6,59,84,262.45","8,770","10,91,498",46.32
JMFINANCIL,EQ,25-06-2013,27.9,28.05,28.5,27.45,28.2,28.1,28.04,"15,29,778","4,28,91,591.80","5,378","7,73,512",50.56
JMFINANCIL,EQ,26-06-2013,28.1,28.6,28.6,27.1,27.15,27.2,27.7,"9,44,061","2,61,52,514.00","4,191","3,72,339",39.44
JMFINANCIL,EQ,27-06-2013,27.2,27.6,28.3,26.4,27.0,27.05,27.33,"32,86,344","8,98,23,171.05","9,901","9,13,535",27.8
JMFINANCIL,EQ,28-06-2013,27.05,27.6,27.75,26.4,27.25,27.3,27.11,"25,18,125","6,82,64,135.10","7,300","12,57,270",49.93
JMFINANCIL,EQ,01-07-2013,27.3,27.55,28.35,27.0,28.15,28.15,27.88,"22,08,465","6,15,74,287.35","7,781","8,93,858",40.47
JMFINANCIL,EQ,02-07-2013,28.15,28.3,28.3,27.1,27.15,27.2,27.54,"16,31,554","4,49,39,733.10","5,823","8,29,639",50.85
JMFINANCIL,EQ,03-07-2013,27.2,26.9,26.9,25.1,25.25,25.25,25.84,"13,79,089","3,56,29,202.35","7,902","6,97,303",50.56
JMFINANCIL,EQ,04-07-2013,25.25,25.4,26.2,24.65,25.95,25.75,25.44,"17,55,016","4,46,41,009.20","8,370","7,09,037",40.4
JMFINANCIL,EQ,05-07-2013,25.75,25.65,26.3,25.4,25.6,25.65,25.88,"7,40,485","1,91,61,418.05","2,822","3,09,341",41.78
JMFINANCIL,EQ,08-07-2013,25.65,25.1,25.4,23.3,24.15,24.3,24.36,"17,90,657","4,36,26,139.65","7,547","10,16,614",56.77
JMFINANCIL,EQ,09-07-2013,24.3,24.7,24.85,24.15,24.25,24.35,24.45,"9,58,336","2,34,26,941.65","4,075","5,02,844",52.47
JMFINANCIL,EQ,10-07-2013,24.35,24.5,25.7,23.8,25.05,25.1,24.64,"18,27,649","4,50,31,268.85","7,567","6,93,226",37.93
JMFINANCIL,EQ,11-07-2013,25.1,25.5,26.15,25.25,25.6,25.75,25.78,"12,90,807","3,32,80,806.40","5,462","5,76,347",44.65
JMFINANCIL,EQ,12-07-2013,25.75,26.1,26.4,25.6,25.85,25.85,25.97,"14,19,084","3,68,49,547.30","6,711","5,17,274",36.45
JMFINANCIL,EQ,15-07-2013,25.85,25.9,26.7,25.6,26.55,26.5,26.24,"13,54,407","3,55,39,371.40","4,726","7,41,194",54.72
JMFINANCIL,EQ,16-07-2013,26.5,26.0,26.2,25.5,25.9,25.8,25.9,"9,70,520","2,51,34,327.65","4,381","5,98,410",61.66
JMFINANCIL,EQ,17-07-2013,25.8,25.7,26.15,24.65,24.9,24.9,25.39,"4,69,655","1,19,23,863.10","1,796","2,36,447",50.34
JMFINANCIL,EQ,18-07-2013,24.9,25.0,25.6,24.85,25.4,25.3,25.23,"4,25,438","1,07,35,462.90","2,988","2,02,514",47.6
JMFINANCIL,EQ,19-07-2013,25.3,25.15,25.65,23.0,24.65,24.5,24.34,"9,07,229","2,20,78,860.80","3,934","4,52,889",49.92
JMFINANCIL,EQ,22-07-2013,24.5,24.35,24.95,23.95,24.45,24.4,24.5,"3,88,387","95,14,097.95","1,785","2,33,973",60.24
JMFINANCIL,EQ,23-07-2013,24.4,24.1,25.2,24.05,24.2,24.2,24.61,"4,07,561","1,00,28,491.10","1,969","1,78,197",43.72
JMFINANCIL,EQ,24-07-2013,24.2,24.0,24.2,23.0,23.5,23.35,23.42,"3,72,034","87,14,115.10","1,402","2,51,788",67.68
JMFINANCIL,EQ,25-07-2013,23.35,23.15,23.75,22.8,22.9,22.9,23.23,"3,22,879","75,01,812.15","1,422","1,95,668",60.6
JMFINANCIL,EQ,26-07-2013,22.9,23.1,23.45,21.7,21.9,22.05,22.27,"6,06,625","1,35,06,695.50","3,095","3,85,324",63.52
JMFINANCIL,EQ,29-07-2013,22.05,22.0,22.0,20.75,20.75,20.85,21.22,"6,36,826","1,35,14,489.95","1,857","3,70,809",58.23
JMFINANCIL,EQ,30-07-2013,20.85,21.0,21.0,19.55,19.95,19.8,20.08,"5,92,256","1,18,91,555.10","2,295","2,83,875",47.93
JMFINANCIL,EQ,31-07-2013,19.8,19.7,20.0,17.85,20.0,19.55,18.88,"10,42,106","1,96,70,293.60","3,625","4,91,458",47.16
JMFINANCIL,EQ,01-08-2013,19.55,20.4,22.3,20.0,20.4,20.4,21.08,"21,33,564","4,49,82,075.60","8,721","6,34,609",29.74
JMFINANCIL,EQ,02-08-2013,20.4,20.35,20.85,19.1,19.95,19.7,19.71,"6,88,659","1,35,76,847.55","2,858","3,87,764",56.31
JMFINANCIL,EQ,05-08-2013,19.7,19.1,20.8,18.8,20.1,20.3,20.0,"5,73,529","1,14,67,863.40","3,936","2,71,061",47.26
JMFINANCIL,EQ,06-08-2013,20.3,19.8,20.0,18.8,19.55,19.45,19.34,"5,97,526","1,15,54,009.80","2,098","3,60,816",60.38
JMFINANCIL,EQ,07-08-2013,19.45,19.5,19.65,18.65,18.9,18.9,19.03,"12,62,498","2,40,20,251.55","3,628","8,59,578",68.09
JMFINANCIL,EQ,08-08-2013,18.9,19.4,20.7,18.7,20.6,20.2,19.84,"10,57,723","2,09,87,793.25","2,962","5,97,193",56.46
JMFINANCIL,EQ,12-08-2013,20.2,20.85,21.0,19.9,20.25,20.4,20.48,"4,70,131","96,27,902.95","2,187","1,85,136",39.38
JMFINANCIL,EQ,13-08-2013,20.4,20.15,22.15,20.05,21.85,21.9,21.35,"10,85,758","2,31,84,830.40","3,551","5,17,464",47.66
JMFINANCIL,EQ,14-08-2013,21.9,21.7,22.05,20.75,20.85,20.9,21.33,"5,02,712","1,07,25,095.80","1,945","2,90,483",57.78
JMFINANCIL,EQ,16-08-2013,20.9,20.8,20.8,19.5,19.8,19.7,19.96,"4,30,199","85,85,139.30","1,737","2,17,736",50.61
JMFINANCIL,EQ,19-08-2013,19.7,19.8,19.8,18.5,18.8,18.9,18.96,"6,12,480","1,16,09,752.45","2,243","3,10,195",50.65
JMFINANCIL,EQ,20-08-2013,18.9,18.8,19.0,18.1,18.6,18.5,18.56,"8,08,873","1,50,15,198.15","2,657","4,30,523",53.23
JMFINANCIL,EQ,21-08-2013,18.5,19.0,20.45,18.45,19.15,18.9,19.27,"7,75,162","1,49,37,487.85","3,401","4,18,703",54.01
JMFINANCIL,EQ,22-08-2013,18.9,19.0,19.35,18.3,19.15,19.15,18.88,"3,16,050","59,67,417.45","1,668","1,50,641",47.66
JMFINANCIL,EQ,23-08-2013,19.15,19.15,20.0,19.15,19.8,19.65,19.69,"4,75,134","93,54,073.55","2,172","2,49,645",52.54
JMFINANCIL,EQ,26-08-2013,19.65,20.5,21.0,19.95,20.1,20.05,20.34,"7,32,928","1,49,10,740.25","3,002","3,18,998",43.52
JMFINANCIL,EQ,27-08-2013,20.05,19.8,20.5,18.55,19.0,18.8,19.38,"5,54,783","1,07,49,640.05","2,135","3,04,520",54.89
JMFINANCIL,EQ,28-08-2013,18.8,18.5,19.3,18.05,18.9,18.9,18.7,"6,33,351","1,18,43,080.45","2,254","2,97,922",47.04
JMFINANCIL,EQ,29-08-2013,18.9,19.25,19.7,18.9,19.1,19.05,19.15,"3,39,977","65,10,463.35","1,460","1,98,390",58.35
JMFINANCIL,EQ,30-08-2013,19.05,19.15,19.5,18.85,19.2,19.1,19.19,"3,86,608","74,18,646.00","1,732","1,96,445",50.81
JMFINANCIL,EQ,02-09-2013,19.1,19.0,21.7,19.0,21.25,21.15,21.04,"18,12,925","3,81,42,103.05","6,181","5,96,591",32.91
JMFINANCIL,EQ,03-09-2013,21.15,21.35,22.1,19.9,21.15,20.7,20.86,"14,93,304","3,11,48,435.75","5,483","6,18,205",41.4
JMFINANCIL,EQ,04-09-2013,20.7,20.8,21.45,20.6,20.9,20.95,21.1,"4,87,529","1,02,88,535.90","2,283","2,24,069",45.96
JMFINANCIL,EQ,05-09-2013,20.95,21.8,23.75,21.75,23.1,23.4,22.68,"22,04,292","4,99,94,947.75","8,408","12,73,697",57.78
JMFINANCIL,EQ,06-09-2013,23.4,23.6,24.4,22.55,23.5,23.8,23.56,"19,09,521","4,49,83,829.50","7,893","6,35,397",33.28
JMFINANCIL,EQ,10-09-2013,23.8,24.0,24.7,23.1,23.65,23.6,23.96,"7,02,862","1,68,42,826.95","3,147","3,44,965",49.08
JMFINANCIL,EQ,11-09-2013,23.6,23.6,23.65,22.9,23.25,23.15,23.21,"5,17,088","1,20,02,701.65","2,226","2,86,032",55.32
JMFINANCIL,EQ,12-09-2013,23.15,23.3,25.0,22.9,22.9,23.05,23.98,"15,15,731","3,63,40,153.55","6,109","5,51,447",36.38
JMFINANCIL,EQ,13-09-2013,23.05,23.0,24.15,23.0,23.15,23.2,23.41,"6,56,334","1,53,64,851.60","2,629","2,58,466",39.38
JMFINANCIL,EQ,16-09-2013,23.2,23.5,23.85,22.6,23.45,23.25,23.3,"6,94,701","1,61,84,451.25","2,228","3,66,213",52.72
JMFINANCIL,EQ,17-09-2013,23.25,23.95,24.0,22.65,22.85,22.9,23.23,"7,07,083","1,64,27,503.45","2,832","3,04,362",43.04
JMFINANCIL,EQ,18-09-2013,22.9,23.2,23.3,22.6,22.65,22.7,22.91,"4,00,778","91,80,978.65","1,546","1,75,519",43.79
JMFINANCIL,EQ,19-09-2013,22.7,23.3,24.25,23.3,23.55,23.5,23.75,"13,02,071","3,09,18,589.85","4,238","5,73,091",44.01
JMFINANCIL,EQ,20-09-2013,23.5,23.55,24.4,22.3,24.1,23.95,23.42,"13,45,950","3,15,16,874.05","5,583","6,37,376",47.36
JMFINANCIL,EQ,23-09-2013,23.95,23.8,23.85,22.85,23.15,23.2,23.32,"9,21,618","2,14,95,029.95","4,642","3,59,336",38.99
JMFINANCIL,EQ,24-09-2013,23.2,23.3,23.75,22.75,22.95,22.95,23.15,"8,83,216","2,04,49,645.05","4,028","3,22,180",36.48
JMFINANCIL,EQ,25-09-2013,22.95,22.9,23.25,22.4,22.65,22.7,22.69,"5,64,106","1,27,98,276.70","1,739","3,19,393",56.62
JMFINANCIL,EQ,26-09-2013,22.7,22.75,22.95,22.5,22.65,22.65,22.71,"3,10,911","70,60,927.40","1,004","1,69,836",54.63
JMFINANCIL,EQ,27-09-2013,22.65,22.9,22.9,21.7,21.95,21.95,22.22,"4,39,301","97,63,040.15","1,317","2,43,720",55.48
JMFINANCIL,EQ,30-09-2013,21.95,21.8,21.9,20.75,20.9,20.95,21.16,"5,28,409","1,11,83,078.00","2,048","2,63,757",49.92
JMFINANCIL,EQ,01-10-2013,20.95,21.1,21.9,20.5,21.55,21.55,21.45,"4,32,672","92,81,430.25","2,281","1,85,617",42.9
JMFINANCIL,EQ,03-10-2013,21.55,21.55,22.5,21.5,21.5,21.75,21.91,"5,56,519","1,21,93,026.90","1,654","2,78,400",50.03
JMFINANCIL,EQ,04-10-2013,21.75,21.6,22.3,21.35,21.5,21.45,21.75,"5,12,133","1,11,37,994.30","2,181","2,06,381",40.3
JMFINANCIL,EQ,07-10-2013,21.45,21.6,23.6,21.4,23.25,23.25,23.04,"21,26,628","4,90,01,820.65","7,645","7,67,801",36.1
JMFINANCIL,EQ,08-10-2013,23.25,23.4,24.6,22.85,24.15,24.2,23.95,"24,52,197","5,87,34,009.25","13,055","9,64,625",39.34
JMFINANCIL,EQ,09-10-2013,24.2,23.75,25.85,23.55,25.75,25.3,24.87,"24,59,352","6,11,65,751.10","7,980","8,55,555",34.79
JMFINANCIL,EQ,10-10-2013,25.3,25.9,26.55,25.0,25.1,25.15,25.85,"26,19,378","6,77,06,690.60","8,753","10,88,282",41.55
JMFINANCIL,EQ,11-10-2013,25.15,25.6,26.15,25.1,25.1,25.2,25.57,"9,68,151","2,47,57,707.95","4,816","4,61,252",47.64
JMFINANCIL,EQ,14-10-2013,25.2,25.2,26.15,25.2,25.3,25.3,25.6,"8,57,506","2,19,49,322.15","3,751","3,02,245",35.25
JMFINANCIL,EQ,15-10-2013,25.3,25.5,25.65,24.5,24.55,24.55,24.92,"5,18,722","1,29,27,512.50","3,377","2,91,371",56.17
JMFINANCIL,EQ,17-10-2013,24.55,24.25,25.5,24.25,24.45,24.65,24.91,"6,45,032","1,60,68,080.85","4,272","2,82,973",43.87
JMFINANCIL,EQ,18-10-2013,24.65,24.4,25.15,24.4,24.75,24.75,24.94,"6,95,387","1,73,39,776.55","6,467","4,42,705",63.66
JMFINANCIL,EQ,21-10-2013,24.75,24.8,25.45,24.65,24.85,24.8,25.04,"5,54,030","1,38,73,312.60","1,685","2,86,733",51.75
JMFINANCIL,EQ,22-10-2013,24.8,24.9,26.25,24.75,25.55,25.6,25.75,"15,93,977","4,10,50,815.70","4,700","6,66,088",41.79
JMFINANCIL,EQ,23-10-2013,25.6,25.3,25.85,24.8,25.75,25.4,25.3,"9,75,339","2,46,77,852.65","2,238","4,66,064",47.78
JMFINANCIL,EQ,24-10-2013,25.4,26.95,27.7,26.25,27.4,27.4,27.06,"70,80,206","19,16,16,137.10","20,143","28,86,646",40.77
JMFINANCIL,EQ,25-10-2013,27.4,27.4,27.9,26.7,27.1,27.25,27.25,"26,48,581","7,21,63,340.30","6,667","10,99,402",41.51
JMFINANCIL,EQ,28-10-2013,27.25,27.25,27.45,25.8,25.95,25.95,26.5,"9,53,019","2,52,52,267.55","3,019","4,97,091",52.16
JMFINANCIL,EQ,29-10-2013,25.95,25.55,28.1,25.2,27.9,27.75,27.14,"28,68,101","7,78,53,233.00","8,519","12,70,933",44.31
JMFINANCIL,EQ,30-10-2013,27.75,28.05,28.4,26.45,26.85,26.85,27.62,"28,99,778","8,00,92,212.80","8,809","13,56,456",46.78
JMFINANCIL,EQ,31-10-2013,26.85,26.7,28.25,26.7,27.8,27.85,27.64,"13,83,003","3,82,24,369.00","9,009","6,25,513",45.23
JMFINANCIL,EQ,01-11-2013,27.85,27.9,28.8,27.5,28.45,28.45,28.33,"19,00,396","5,38,40,007.25","6,182","8,89,659",46.81
JMFINANCIL,EQ,03-11-2013,28.45,28.65,29.25,28.6,28.75,28.8,28.92,"9,58,866","2,77,30,348.95","2,705","6,15,541",64.19
JMFINANCIL,EQ,05-11-2013,28.8,28.8,29.3,27.9,28.75,28.85,28.7,"14,73,638","4,22,87,637.40","4,952","7,31,684",49.65
JMFINANCIL,EQ,06-11-2013,28.85,28.9,29.8,28.1,28.2,28.25,28.88,"12,00,049","3,46,55,494.75","4,681","5,99,600",49.96
JMFINANCIL,EQ,07-11-2013,28.25,28.5,28.85,27.8,27.9,28.0,28.19,"16,07,574","4,53,12,980.10","24,551","8,03,961",50.01
JMFINANCIL,EQ,08-11-2013,28.0,28.05,28.5,27.45,28.4,28.1,27.95,"7,30,098","2,04,09,050.35","2,230","3,08,936",42.31
JMFINANCIL,EQ,11-11-2013,28.1,29.0,29.5,28.55,28.65,28.75,28.98,"20,05,404","5,81,22,784.95","6,791","9,35,507",46.65
JMFINANCIL,EQ,12-11-2013,28.75,28.9,29.15,27.8,27.85,28.0,28.58,"6,50,138","1,85,84,102.75","2,381","2,80,342",43.12
JMFINANCIL,EQ,13-11-2013,28.0,28.0,28.15,27.5,27.8,27.7,27.83,"5,74,430","1,59,89,137.40","3,089","2,59,776",45.22
JMFINANCIL,EQ,14-11-2013,27.7,28.0,28.65,27.8,27.85,28.0,28.17,"7,42,344","2,09,15,101.55","2,355","2,98,680",40.23
JMFINANCIL,EQ,18-11-2013,28.0,28.5,28.7,28.0,28.15,28.25,28.3,"5,38,416","1,52,38,996.40","1,879","2,22,162",41.26
JMFINANCIL,EQ,19-11-2013,28.25,28.4,28.55,27.9,28.4,28.15,28.16,"5,11,951","1,44,14,182.95","1,512","2,29,437",44.82
JMFINANCIL,EQ,20-11-2013,28.15,28.4,28.95,27.8,28.0,27.95,28.38,"7,78,644","2,20,95,879.55","3,224","3,14,195",40.35
JMFINANCIL,EQ,21-11-2013,27.95,27.95,28.0,26.7,26.95,26.95,27.31,"5,56,289","1,51,90,788.25","2,607","2,59,669",46.68
JMFINANCIL,EQ,22-11-2013,26.95,26.95,28.4,26.95,28.3,27.8,27.5,"7,44,902","2,04,87,317.30","2,254","4,11,896",55.3
JMFINANCIL,EQ,25-11-2013,27.8,28.45,28.7,27.85,28.25,28.15,28.31,"12,35,201","3,49,66,049.10","4,505","4,82,387",39.05
JMFINANCIL,EQ,26-11-2013,28.15,28.25,28.7,27.9,27.95,27.95,28.17,"6,16,889","1,73,76,195.75","2,319","2,09,516",33.96
JMFINANCIL,EQ,27-11-2013,27.95,28.1,28.25,27.2,27.4,27.4,27.54,"4,84,514","1,33,41,453.30","2,074","2,72,101",56.16
JMFINANCIL,EQ,28-11-2013,27.4,27.6,27.9,27.1,27.6,27.35,27.57,"7,50,567","2,06,93,021.40","3,517","5,25,984",70.08
JMFINANCIL,EQ,29-11-2013,27.35,28.5,29.1,28.0,28.85,28.8,28.6,"21,24,116","6,07,43,555.35","6,380","10,68,778",50.32
JMFINANCIL,EQ,02-12-2013,28.8,30.2,31.8,30.0,30.8,30.95,31.13,"68,15,610","21,21,78,345.75","20,627","23,35,012",34.26
JMFINANCIL,EQ,03-12-2013,30.95,30.75,31.4,30.2,30.65,30.4,30.76,"16,41,271","5,04,93,578.20","5,792","7,14,267",43.52
JMFINANCIL,EQ,04-12-2013,30.4,30.35,30.6,29.65,29.9,29.85,30.18,"10,95,519","3,30,65,026.75","3,963","5,37,918",49.1
JMFINANCIL,EQ,05-12-2013,29.85,30.2,30.45,29.6,29.7,29.75,30.02,"9,61,078","2,88,54,333.40","2,864","4,52,915",47.13
JMFINANCIL,EQ,06-12-2013,29.75,29.8,30.1,29.15,30.0,29.8,29.56,"9,08,048","2,68,38,646.25","2,684","4,88,748",53.82
JMFINANCIL,EQ,09-12-2013,29.8,30.65,30.9,29.7,30.5,30.45,30.25,"14,97,700","4,53,07,863.85","4,753","6,38,902",42.66
JMFINANCIL,EQ,10-12-2013,30.45,30.95,31.55,30.4,30.45,30.55,31.02,"31,76,069","9,85,33,830.05","10,294","11,50,947",36.24
JMFINANCIL,EQ,11-12-2013,30.55,30.1,30.2,29.45,29.6,29.55,29.72,"9,04,237","2,68,74,252.65","2,824","3,95,235",43.71
JMFINANCIL,EQ,12-12-2013,29.55,29.0,29.35,28.75,28.75,28.85,29.04,"7,08,231","2,05,68,942.95","2,176","3,51,068",49.57
JMFINANCIL,EQ,13-12-2013,28.85,28.85,28.9,27.65,27.75,27.9,28.26,"7,20,090","2,03,51,789.15","2,685","4,08,444",56.72
JMFINANCIL,EQ,16-12-2013,27.9,28.0,29.0,27.5,28.8,28.75,28.29,"10,36,261","2,93,19,656.70","3,898","3,56,506",34.4
JMFINANCIL,EQ,17-12-2013,28.75,28.85,28.85,27.55,27.75,27.65,28.14,"8,29,911","2,33,56,355.85","3,164","4,42,764",53.35
JMFINANCIL,EQ,18-12-2013,27.65,27.45,28.4,27.45,28.4,28.25,28.15,"6,57,334","1,85,06,064.95","2,146","3,24,903",49.43
JMFINANCIL,EQ,19-12-2013,28.25,28.2,28.4,27.55,27.7,27.65,27.79,"5,94,247","1,65,11,507.80","1,794","3,83,685",64.57
JMFINANCIL,EQ,20-12-2013,27.65,27.5,31.0,27.5,30.6,30.6,29.74,"34,15,807","10,15,78,428.45","8,098","16,72,462",48.96
JMFINANCIL,EQ,23-12-2013,30.6,31.15,31.3,29.5,29.95,29.85,30.53,"26,99,636","8,24,21,776.10","9,262","11,36,292",42.09
JMFINANCIL,EQ,24-12-2013,29.85,29.75,31.0,29.6,30.5,30.4,30.41,"21,42,438","6,51,58,158.75","7,202","8,02,174",37.44
JMFINANCIL,EQ,26-12-2013,30.4,30.45,31.4,30.1,30.45,30.55,30.83,"14,39,626","4,43,79,741.35","5,150","6,32,619",43.94
JMFINANCIL,EQ,27-12-2013,30.55,30.75,30.75,29.65,29.8,29.8,30.11,"8,23,169","2,47,84,231.50","3,269","4,14,332",50.33
JMFINANCIL,EQ,30-12-2013,29.8,30.15,30.25,29.1,29.3,29.25,29.72,"6,57,727","1,95,45,189.45","2,539","2,72,738",41.47
JMFINANCIL,EQ,31-12-2013,29.25,29.5,29.7,28.8,29.0,29.1,29.24,"9,49,027","2,77,45,462.75","4,483","4,33,215",45.65
JMFINANCIL,EQ,01-01-2014,29.1,29.4,29.85,29.05,29.55,29.6,29.51,"10,55,020","3,11,37,763.50","6,717","4,37,294",41.45
JMFINANCIL,EQ,02-01-2014,29.6,29.55,30.6,27.9,28.25,28.25,29.46,"20,64,639","6,08,28,729.25","9,213","7,60,646",36.84
JMFINANCIL,EQ,03-01-2014,28.25,28.0,29.55,27.9,28.95,29.0,28.81,"15,80,402","4,55,31,767.75","8,781","6,90,616",43.7
JMFINANCIL,EQ,06-01-2014,29.0,29.0,30.3,28.9,29.8,29.75,29.65,"18,58,205","5,51,03,886.00","7,205","7,02,519",37.81
JMFINANCIL,EQ,07-01-2014,29.75,29.8,30.3,29.0,29.05,29.1,29.54,"13,96,124","4,12,37,385.30","8,184","6,79,684",48.68
JMFINANCIL,EQ,08-01-2014,29.1,29.15,29.75,28.8,29.15,29.15,29.29,"8,62,165","2,52,48,836.15","3,145","3,10,628",36.03
JMFINANCIL,EQ,09-01-2014,29.15,29.0,29.8,28.5,28.75,28.7,29.08,"11,05,020","3,21,36,699.60","4,525","2,71,196",24.54
JMFINANCIL,EQ,10-01-2014,28.7,28.8,29.7,28.45,28.95,28.75,29.0,"11,86,170","3,43,93,930.20","4,527","4,24,154",35.76
JMFINANCIL,EQ,13-01-2014,28.75,28.7,29.05,28.45,28.55,28.6,28.74,"7,07,363","2,03,28,813.05","4,876","4,19,981",59.37
JMFINANCIL,EQ,14-01-2014,28.6,28.45,29.45,28.4,28.9,28.8,28.88,"12,71,349","3,67,13,615.75","4,338","4,23,556",33.32
JMFINANCIL,EQ,15-01-2014,28.8,28.85,29.1,28.55,28.7,28.65,28.78,"6,30,199","1,81,36,176.75","2,764","2,34,761",37.25
JMFINANCIL,EQ,16-01-2014,28.65,28.55,28.95,28.25,28.45,28.4,28.6,"3,94,005","1,12,69,411.30","2,106","1,73,569",44.05
JMFINANCIL,EQ,17-01-2014,28.4,28.4,29.6,28.15,28.5,28.5,28.92,"17,36,978","5,02,31,893.70","6,936","4,18,555",24.1
JMFINANCIL,EQ,20-01-2014,28.5,28.55,29.0,28.4,28.95,28.8,28.77,"7,05,472","2,02,96,745.85","3,918","2,69,505",38.2
JMFINANCIL,EQ,21-01-2014,28.8,29.0,29.25,28.5,28.5,28.7,28.71,"4,71,551","1,35,39,130.85","2,100","1,47,888",31.36
JMFINANCIL,EQ,22-01-2014,28.7,28.45,28.8,28.05,28.05,28.15,28.34,"7,67,176","2,17,39,201.30","5,053","3,36,765",43.9
JMFINANCIL,EQ,23-01-2014,28.15,28.1,28.35,26.9,27.2,27.2,27.54,"11,32,038","3,11,81,827.55","6,050","5,73,464",50.66
JMFINANCIL,EQ,24-01-2014,27.2,27.0,27.8,26.05,26.1,26.1,26.62,"12,42,682","3,30,78,018.95","10,243","5,18,174",41.7
JMFINANCIL,EQ,27-01-2014,26.1,25.75,25.75,24.5,24.85,24.75,25.04,"8,00,341","2,00,37,666.30","3,124","3,75,567",46.93
JMFINANCIL,EQ,28-01-2014,24.75,25.0,25.65,24.55,24.85,24.85,25.01,"7,06,659","1,76,73,584.75","3,621","2,89,911",41.03
JMFINANCIL,EQ,29-01-2014,24.85,25.0,25.4,24.35,24.55,24.5,24.91,"7,15,090","1,78,10,834.55","3,011","4,13,788",57.87
JMFINANCIL,EQ,30-01-2014,24.5,23.95,24.1,23.3,23.85,23.75,23.64,"8,26,262","1,95,36,582.30","3,078","4,29,700",52.01
JMFINANCIL,EQ,31-01-2014,23.75,24.1,25.2,24.0,25.15,25.0,24.6,"6,35,789","1,56,39,872.40","2,917","2,75,868",43.39
JMFINANCIL,EQ,03-02-2014,25.0,24.95,25.1,23.75,23.85,23.9,24.37,"7,19,137","1,75,26,977.95","6,286","3,50,446",48.73
JMFINANCIL,EQ,04-02-2014,23.9,23.95,24.15,23.55,23.95,23.95,23.88,"7,63,434","1,82,29,216.10","5,886","3,78,047",49.52
JMFINANCIL,EQ,05-02-2014,23.95,23.95,25.6,23.5,25.35,25.4,24.58,"18,88,559","4,64,26,077.35","10,405","7,91,415",41.91
JMFINANCIL,EQ,06-02-2014,25.4,25.25,25.35,24.0,24.85,24.8,24.74,"8,81,864","2,18,14,055.45","3,339","3,85,600",43.73
JMFINANCIL,EQ,07-02-2014,24.8,24.85,27.95,24.3,27.95,27.5,26.74,"39,30,149","10,51,11,097.75","12,317","12,55,956",31.96
JMFINANCIL,EQ,10-02-2014,27.5,27.95,27.95,25.8,26.05,26.15,26.6,"18,42,783","4,90,18,792.65","7,324","6,02,350",32.69
JMFINANCIL,EQ,11-02-2014,26.15,26.4,26.75,25.55,25.9,25.95,26.03,"8,78,291","2,28,58,046.00","4,286","2,41,459",27.49
JMFINANCIL,EQ,12-02-2014,25.95,26.15,26.3,25.55,25.65,25.65,25.91,"4,97,273","1,28,86,630.85","2,472","2,04,062",41.04
JMFINANCIL,EQ,13-02-2014,25.65,25.95,25.95,24.9,25.0,25.0,25.28,"5,92,352","1,49,74,860.95","3,221","2,73,147",46.11
JMFINANCIL,EQ,14-02-2014,25.0,24.9,25.35,24.7,25.2,25.05,25.02,"3,74,318","93,66,026.40","2,444","1,68,616",45.05
JMFINANCIL,EQ,17-02-2014,25.05,25.15,26.75,24.65,26.3,26.25,25.99,"12,49,527","3,24,74,139.40","4,957","3,41,628",27.34
JMFINANCIL,EQ,18-02-2014,26.25,26.4,26.65,25.75,25.95,26.0,26.2,"10,06,816","2,63,74,560.85","4,242","2,61,429",25.97
JMFINANCIL,EQ,19-02-2014,26.0,25.8,26.3,25.6,26.0,26.05,26.03,"7,71,293","2,00,77,811.95","3,286","1,98,890",25.79
JMFINANCIL,EQ,20-02-2014,26.05,25.8,26.7,25.65,25.8,25.95,26.07,"6,70,436","1,74,80,699.30","3,116","1,79,724",26.81
JMFINANCIL,EQ,21-02-2014,25.95,26.0,26.35,25.85,26.0,26.05,26.06,"4,81,106","1,25,37,553.85","2,495","1,98,866",41.34
JMFINANCIL,EQ,24-02-2014,26.05,26.2,27.4,26.1,27.0,26.95,26.86,"20,41,654","5,48,44,221.25","7,244","7,22,974",35.41
JMFINANCIL,EQ,25-02-2014,26.95,28.0,28.05,26.75,26.85,27.05,27.62,"38,15,324","10,53,92,080.55","13,789","16,21,843",42.51
JMFINANCIL,EQ,26-02-2014,27.05,27.1,27.1,26.0,26.35,26.2,26.36,"9,36,136","2,46,77,311.75","4,318","4,66,005",49.78
JMFINANCIL,EQ,28-02-2014,26.2,26.4,26.5,25.2,25.35,25.35,25.59,"8,00,909","2,04,92,052.60","3,536","3,88,944",48.56
JMFINANCIL,EQ,03-03-2014,25.35,25.35,26.3,25.0,25.2,25.25,25.48,"12,28,417","3,13,02,305.85","5,824","5,44,828",44.35
JMFINANCIL,EQ,04-03-2014,25.25,25.6,25.65,24.9,25.0,25.0,25.2,"9,43,984","2,37,91,739.90","3,448","5,17,494",54.82
JMFINANCIL,EQ,05-03-2014,25.0,25.3,26.15,25.2,25.8,25.85,25.7,"13,83,991","3,55,68,158.10","5,429","5,89,775",42.61
JMFINANCIL,EQ,06-03-2014,25.85,25.85,27.2,25.55,26.75,26.7,26.38,"45,44,214","11,98,59,066.35","10,051","28,29,878",62.27
JMFINANCIL,EQ,07-03-2014,26.7,26.9,27.85,26.3,27.35,27.2,27.12,"20,04,347","5,43,63,374.15","7,000","9,57,852",47.79
JMFINANCIL,EQ,10-03-2014,27.2,27.25,28.1,26.75,27.55,27.55,27.62,"16,36,247","4,52,00,021.00","6,119","6,61,829",40.45
JMFINANCIL,EQ,11-03-2014,27.55,27.6,28.05,27.15,27.3,27.25,27.52,"8,58,867","2,36,34,102.30","3,671","3,35,221",39.03
JMFINANCIL,EQ,12-03-2014,27.25,27.4,27.75,26.55,26.85,26.8,27.09,"10,25,047","2,77,71,601.05","4,467","2,75,448",26.87
JMFINANCIL,EQ,13-03-2014,26.8,26.85,27.25,25.6,26.0,26.0,26.28,"15,72,004","4,13,06,545.90","4,880","8,68,476",55.25
JMFINANCIL,EQ,14-03-2014,26.0,26.3,26.4,25.45,25.6,25.8,25.93,"18,89,736","4,89,95,139.90","8,594","8,55,077",45.25
JMFINANCIL,EQ,18-03-2014,25.8,25.9,26.35,25.5,25.7,25.7,25.88,"6,16,512","1,59,55,179.10","3,070","2,66,252",43.19
JMFINANCIL,EQ,19-03-2014,25.7,25.85,26.0,25.45,25.5,25.55,25.58,"5,92,809","1,51,66,431.80","2,542","2,99,963",50.6
JMFINANCIL,EQ,20-03-2014,25.55,26.1,26.9,24.3,25.65,25.75,26.22,"19,84,129","5,20,14,016.55","9,662","9,54,229",48.09
JMFINANCIL,EQ,21-03-2014,25.75,26.0,26.0,25.4,25.9,25.75,25.66,"6,56,454","1,68,47,483.10","3,828","2,70,916",41.27
JMFINANCIL,EQ,22-03-2014,25.75,25.8,26.35,25.5,26.35,26.05,25.95,"1,36,047","35,29,972.10",397,"89,513",65.8
JMFINANCIL,EQ,24-03-2014,26.05,25.95,26.4,25.45,25.5,25.55,25.81,"4,82,127","1,24,45,201.25","2,265","2,63,930",54.74
JMFINANCIL,EQ,25-03-2014,25.55,25.6,25.75,25.0,25.05,25.15,25.28,"7,17,356","1,81,36,662.55","3,246","4,48,350",62.5
JMFINANCIL,EQ,26-03-2014,25.15,25.05,25.25,24.35,24.7,24.9,24.7,"15,92,422","3,93,26,983.50","5,192","8,26,338",51.89
JMFINANCIL,EQ,27-03-2014,24.9,24.75,25.7,24.7,25.35,25.35,25.39,"7,20,756","1,83,01,808.20","2,533","3,77,121",52.32
JMFINANCIL,EQ,28-03-2014,25.35,25.65,25.75,24.9,25.3,25.1,25.25,"12,62,107","3,18,63,757.55","3,123","8,11,596",64.3
JMFINANCIL,EQ,31-03-2014,25.1,25.35,25.7,24.85,25.0,25.0,25.22,"6,94,989","1,75,30,630.30","2,525","3,32,860",47.89
JMFINANCIL,EQ,01-04-2014,25.0,25.4,25.4,24.65,24.9,24.95,24.89,"9,19,793","2,28,90,699.50","2,534","5,35,534",58.22
JMFINANCIL,EQ,02-04-2014,24.95,25.6,28.8,25.5,28.75,28.1,27.31,"1,00,32,879","27,39,48,677.55","19,332","54,77,933",54.6
JMFINANCIL,EQ,03-04-2014,28.1,25.85,27.8,24.15,25.75,25.95,26.39,"62,57,504","16,51,63,748.25","16,309","27,52,234",43.98
JMFINANCIL,EQ,04-04-2014,25.95,25.65,27.25,25.6,26.8,26.8,26.61,"17,68,388","4,70,52,726.30","5,518","7,65,365",43.28
JMFINANCIL,EQ,07-04-2014,26.8,26.5,26.95,25.7,25.8,25.95,26.09,"10,13,746","2,64,52,100.65","3,703","5,07,851",50.1
JMFINANCIL,EQ,09-04-2014,25.95,26.3,26.4,25.2,25.85,25.85,25.89,"13,06,265","3,38,17,373.70","4,536","7,88,404",60.36
JMFINANCIL,EQ,10-04-2014,25.85,26.15,26.75,25.8,26.4,26.5,26.41,"18,33,164","4,84,14,152.35","5,685","9,87,835",53.89
JMFINANCIL,EQ,11-04-2014,26.5,26.35,26.6,25.9,26.0,26.05,26.22,"6,75,459","1,77,09,899.95","3,375","3,53,372",52.32
JMFINANCIL,EQ,15-04-2014,26.05,26.6,27.3,26.4,27.0,26.95,26.95,"15,68,528","4,22,71,662.20","4,397","10,33,290",65.88
JMFINANCIL,EQ,16-04-2014,26.95,27.2,27.8,26.2,26.6,26.5,27.06,"14,90,028","4,03,27,597.15","4,197","6,59,748",44.28
JMFINANCIL,EQ,17-04-2014,26.5,26.4,26.95,26.3,26.45,26.5,26.61,"6,73,355","1,79,19,307.90","1,981","4,07,537",60.52
JMFINANCIL,EQ,21-04-2014,26.5,26.55,26.75,26.1,26.15,26.2,26.38,"4,71,446","1,24,35,507.85","1,555","2,86,491",60.77
JMFINANCIL,EQ,22-04-2014,26.2,26.3,30.2,26.05,28.7,28.75,28.63,"1,59,10,408","45,54,58,072.00","29,516","40,50,315",25.46
JMFINANCIL,EQ,23-04-2014,28.75,28.7,29.65,27.65,28.0,27.9,28.56,"53,33,119","15,22,99,470.90","14,153","24,02,056",45.04
JMFINANCIL,EQ,25-04-2014,27.9,27.85,29.0,27.0,28.85,28.7,28.14,"25,96,554","7,30,70,133.35","8,449","12,04,250",46.38
JMFINANCIL,EQ,28-04-2014,28.7,28.7,29.25,28.0,29.1,29.0,28.75,"22,12,507","6,36,17,396.05","7,518","10,54,048",47.64
JMFINANCIL,EQ,29-04-2014,29.0,29.2,29.9,28.3,28.75,28.7,29.09,"27,07,971","7,87,63,596.90","7,684","12,48,896",46.12
JMFINANCIL,EQ,30-04-2014,28.7,29.0,29.45,26.95,28.1,27.85,28.22,"23,47,339","6,62,34,694.05","9,154","12,13,906",51.71
JMFINANCIL,EQ,02-05-2014,27.85,28.15,28.7,27.3,27.65,27.65,27.97,"10,22,469","2,85,99,848.30","4,315","5,40,871",52.9
JMFINANCIL,EQ,05-05-2014,27.65,27.75,29.0,27.5,28.45,28.6,28.43,"23,68,624","6,73,41,252.30","7,729","10,07,097",42.52
JMFINANCIL,EQ,06-05-2014,28.6,28.3,29.1,27.85,28.8,28.55,28.46,"16,44,510","4,68,07,011.10","5,932","7,28,257",44.28
JMFINANCIL,EQ,07-05-2014,28.55,28.2,28.3,27.3,27.55,27.5,27.66,"12,10,643","3,34,88,220.90","4,499","6,79,194",56.1
JMFINANCIL,EQ,08-05-2014,27.5,27.4,28.35,27.4,27.7,27.75,27.82,"8,95,651","2,49,17,021.70","3,995","3,95,991",44.21
JMFINANCIL,EQ,09-05-2014,27.75,27.6,28.3,27.55,27.95,28.05,27.94,"9,92,617","2,77,33,632.55","4,001","4,77,207",48.08
JMFINANCIL,EQ,12-05-2014,28.05,27.9,28.6,27.5,27.55,27.6,27.95,"9,38,110","2,62,19,704.90","3,679","5,41,057",57.68
JMFINANCIL,EQ,13-05-2014,27.6,27.8,28.7,27.8,28.4,28.4,28.27,"20,18,382","5,70,68,905.10","6,063","11,29,100",55.94
JMFINANCIL,EQ,14-05-2014,28.4,28.6,29.5,28.3,29.1,29.1,28.97,"21,97,644","6,36,55,192.10","6,455","11,32,202",51.52
JMFINANCIL,EQ,15-05-2014,29.1,28.7,30.2,28.35,28.95,29.1,29.37,"26,66,760","7,83,18,971.25","7,427","10,35,906",38.85
JMFINANCIL,EQ,16-05-2014,29.1,29.1,30.5,29.05,29.4,29.45,29.87,"32,99,584","9,85,72,301.40","8,226","19,52,271",59.17
JMFINANCIL,EQ,19-05-2014,29.45,29.75,33.25,29.5,32.35,32.75,31.71,"52,46,604","16,63,72,870.70","11,465","27,01,028",51.48
JMFINANCIL,EQ,20-05-2014,32.75,32.9,34.4,31.8,33.75,33.9,33.33,"40,06,932","13,35,38,880.95","10,050","21,50,726",53.68
JMFINANCIL,EQ,21-05-2014,33.9,34.0,35.15,32.5,33.35,33.5,34.1,"28,73,606","9,80,00,135.00","7,127","14,82,350",51.59
JMFINANCIL,EQ,22-05-2014,33.5,33.95,36.5,33.75,36.4,35.95,35.1,"38,41,135","13,48,16,983.85","10,801","23,48,525",61.14
JMFINANCIL,EQ,23-05-2014,35.95,36.2,37.5,35.7,37.25,37.1,36.81,"25,99,170","9,56,70,389.70","7,735","16,02,787",61.67
JMFINANCIL,EQ,26-05-2014,37.1,37.8,38.0,31.85,34.55,34.8,36.22,"29,72,517","10,76,72,249.25","9,114","17,55,084",59.04
JMFINANCIL,EQ,27-05-2014,34.8,34.55,35.0,32.6,33.65,33.6,33.71,"9,16,660","3,09,03,093.90","2,454","4,98,256",54.36
JMFINANCIL,EQ,28-05-2014,33.6,33.6,34.3,32.2,32.45,32.5,32.99,"15,99,194","5,27,56,538.55","5,294","10,21,835",63.9
JMFINANCIL,EQ,29-05-2014,32.5,32.3,33.9,32.3,32.95,32.8,33.18,"19,45,218","6,45,50,416.75","7,808","9,24,296",47.52
JMFINANCIL,EQ,30-05-2014,32.8,33.15,34.35,32.75,33.3,33.1,33.49,"9,59,803","3,21,43,211.75","2,952","2,48,682",25.91
JMFINANCIL,EQ,02-06-2014,33.1,33.45,34.7,33.3,34.4,34.5,34.11,"8,61,627","2,93,87,631.75","2,454","4,28,239",49.7
JMFINANCIL,EQ,03-06-2014,34.5,34.4,36.9,33.85,35.9,35.75,35.67,"19,54,998","6,97,32,840.50","6,120","9,50,577",48.62
JMFINANCIL,EQ,04-06-2014,35.75,36.2,37.5,34.0,37.2,36.95,36.39,"15,34,808","5,58,50,812.10","5,394","8,63,805",56.28
JMFINANCIL,EQ,05-06-2014,36.95,37.15,41.25,36.3,40.4,40.4,39.73,"56,53,149","22,45,95,032.50","16,882","24,47,086",43.29
JMFINANCIL,EQ,06-06-2014,40.4,40.8,41.9,39.5,41.75,41.5,41.1,"28,37,634","11,66,38,910.50","13,476","14,96,725",52.75
JMFINANCIL,EQ,09-06-2014,41.5,42.2,43.55,38.65,43.2,43.0,41.45,"34,43,953","14,27,43,091.70","10,129","14,57,487",42.32
JMFINANCIL,EQ,10-06-2014,43.0,44.3,44.65,41.0,43.0,42.9,43.0,"34,52,323","14,84,50,417.30","13,151","14,30,944",41.45
JMFINANCIL,EQ,11-06-2014,42.9,43.2,43.5,39.1,39.7,40.15,41.57,"17,17,753","7,14,05,930.65","6,095","8,85,276",51.54
JMFINANCIL,EQ,12-06-2014,40.15,40.1,46.15,38.6,44.6,44.45,43.83,"64,40,031","28,22,91,511.10","21,861","19,76,421",30.69
JMFINANCIL,EQ,13-06-2014,44.45,45.2,46.4,40.4,40.75,40.7,43.94,"43,36,309","19,05,30,511.05","16,996","15,30,783",35.3
JMFINANCIL,EQ,16-06-2014,40.7,40.4,42.65,39.35,42.15,41.9,41.18,"16,11,248","6,63,53,343.90","6,121","4,73,272",29.37
JMFINANCIL,EQ,17-06-2014,41.9,42.45,43.7,41.65,43.25,43.2,42.8,"14,46,250","6,18,96,347.55","5,404","5,81,335",40.2
JMFINANCIL,EQ,18-06-2014,43.2,43.45,43.6,40.5,41.5,41.05,41.77,"13,34,853","5,57,51,787.70","5,810","6,66,491",49.93
JMFINANCIL,EQ,19-06-2014,41.05,41.4,41.9,40.1,40.4,40.4,40.93,"9,41,083","3,85,14,069.85","3,447","4,68,297",49.76
JMFINANCIL,EQ,20-06-2014,40.4,40.5,41.85,39.4,39.95,39.75,40.58,"10,97,053","4,45,14,901.60","4,334","5,04,822",46.02
JMFINANCIL,EQ,23-06-2014,39.75,40.05,40.3,38.15,38.45,38.45,38.9,"13,91,642","5,41,41,413.65","6,086","7,25,073",52.1
JMFINANCIL,EQ,24-06-2014,38.45,38.2,41.15,38.2,40.4,40.35,40.08,"14,55,630","5,83,38,915.45","7,066","6,12,333",42.07
JMFINANCIL,EQ,25-06-2014,40.35,40.35,42.8,39.5,42.25,42.4,41.58,"34,81,558","14,47,66,281.30","10,742","8,80,956",25.3
JMFINANCIL,EQ,26-06-2014,42.4,42.45,42.5,40.5,40.8,40.8,41.26,"12,65,358","5,22,14,244.35","4,976","5,99,977",47.42
JMFINANCIL,EQ,27-06-2014,40.8,40.85,42.35,40.0,41.15,41.65,41.28,"15,79,439","6,52,01,042.85","5,287","4,65,168",29.45
JMFINANCIL,EQ,30-06-2014,41.65,41.2,42.15,40.7,41.3,41.15,41.4,"18,10,222","7,49,41,143.00","6,339","9,75,976",53.91
JMFINANCIL,EQ,01-07-2014,41.15,41.95,42.25,40.5,40.65,40.75,41.55,"21,46,041","8,91,63,644.50","8,402","12,32,743",57.44
JMFINANCIL,EQ,02-07-2014,40.75,41.05,41.2,40.1,40.45,40.3,40.56,"14,47,929","5,87,28,777.60","6,202","8,34,716",57.65
JMFINANCIL,EQ,03-07-2014,40.3,40.45,41.0,39.5,40.05,39.7,40.15,"11,43,476","4,59,10,863.45","3,722","6,13,838",53.68
JMFINANCIL,EQ,04-07-2014,39.7,40.0,41.7,39.9,41.2,41.15,41.08,"19,31,564","7,93,56,631.75","5,704","8,44,215",43.71
JMFINANCIL,EQ,07-07-2014,41.15,41.25,41.9,40.5,40.75,40.7,41.05,"8,11,542","3,33,14,196.55","2,422","4,91,319",60.54
JMFINANCIL,EQ,08-07-2014,40.7,41.0,41.0,37.5,37.75,37.85,39.04,"9,68,068","3,77,92,402.95","4,088","5,95,915",61.56
JMFINANCIL,EQ,09-07-2014,37.85,37.55,39.35,36.6,36.95,36.85,38.05,"12,69,849","4,83,15,556.90","6,000","6,16,374",48.54
JMFINANCIL,EQ,10-07-2014,36.85,36.5,38.5,36.3,37.15,37.45,37.48,"12,83,979","4,81,19,751.10","4,158","4,78,282",37.25
JMFINANCIL,EQ,11-07-2014,37.45,37.5,38.2,34.0,35.15,34.75,35.79,"12,02,697","4,30,38,563.45","5,819","5,98,090",49.73
JMFINANCIL,EQ,14-07-2014,34.75,34.4,36.7,34.4,36.5,36.45,35.91,"9,48,144","3,40,52,233.30","5,274","5,77,680",60.93
JMFINANCIL,EQ,15-07-2014,36.45,36.9,37.7,36.35,37.5,37.5,37.07,"7,20,281","2,67,01,240.00","3,560","3,86,482",53.66
JMFINANCIL,EQ,16-07-2014,37.5,37.85,40.35,37.6,39.8,39.75,39.18,"22,06,564","8,64,59,372.55","7,930","7,73,042",35.03
JMFINANCIL,EQ,17-07-2014,39.75,40.1,40.8,39.1,40.0,40.05,39.95,"18,13,747","7,24,58,571.45","5,666","9,74,837",53.75
JMFINANCIL,EQ,18-07-2014,40.05,39.8,40.75,39.05,39.1,39.35,39.82,"14,02,977","5,58,70,478.00","4,968","6,33,709",45.17
JMFINANCIL,EQ,21-07-2014,39.35,39.85,41.2,39.65,40.75,40.7,40.75,"11,81,823","4,81,59,920.20","3,495","7,19,865",60.91
JMFINANCIL,EQ,22-07-2014,40.7,41.25,42.8,40.6,42.25,42.5,41.9,"26,83,445","11,24,44,779.65","9,547","12,19,920",45.46
JMFINANCIL,EQ,23-07-2014,42.5,41.7,41.7,40.25,41.05,40.85,40.92,"13,15,968","5,38,46,389.85","4,384","6,21,370",47.22
JMFINANCIL,EQ,24-07-2014,40.85,41.6,42.65,41.15,42.05,42.0,41.99,"23,53,125","9,88,04,192.55","11,977","9,08,624",38.61
JMFINANCIL,EQ,25-07-2014,42.0,42.1,42.45,40.8,41.9,41.45,41.26,"10,73,397","4,42,93,191.95","3,738","5,57,178",51.91
JMFINANCIL,EQ,28-07-2014,41.45,41.15,42.2,40.15,40.6,40.65,41.04,"5,60,306","2,29,94,660.40","5,628","3,14,497",56.13
JMFINANCIL,EQ,30-07-2014,40.65,41.0,41.2,39.55,40.6,40.45,40.28,"4,73,027","1,90,54,740.50","1,948","2,13,789",45.2
JMFINANCIL,EQ,31-07-2014,40.45,40.75,41.45,40.45,40.8,40.7,40.93,"6,45,731","2,64,30,998.70","4,714","3,41,205",52.84
JMFINANCIL,EQ,01-08-2014,40.7,39.75,40.55,39.25,39.85,39.65,39.86,"9,70,122","3,86,65,207.50","5,488","5,42,318",55.9
JMFINANCIL,EQ,04-08-2014,39.65,39.95,40.75,35.4,39.35,39.65,39.67,"5,99,242","2,37,73,190.90","3,234","3,04,743",50.85
JMFINANCIL,EQ,05-08-2014,39.65,39.55,41.9,39.55,40.9,40.95,40.86,"12,20,228","4,98,63,702.90","4,629","5,40,742",44.31
JMFINANCIL,EQ,06-08-2014,40.95,40.6,40.9,39.1,39.2,39.25,39.93,"5,57,519","2,22,61,379.50","2,572","2,99,246",53.67
JMFINANCIL,EQ,07-08-2014,39.25,39.3,39.55,38.15,38.3,38.25,38.77,"5,80,499","2,25,04,154.30","2,011","3,09,657",53.34
JMFINANCIL,EQ,08-08-2014,38.25,37.5,37.6,36.7,37.0,36.95,37.1,"5,62,175","2,08,55,103.30","4,040","3,27,268",58.21
JMFINANCIL,EQ,11-08-2014,36.95,37.5,38.25,37.25,38.1,37.8,37.89,"3,41,011","1,29,20,823.70","2,198","2,27,164",66.61
JMFINANCIL,EQ,12-08-2014,37.8,38.5,40.0,38.2,39.8,39.65,39.09,"7,09,396","2,77,28,339.45","3,487","4,67,640",65.92
JMFINANCIL,EQ,13-08-2014,39.65,40.3,41.9,39.95,40.5,40.5,40.68,"21,86,781","8,89,67,401.55","14,483","11,02,991",50.44
JMFINANCIL,EQ,14-08-2014,40.5,40.1,40.8,38.75,40.0,39.95,39.6,"11,04,254","4,37,22,985.70","6,444","6,88,142",62.32
JMFINANCIL,EQ,18-08-2014,39.95,39.9,42.4,39.9,42.2,42.0,41.63,"13,87,781","5,77,73,432.30","8,650","8,33,963",60.09
JMFINANCIL,EQ,19-08-2014,42.0,43.5,44.2,43.0,43.35,43.45,43.46,"29,03,389","12,61,73,222.65","13,109","10,65,391",36.69
JMFINANCIL,EQ,20-08-2014,43.45,43.7,43.75,42.1,42.2,42.4,42.59,"7,52,418","3,20,41,835.75","4,753","3,74,515",49.77
JMFINANCIL,EQ,21-08-2014,42.4,42.65,43.7,41.3,43.0,42.5,42.7,"8,66,266","3,69,93,279.65","5,342","4,37,466",50.5
JMFINANCIL,EQ,22-08-2014,42.5,42.7,43.0,41.85,42.0,42.1,42.23,"6,40,925","2,70,64,192.10","2,655","4,16,872",65.04
JMFINANCIL,EQ,25-08-2014,42.1,41.8,43.8,40.9,42.75,42.85,42.46,"13,32,501","5,65,77,140.05","8,165","5,56,509",41.76
JMFINANCIL,EQ,26-08-2014,42.85,42.1,44.85,42.1,43.4,43.6,43.78,"18,97,175","8,30,56,740.55","11,913","7,14,308",37.65
JMFINANCIL,EQ,27-08-2014,43.6,44.15,45.2,43.65,44.1,44.1,44.44,"13,36,847","5,94,07,302.05","6,501","5,62,638",42.09
JMFINANCIL,EQ,28-08-2014,44.1,44.3,44.3,43.1,43.85,43.85,43.59,"4,58,491","1,99,84,970.25","2,689","2,10,246",45.86
JMFINANCIL,EQ,01-09-2014,43.85,44.0,44.3,43.0,43.5,43.45,43.59,"3,47,390","1,51,43,823.05","1,679","1,76,935",50.93
JMFINANCIL,EQ,02-09-2014,43.45,43.45,44.35,43.0,43.3,43.35,43.62,"4,72,860","2,06,24,968.75","2,334","1,86,092",39.35
JMFINANCIL,EQ,03-09-2014,43.35,43.35,44.2,42.7,42.9,42.95,43.31,"6,15,136","2,66,38,653.65","3,000","3,24,197",52.7
JMFINANCIL,EQ,04-09-2014,42.95,42.5,42.9,41.05,41.45,41.4,41.65,"4,61,006","1,91,99,942.20","1,822","2,33,984",50.76
JMFINANCIL,EQ,05-09-2014,41.4,41.4,42.15,41.0,41.4,41.45,41.64,"3,04,733","1,26,89,872.40","1,849","1,65,150",54.19
JMFINANCIL,EQ,08-09-2014,41.45,41.55,42.1,41.05,41.9,41.95,41.76,"3,44,122","1,43,69,726.75","2,089","2,19,841",63.88
JMFINANCIL,EQ,09-09-2014,41.95,42.0,43.15,41.5,43.15,42.75,42.41,"4,99,623","2,11,90,018.85","2,339","2,41,060",48.25
JMFINANCIL,EQ,10-09-2014,42.75,43.1,43.75,42.15,42.15,42.35,42.89,"5,84,073","2,50,49,848.80","3,487","2,37,912",40.73
JMFINANCIL,EQ,11-09-2014,42.35,42.2,43.4,41.9,42.1,42.1,42.62,"5,03,964","2,14,78,279.10","2,226","1,93,827",38.46
JMFINANCIL,EQ,12-09-2014,42.1,42.2,43.15,41.8,41.9,42.05,42.33,"4,72,397","1,99,98,779.05","1,876","2,31,961",49.1
JMFINANCIL,EQ,15-09-2014,42.05,41.8,41.9,39.8,40.75,40.6,40.65,"10,67,738","4,34,06,595.80","3,662","6,28,246",58.84
JMFINANCIL,EQ,16-09-2014,40.6,40.5,41.7,39.0,39.4,39.15,40.36,"5,55,304","2,24,12,648.00","2,463","2,99,711",53.97
JMFINANCIL,EQ,17-09-2014,39.15,39.75,40.1,38.15,38.5,38.5,38.78,"4,29,530","1,66,56,612.85","1,705","2,43,692",56.73
JMFINANCIL,EQ,18-09-2014,38.5,38.3,40.45,38.3,39.85,39.85,39.81,"4,30,521","1,71,39,037.65","1,948","2,09,125",48.57
JMFINANCIL,EQ,19-09-2014,39.85,40.0,40.65,39.5,39.8,39.85,39.95,"3,35,544","1,34,06,618.85","1,888","1,76,772",52.68
JMFINANCIL,EQ,22-09-2014,39.85,39.8,40.2,39.55,39.6,39.75,39.81,"1,93,506","77,03,772.25","1,031","1,07,732",55.67
JMFINANCIL,EQ,23-09-2014,39.75,40.1,40.25,37.7,37.8,37.8,38.58,"4,37,983","1,68,95,578.05","1,927","2,73,294",62.4
JMFINANCIL,EQ,24-09-2014,37.8,37.6,38.3,37.1,37.75,37.8,37.69,"4,05,619","1,52,87,252.55","1,937","2,26,949",55.95
JMFINANCIL,EQ,25-09-2014,37.8,37.4,38.2,35.75,36.4,35.95,36.78,"3,26,609","1,20,12,602.35","1,429","2,22,849",68.23
JMFINANCIL,EQ,26-09-2014,35.95,36.0,37.1,35.05,35.6,35.55,35.7,"6,11,428","2,18,28,762.90","3,533","3,56,535",58.31
JMFINANCIL,EQ,29-09-2014,35.55,35.65,38.5,35.65,38.4,37.9,37.48,"4,64,065","1,73,94,941.55","2,144","2,92,141",62.95
JMFINANCIL,EQ,30-09-2014,37.9,38.0,39.45,37.35,39.05,39.1,38.92,"3,97,698","1,54,78,240.30","2,107","2,41,217",60.65
JMFINANCIL,EQ,01-10-2014,39.1,39.15,39.35,38.25,38.45,38.45,38.67,"3,44,076","1,33,05,996.65","3,164","2,11,064",61.34
JMFINANCIL,EQ,07-10-2014,38.45,38.5,39.0,37.7,37.95,37.85,38.39,"2,03,672","78,17,958.90",922,"1,31,073",64.35
JMFINANCIL,EQ,08-10-2014,37.85,37.5,39.5,37.5,39.5,39.25,38.89,"5,06,514","1,96,98,648.30","3,258","3,68,488",72.75
JMFINANCIL,EQ,09-10-2014,39.25,39.8,40.4,39.1,40.35,40.2,39.98,"4,58,297","1,83,22,796.90","4,755","2,45,684",53.61
JMFINANCIL,EQ,10-10-2014,40.2,39.5,39.85,38.75,39.35,39.2,39.24,"3,65,101","1,43,26,766.05","3,422","2,10,612",57.69
JMFINANCIL,EQ,13-10-2014,39.2,39.3,40.95,39.05,40.85,40.25,39.9,"2,20,982","88,17,698.55","1,563","1,48,828",67.35
JMFINANCIL,EQ,14-10-2014,40.25,40.55,41.9,40.0,40.7,40.3,40.55,"3,95,233","1,60,26,271.90","3,032","2,67,840",67.77
JMFINANCIL,EQ,16-10-2014,40.3,40.3,40.45,39.2,39.5,39.45,40.08,"5,13,531","2,05,83,582.95","2,243","4,17,204",81.24
JMFINANCIL,EQ,17-10-2014,39.45,39.4,39.95,39.0,39.75,39.65,39.49,"1,96,122","77,44,965.00","1,258","1,22,068",62.24
JMFINANCIL,EQ,20-10-2014,39.65,40.25,40.25,39.2,39.6,39.6,39.68,"1,62,330","64,41,094.15",637,"1,06,790",65.79
JMFINANCIL,EQ,21-10-2014,39.6,40.0,41.15,39.65,40.75,40.55,40.42,"4,67,051","1,88,76,641.95","2,618","2,41,654",51.74
JMFINANCIL,EQ,22-10-2014,40.55,41.0,41.5,40.5,41.45,41.2,41.06,"4,38,115","1,79,90,197.75","1,963","2,13,489",48.73
JMFINANCIL,EQ,23-10-2014,41.2,41.45,41.6,40.8,41.05,40.95,41.08,"1,36,100","55,90,543.05",453,"95,482",70.16
JMFINANCIL,EQ,27-10-2014,40.95,41.1,43.3,41.1,43.05,42.85,42.46,"9,44,077","4,00,85,545.50","4,140","5,69,789",60.35
JMFINANCIL,EQ,28-10-2014,42.85,43.4,45.2,43.0,45.0,44.75,44.19,"18,62,491","8,23,10,681.70","6,451","10,98,410",58.98
JMFINANCIL,EQ,29-10-2014,44.75,45.0,46.0,44.1,45.7,45.75,45.39,"16,69,114","7,57,58,522.85","7,890","7,93,843",47.56
JMFINANCIL,EQ,30-10-2014,45.75,45.75,45.8,44.4,45.25,45.2,44.97,"8,81,085","3,96,21,170.00","4,464","5,19,093",58.92
JMFINANCIL,EQ,31-10-2014,45.2,45.7,47.9,45.1,47.35,47.4,46.95,"31,79,936","14,93,08,928.15","10,346","15,97,066",50.22
JMFINANCIL,EQ,03-11-2014,47.4,47.55,49.7,47.2,49.55,49.4,48.76,"32,80,475","15,99,53,359.65","9,862","14,98,535",45.68
JMFINANCIL,EQ,05-11-2014,49.4,51.2,52.0,46.35,46.9,46.9,49.14,"36,36,566","17,87,04,742.80","12,489","18,14,319",49.89
JMFINANCIL,EQ,07-11-2014,46.9,47.85,47.85,44.65,45.0,45.0,45.66,"13,33,980","6,09,15,957.05","5,281","6,86,038",51.43
JMFINANCIL,EQ,10-11-2014,45.0,45.2,46.35,45.0,45.45,45.3,45.47,"6,10,542","2,77,63,170.35","2,600","2,86,496",46.92
JMFINANCIL,EQ,11-11-2014,45.3,45.4,46.3,45.1,45.35,45.5,45.58,"6,36,023","2,89,91,910.65","3,358","2,97,121",46.72
JMFINANCIL,EQ,12-11-2014,45.5,45.5,47.2,45.0,45.8,45.55,45.99,"12,25,803","5,63,77,275.40","5,250","4,98,719",40.69
JMFINANCIL,EQ,13-11-2014,45.55,45.85,45.85,43.25,43.9,43.7,44.53,"5,59,813","2,49,28,794.60","3,038","2,74,966",49.12
JMFINANCIL,EQ,14-11-2014,43.7,43.8,45.8,43.5,45.55,45.35,45.09,"9,43,640","4,25,49,735.60","4,128","5,55,423",58.86
JMFINANCIL,EQ,17-11-2014,45.35,45.1,47.35,45.0,47.0,46.85,46.68,"10,29,190","4,80,43,106.70","4,260","6,68,073",64.91
JMFINANCIL,EQ,18-11-2014,46.85,47.15,48.3,47.0,47.7,47.4,47.54,"9,09,482","4,32,33,278.85","3,664","4,35,672",47.9
JMFINANCIL,EQ,19-11-2014,47.4,47.55,47.85,45.95,46.35,46.25,46.78,"6,34,710","2,96,89,860.20","2,792","4,19,332",66.07
JMFINANCIL,EQ,20-11-2014,46.25,46.6,46.85,43.65,44.75,45.0,45.34,"6,15,104","2,78,88,800.35","2,773","3,59,407",58.43
JMFINANCIL,EQ,21-11-2014,45.0,46.55,47.5,45.15,45.35,45.45,46.51,"17,02,236","7,91,66,252.40","6,699","6,57,009",38.6
JMFINANCIL,EQ,24-11-2014,45.45,45.95,47.0,45.45,46.9,46.7,46.47,"8,46,769","3,93,50,694.45","3,871","6,03,446",71.26
JMFINANCIL,EQ,25-11-2014,46.7,46.9,47.85,44.7,47.15,47.3,46.94,"24,79,672","11,63,89,141.00","9,702","17,10,716",68.99
JMFINANCIL,EQ,26-11-2014,47.3,47.6,51.85,46.5,51.15,51.0,50.15,"35,97,923","18,04,19,701.40","15,082","15,32,571",42.6
JMFINANCIL,EQ,27-11-2014,51.0,51.6,52.8,49.75,51.35,51.25,51.66,"20,69,004","10,68,76,307.25","10,070","6,85,582",33.14
JMFINANCIL,EQ,28-11-2014,51.25,51.65,51.95,50.15,50.5,50.4,51.12,"8,37,591","4,28,13,747.40","4,588","5,24,611",62.63
JMFINANCIL,EQ,01-12-2014,50.4,50.5,50.7,48.1,48.75,48.65,48.99,"6,69,454","3,27,93,636.95","2,896","3,44,853",51.51
JMFINANCIL,EQ,02-12-2014,48.65,48.25,50.75,48.25,50.6,50.35,49.64,"5,84,067","2,89,95,253.95","2,468","2,70,423",46.3
JMFINANCIL,EQ,03-12-2014,50.35,50.5,51.5,49.5,49.75,49.8,50.43,"5,64,865","2,84,85,023.75","3,127","3,02,930",53.63
JMFINANCIL,EQ,04-12-2014,49.8,50.35,50.5,49.0,49.0,49.25,49.55,"3,06,418","1,51,82,557.35","1,737","1,46,368",47.77
JMFINANCIL,EQ,05-12-2014,49.25,49.15,49.9,47.85,47.85,48.15,48.72,"4,48,719","2,18,59,877.90","1,824","2,92,257",65.13
JMFINANCIL,EQ,08-12-2014,48.15,47.7,48.45,46.6,47.6,47.35,47.65,"3,76,760","1,79,53,651.65","2,112","2,27,867",60.48
JMFINANCIL,EQ,09-12-2014,47.35,47.0,52.4,47.0,48.55,49.05,50.79,"29,53,780","15,00,10,947.40","13,013","7,53,466",25.51
JMFINANCIL,EQ,10-12-2014,49.05,48.85,50.85,48.85,49.6,49.6,49.87,"7,62,759","3,80,38,524.95","3,793","3,29,079",43.14
JMFINANCIL,EQ,11-12-2014,49.6,49.25,53.35,48.5,51.7,51.8,51.43,"19,66,584","10,11,49,508.55","7,835","9,03,021",45.92
JMFINANCIL,EQ,12-12-2014,51.8,52.25,53.75,49.0,49.7,49.9,51.46,"15,62,115","8,03,84,570.25","6,473","6,72,964",43.08
JMFINANCIL,EQ,15-12-2014,49.9,49.8,50.8,48.4,49.25,48.7,49.39,"5,47,624","2,70,46,009.15","2,558","2,89,976",52.95
JMFINANCIL,EQ,16-12-2014,48.7,48.7,49.9,46.2,46.8,46.55,47.92,"7,03,857","3,37,26,321.70","2,922","3,61,399",51.35
JMFINANCIL,EQ,17-12-2014,46.55,46.15,47.6,44.9,45.6,45.9,46.28,"6,94,697","3,21,53,340.05","3,853","2,87,652",41.41
JMFINANCIL,EQ,18-12-2014,45.9,46.6,48.4,46.6,48.0,48.05,47.65,"6,50,968","3,10,21,015.10","3,151","3,65,080",56.08
JMFINANCIL,EQ,19-12-2014,48.05,48.8,49.0,44.65,45.05,45.05,46.46,"9,80,145","4,55,37,590.70","3,749","6,47,706",66.08
JMFINANCIL,EQ,22-12-2014,45.05,45.55,46.6,45.05,46.05,46.15,45.99,"5,93,272","2,72,85,117.50","3,264","2,54,087",42.83
JMFINANCIL,EQ,23-12-2014,46.15,46.6,46.95,45.6,45.95,45.85,46.19,"5,25,844","2,42,91,255.85","2,956","1,69,367",32.21
JMFINANCIL,EQ,24-12-2014,45.85,46.15,46.9,45.35,45.7,45.7,46.05,"3,92,437","1,80,72,662.65","2,592","1,73,792",44.29
JMFINANCIL,EQ,26-12-2014,45.7,45.75,46.6,45.45,45.65,45.7,45.91,"2,95,097","1,35,46,831.15","1,303","1,30,542",44.24
JMFINANCIL,EQ,29-12-2014,45.7,46.0,46.5,45.6,45.8,45.75,45.95,"3,39,040","1,55,77,852.70","1,458","1,79,726",53.01
JMFINANCIL,EQ,30-12-2014,45.75,45.95,46.7,45.7,45.85,46.0,46.15,"4,62,654","2,13,52,770.40","2,255","2,09,875",45.36
JMFINANCIL,EQ,31-12-2014,46.0,45.85,47.75,45.85,47.25,47.25,46.86,"7,32,371","3,43,22,213.85","3,021","3,19,371",43.61
JMFINANCIL,EQ,01-01-2015,47.25,47.1,49.95,46.95,48.9,48.8,48.95,"9,80,850","4,80,15,327.50","4,379","4,85,374",49.49
JMFINANCIL,EQ,02-01-2015,48.8,49.1,49.6,48.25,48.85,48.6,48.84,"5,08,264","2,48,22,490.10","2,113","2,30,129",45.28
JMFINANCIL,EQ,05-01-2015,48.6,48.9,49.3,47.6,47.8,47.85,48.28,"3,14,895","1,52,04,286.55","1,414","1,62,122",51.48
JMFINANCIL,EQ,06-01-2015,47.85,47.65,47.65,45.35,45.7,45.5,46.24,"6,26,649","2,89,78,924.90","2,707","3,21,433",51.29
JMFINANCIL,EQ,07-01-2015,45.5,45.5,46.2,44.7,45.6,45.5,45.43,"4,43,296","2,01,39,258.90","1,674","1,84,161",41.54
JMFINANCIL,EQ,08-01-2015,45.5,45.85,47.6,45.85,46.95,47.05,46.7,"4,21,201","1,96,69,331.15","2,040","2,45,795",58.36
JMFINANCIL,EQ,09-01-2015,47.05,47.65,48.1,46.0,46.7,46.7,47.02,"5,34,276","2,51,19,953.30","2,257","1,98,819",37.21
JMFINANCIL,EQ,12-01-2015,46.7,46.9,47.6,46.35,47.25,47.2,47.03,"3,99,283","1,87,76,417.65","1,775","1,57,478",39.44
JMFINANCIL,EQ,13-01-2015,47.2,47.3,47.85,46.7,46.85,46.9,47.18,"2,95,240","1,39,28,631.55","1,178","1,20,303",40.75
JMFINANCIL,EQ,14-01-2015,46.9,47.15,47.5,46.1,47.05,47.0,46.95,"3,96,720","1,86,25,427.00","1,339","1,49,602",37.71
JMFINANCIL,EQ,15-01-2015,47.0,48.25,48.55,46.2,47.1,47.05,47.53,"9,21,341","4,37,95,262.30","3,436","3,38,452",36.73
JMFINANCIL,EQ,16-01-2015,47.05,47.3,49.2,46.3,48.25,48.15,48.19,"8,76,839","4,22,58,596.20","3,441","2,92,556",33.36
JMFINANCIL,EQ,19-01-2015,48.15,48.35,53.0,47.75,52.4,52.35,51.55,"30,52,596","15,73,48,732.70","10,629","14,12,776",46.28
JMFINANCIL,EQ,20-01-2015,52.35,53.05,53.95,51.65,51.95,52.2,52.91,"14,20,268","7,51,50,291.80","7,182","5,46,888",38.51
JMFINANCIL,EQ,21-01-2015,52.2,52.45,52.6,49.75,51.3,50.8,50.84,"7,50,938","3,81,78,958.75","3,272","3,64,621",48.56
JMFINANCIL,EQ,22-01-2015,50.8,51.25,52.25,50.05,51.2,51.2,51.1,"5,73,200","2,92,91,190.80","2,546","2,40,800",42.01
JMFINANCIL,EQ,23-01-2015,51.2,51.7,52.0,49.85,50.5,50.4,50.72,"4,56,988","2,31,77,364.70","2,171","2,33,971",51.2
JMFINANCIL,EQ,27-01-2015,50.4,50.5,54.3,50.1,53.8,53.75,53.19,"31,82,913","16,92,96,873.75","12,543","12,55,307",39.44
JMFINANCIL,EQ,28-01-2015,53.75,54.0,56.0,54.0,54.0,54.5,54.91,"33,16,291","18,20,90,781.25","12,934","13,30,025",40.11
JMFINANCIL,EQ,29-01-2015,54.5,56.7,58.45,54.95,55.55,55.5,56.81,"49,34,546","28,03,22,954.65","17,223","19,44,823",39.41
JMFINANCIL,EQ,30-01-2015,55.5,55.95,56.4,51.8,52.1,52.45,53.88,"14,89,462","8,02,51,746.90","6,130","7,34,244",49.3
JMFINANCIL,EQ,02-02-2015,52.45,52.4,55.45,51.5,54.8,54.5,54.03,"15,88,171","8,58,11,269.35","7,337","7,61,458",47.95
JMFINANCIL,EQ,03-02-2015,54.5,54.9,57.35,53.25,56.85,56.8,55.81,"19,25,426","10,74,54,338.25","6,612","7,78,375",40.43
JMFINANCIL,EQ,04-02-2015,56.8,57.1,58.9,56.55,57.0,57.0,57.72,"22,80,011","13,16,01,486.65","9,301","7,87,898",34.56
JMFINANCIL,EQ,05-02-2015,57.0,56.9,57.5,54.0,54.15,54.45,55.71,"6,47,166","3,60,52,517.60","3,343","3,44,840",53.28
JMFINANCIL,EQ,06-02-2015,54.45,54.5,54.65,52.75,53.7,53.8,53.8,"5,46,638","2,94,09,468.25","2,615","3,02,965",55.42
JMFINANCIL,EQ,09-02-2015,53.8,53.3,54.4,51.8,53.0,52.45,53.09,"4,31,722","2,29,20,859.85","2,800","2,00,585",46.46
JMFINANCIL,EQ,10-02-2015,52.45,52.95,54.4,52.0,53.1,53.1,53.33,"4,18,894","2,23,40,633.15","2,126","1,88,819",45.08
JMFINANCIL,EQ,11-02-2015,53.1,53.3,54.5,53.3,54.1,53.95,53.83,"3,02,722","1,62,95,707.45","1,497","1,42,993",47.24
JMFINANCIL,EQ,12-02-2015,53.95,54.0,56.9,53.6,56.5,56.35,55.52,"8,67,057","4,81,37,150.70","3,589","4,42,709",51.06
JMFINANCIL,EQ,13-02-2015,56.35,57.15,57.85,55.35,55.7,55.7,56.69,"7,65,561","4,33,98,603.30","3,256","3,12,688",40.84
JMFINANCIL,EQ,16-02-2015,55.7,56.0,56.45,54.3,54.9,54.65,55.28,"4,42,212","2,44,47,052.85","1,755","2,51,070",56.78
JMFINANCIL,EQ,18-02-2015,54.65,54.75,55.65,54.25,55.0,55.15,55.01,"4,57,962","2,51,93,678.20","2,072","2,05,933",44.97
JMFINANCIL,EQ,19-02-2015,55.15,55.45,55.65,53.3,53.85,53.95,54.19,"4,92,949","2,67,10,464.10","2,055","2,40,856",48.86
JMFINANCIL,EQ,20-02-2015,53.95,54.2,54.8,53.25,53.4,53.65,53.96,"3,88,999","2,09,90,140.00","1,679","1,48,959",38.29
JMFINANCIL,EQ,23-02-2015,53.65,54.0,54.2,52.6,52.8,52.75,53.39,"3,81,305","2,03,58,548.00","1,564","1,94,909",51.12
JMFINANCIL,EQ,24-02-2015,52.75,52.8,53.2,51.2,51.75,51.7,51.99,"5,12,588","2,66,48,572.80","2,406","2,55,620",49.87
JMFINANCIL,EQ,25-02-2015,51.7,52.15,52.8,51.15,51.15,51.4,51.94,"4,37,358","2,27,15,708.95","1,860","1,58,121",36.15
JMFINANCIL,EQ,26-02-2015,51.4,51.4,52.5,50.7,52.4,51.95,51.42,"2,92,730","1,50,50,835.20","1,600","1,35,789",46.39
JMFINANCIL,EQ,27-02-2015,51.95,52.15,54.25,52.15,53.8,53.95,53.48,"4,39,053","2,34,81,990.65","2,870","2,27,591",51.84
JMFINANCIL,EQ,28-02-2015,53.95,54.55,54.75,52.0,52.35,52.5,53.12,"5,43,816","2,88,89,248.35","2,388","2,09,838",38.59
JMFINANCIL,EQ,02-03-2015,52.5,53.1,53.25,51.7,52.3,52.2,52.24,"3,75,634","1,96,23,813.90","1,631","1,65,175",43.97
JMFINANCIL,EQ,03-03-2015,52.2,52.3,54.5,52.1,53.8,53.75,53.54,"5,78,285","3,09,62,341.65","3,368","1,82,930",31.63
JMFINANCIL,EQ,04-03-2015,53.75,54.6,54.75,52.1,52.45,52.35,53.06,"4,19,965","2,22,83,147.60","2,445","2,02,327",48.18
JMFINANCIL,EQ,05-03-2015,52.35,52.55,53.0,51.5,52.05,52.1,52.23,"3,64,512","1,90,40,149.85","1,719","1,42,371",39.06
JMFINANCIL,EQ,09-03-2015,52.1,51.8,51.8,50.7,50.7,50.9,51.21,"2,35,647","1,20,67,765.00",973,"1,32,455",56.21
JMFINANCIL,EQ,10-03-2015,50.9,51.0,51.25,48.8,49.2,49.3,50.03,"4,48,872","2,24,57,245.80","1,945","2,83,461",63.15
JMFINANCIL,EQ,11-03-2015,49.3,49.55,51.8,49.0,51.5,51.25,50.58,"7,46,158","3,77,43,116.20","4,607","3,89,735",52.23
JMFINANCIL,EQ,12-03-2015,51.25,51.7,54.0,50.8,52.2,52.25,52.29,"5,65,747","2,95,80,990.00","3,916","2,13,231",37.69
JMFINANCIL,EQ,13-03-2015,52.25,52.35,52.85,50.1,50.2,50.3,51.0,"3,87,627","1,97,67,764.55","2,036","1,92,267",49.6
JMFINANCIL,EQ,16-03-2015,50.3,50.5,50.5,47.55,49.3,49.3,49.3,"2,70,902","1,33,54,153.15","2,085","1,17,593",43.41
JMFINANCIL,EQ,17-03-2015,49.3,49.05,50.3,48.7,48.7,49.3,49.54,"3,81,591","1,89,03,127.85","2,040","1,47,570",38.67
JMFINANCIL,EQ,18-03-2015,49.3,49.35,50.3,49.0,49.4,49.45,49.49,"3,31,392","1,64,00,567.65","1,974","1,13,065",34.12
JMFINANCIL,EQ,19-03-2015,49.45,49.8,51.65,49.1,49.4,49.45,50.36,"4,39,385","2,21,26,231.60","2,456","2,11,568",48.15
JMFINANCIL,EQ,20-03-2015,49.45,49.5,49.5,45.2,46.0,45.85,47.24,"6,09,651","2,88,02,824.95","3,405","3,39,110",55.62
JMFINANCIL,EQ,23-03-2015,45.85,46.1,46.85,45.25,46.25,45.9,45.91,"5,45,687","2,50,50,395.55","2,314","3,61,688",66.28
JMFINANCIL,EQ,24-03-2015,45.9,46.25,46.65,44.25,45.0,44.8,45.26,"6,64,419","3,00,69,114.50","2,607","4,90,973",73.9
JMFINANCIL,EQ,25-03-2015,44.8,45.15,46.2,44.05,44.2,44.45,44.93,"6,15,048","2,76,36,553.35","2,276","4,55,308",74.03
JMFINANCIL,EQ,26-03-2015,44.45,44.25,45.2,43.75,44.45,44.75,44.61,"2,56,066","1,14,23,963.05","1,244","1,76,232",68.82
JMFINANCIL,EQ,27-03-2015,44.75,45.2,46.2,44.0,45.95,46.0,45.25,"4,29,007","1,94,14,549.05","5,152","2,41,697",56.34
JMFINANCIL,EQ,30-03-2015,46.0,46.4,48.6,46.35,48.45,48.1,47.66,"3,05,146","1,45,43,774.55","1,357","1,59,653",52.32
JMFINANCIL,EQ,31-03-2015,48.1,48.5,49.5,47.55,47.7,47.7,48.3,"3,43,349","1,65,83,768.85","2,503","1,59,668",46.5
JMFINANCIL,EQ,01-04-2015,47.7,47.85,49.25,47.55,48.65,48.8,48.49,"2,66,899","1,29,40,871.65","1,716","83,637",31.34
JMFINANCIL,EQ,06-04-2015,48.8,49.3,49.7,48.55,49.35,49.05,49.0,"2,21,523","1,08,55,535.70",955,"1,19,050",53.74
JMFINANCIL,EQ,07-04-2015,49.05,49.2,49.7,48.1,49.5,49.1,48.96,"2,22,311","1,08,85,403.75","1,124","1,16,480",52.4
JMFINANCIL,EQ,08-04-2015,49.1,49.35,52.5,49.1,52.45,52.0,51.03,"7,89,229","4,02,72,655.40","3,948","4,71,027",59.68
JMFINANCIL,EQ,09-04-2015,52.0,52.45,52.75,50.8,51.1,51.35,51.55,"4,35,545","2,24,52,729.55","1,615","2,16,521",49.71
JMFINANCIL,EQ,10-04-2015,51.35,51.35,51.9,50.65,51.5,51.7,51.38,"2,26,679","1,16,46,701.00","1,164","89,224",39.36
JMFINANCIL,EQ,13-04-2015,51.7,52.0,54.9,51.4,54.7,54.65,54.06,"15,77,614","8,52,83,727.65","5,326","6,75,426",42.81
JMFINANCIL,EQ,15-04-2015,54.65,55.0,55.4,52.75,52.75,53.35,54.51,"15,05,788","8,20,84,448.05","7,269","6,84,499",45.46
JMFINANCIL,EQ,16-04-2015,53.35,53.7,53.75,51.2,51.8,51.7,52.16,"3,25,196","1,69,63,421.60","1,864","1,74,131",53.55
JMFINANCIL,EQ,17-04-2015,51.7,52.0,52.6,49.75,50.25,50.1,51.21,"4,07,478","2,08,68,615.35","1,973","1,63,181",40.05
JMFINANCIL,EQ,20-04-2015,50.1,50.5,51.1,48.5,49.3,48.95,49.8,"3,35,735","1,67,20,262.55","1,591","1,72,999",51.53
JMFINANCIL,EQ,21-04-2015,48.95,49.65,49.65,48.35,48.7,48.7,48.9,"2,51,196","1,22,84,294.55","1,698","1,12,170",44.65
JMFINANCIL,EQ,22-04-2015,48.7,48.9,49.4,47.25,47.9,47.9,48.06,"3,59,246","1,72,64,471.10","1,764","1,58,033",43.99
JMFINANCIL,EQ,23-04-2015,47.9,48.3,48.7,47.3,48.0,47.85,48.0,"4,67,932","2,24,62,166.85","1,361","1,87,153",40.0
JMFINANCIL,EQ,24-04-2015,47.85,47.85,48.2,45.55,46.0,46.1,46.92,"2,72,451","1,27,82,579.15","2,208","1,48,786",54.61
JMFINANCIL,EQ,27-04-2015,46.1,46.75,47.0,44.0,45.0,44.7,45.15,"3,62,288","1,63,58,480.70","1,507","2,06,644",57.04
JMFINANCIL,EQ,28-04-2015,44.7,44.4,53.6,43.95,47.1,47.2,47.5,"5,19,637","2,46,82,600.35","2,287","1,63,780",31.52
JMFINANCIL,EQ,29-04-2015,47.2,46.7,48.7,46.35,47.35,47.15,47.44,"2,58,650","1,22,70,944.60","1,416","1,07,051",41.39
JMFINANCIL,EQ,30-04-2015,47.15,47.0,47.65,46.0,46.95,46.9,46.76,"3,08,640","1,44,30,472.65","1,270","1,17,225",37.98
JMFINANCIL,EQ,04-05-2015,46.9,47.0,48.55,47.0,47.85,47.95,47.96,"1,90,655","91,43,474.15","1,080","1,01,648",53.32
JMFINANCIL,EQ,05-05-2015,47.95,48.75,48.75,47.0,47.0,47.2,47.52,"3,81,500","1,81,28,995.85","1,109","2,19,503",57.54
JMFINANCIL,EQ,06-05-2015,47.2,47.25,47.3,45.0,45.3,45.2,45.52,"3,11,704","1,41,88,810.60","2,097","1,77,940",57.09
JMFINANCIL,EQ,07-05-2015,45.2,45.2,45.25,44.15,44.35,44.4,44.61,"4,32,977","1,93,13,716.70","2,376","2,31,579",53.49
JMFINANCIL,EQ,08-05-2015,44.4,45.35,45.5,44.4,44.4,44.7,44.96,"3,26,235","1,46,67,758.10","1,863","1,59,966",49.03
JMFINANCIL,EQ,11-05-2015,44.7,44.85,46.4,44.7,45.5,45.55,45.78,"4,16,733","1,90,76,398.35","2,271","2,84,663",68.31
JMFINANCIL,EQ,12-05-2015,45.55,45.75,45.85,42.9,43.6,43.75,43.82,"5,40,074","2,36,66,126.65","3,413","3,30,164",61.13
JMFINANCIL,EQ,13-05-2015,43.75,44.05,44.7,42.5,43.8,43.65,43.63,"5,03,805","2,19,79,567.50","3,524","2,38,435",47.33
JMFINANCIL,EQ,14-05-2015,43.65,43.85,44.4,42.9,43.85,44.05,43.7,"8,09,408","3,53,69,217.25","2,816","4,56,058",56.34
JMFINANCIL,EQ,15-05-2015,44.05,44.2,45.0,44.05,44.2,44.25,44.58,"4,08,555","1,82,11,533.85","2,389","2,44,644",59.88
JMFINANCIL,EQ,18-05-2015,44.25,44.7,44.85,43.75,43.95,44.05,44.15,"3,79,764","1,67,67,474.15","2,770","2,47,389",65.14
JMFINANCIL,EQ,19-05-2015,44.05,44.1,44.75,43.6,43.75,43.85,44.12,"5,56,743","2,45,64,486.55","2,842","3,55,124",63.79
JMFINANCIL,EQ,20-05-2015,43.85,44.5,44.7,43.75,43.95,44.0,44.18,"5,13,415","2,26,82,354.15","1,691","3,07,737",59.94
JMFINANCIL,EQ,21-05-2015,44.0,44.5,44.65,43.0,44.4,44.45,44.11,"7,38,853","3,25,90,665.80","3,047","3,03,256",41.04
JMFINANCIL,EQ,22-05-2015,44.45,44.5,47.5,44.35,46.95,46.75,46.43,"9,94,496","4,61,73,815.55","3,846","5,21,484",52.44
JMFINANCIL,EQ,25-05-2015,46.75,47.0,47.5,46.1,47.0,46.85,46.73,"6,04,940","2,82,68,963.80","1,736","2,81,378",46.51
JMFINANCIL,EQ,26-05-2015,46.85,47.0,48.4,46.7,48.35,48.1,47.76,"4,07,161","1,94,45,169.30","1,899","1,86,740",45.86
JMFINANCIL,EQ,27-05-2015,48.1,48.0,49.9,47.4,49.75,49.75,49.14,"5,96,866","2,93,30,424.65","2,564","3,15,320",52.83
JMFINANCIL,EQ,28-05-2015,49.75,50.0,50.9,48.65,49.0,49.1,49.53,"5,70,552","2,82,60,606.30","2,161","2,73,399",47.92
JMFINANCIL,EQ,29-05-2015,49.1,48.5,49.9,47.35,49.05,49.45,48.94,"7,82,654","3,82,99,924.35","3,329","3,95,493",50.53
JMFINANCIL,EQ,01-06-2015,49.45,50.1,50.1,46.1,46.5,46.55,47.88,"9,30,980","4,45,78,099.50","7,123","4,32,191",46.42
JMFINANCIL,EQ,02-06-2015,46.55,46.85,47.15,45.2,45.3,45.55,46.24,"4,16,530","1,92,58,857.90","2,628","2,16,615",52.0
JMFINANCIL,EQ,03-06-2015,45.55,45.65,45.65,42.3,44.6,44.5,43.97,"8,39,992","3,69,36,547.35","4,390","4,15,952",49.52
JMFINANCIL,EQ,04-06-2015,44.5,44.85,46.0,43.1,46.0,45.75,44.71,"4,51,172","2,01,69,776.80","2,657","2,30,946",51.19
JMFINANCIL,EQ,05-06-2015,45.75,45.65,47.95,45.45,47.15,47.1,46.85,"3,19,870","1,49,86,635.15","1,887","1,67,915",52.49
JMFINANCIL,EQ,08-06-2015,47.1,46.6,47.45,46.3,46.4,46.75,46.91,"2,90,670","1,36,34,592.95","2,191","1,63,791",56.35
JMFINANCIL,EQ,09-06-2015,46.75,46.75,47.1,45.7,46.05,46.35,46.27,"2,89,287","1,33,83,936.20","1,246","1,54,903",53.55
JMFINANCIL,EQ,10-06-2015,46.35,46.6,47.15,45.65,46.05,46.0,46.41,"3,97,490","1,84,47,551.25","2,105","2,64,713",66.6
JMFINANCIL,EQ,11-06-2015,46.0,46.4,46.45,44.5,44.75,44.9,45.32,"3,05,300","1,38,35,331.90","1,698","1,24,214",40.69
JMFINANCIL,EQ,12-06-2015,44.9,44.95,45.7,43.75,45.0,44.75,44.85,"5,59,742","2,51,03,144.10","1,719","2,64,000",47.16
JMFINANCIL,EQ,15-06-2015,44.75,45.15,45.75,44.75,45.7,45.5,45.21,"2,12,541","96,08,152.25","1,627","1,22,568",57.67
JMFINANCIL,EQ,16-06-2015,45.5,45.5,45.65,44.8,45.15,45.3,45.35,"1,61,396","73,19,088.90","1,053","87,313",54.1
JMFINANCIL,EQ,17-06-2015,45.3,45.7,46.3,45.4,45.5,45.9,45.85,"1,27,190","58,32,101.50",736,"71,752",56.41
JMFINANCIL,EQ,18-06-2015,45.9,46.4,46.9,45.9,46.2,46.4,46.52,"3,22,760","1,50,14,042.75","1,092","1,72,383",53.41
JMFINANCIL,EQ,19-06-2015,46.4,46.45,46.85,46.1,46.15,46.35,46.49,"1,55,493","72,29,507.20",766,"78,763",50.65
JMFINANCIL,EQ,22-06-2015,46.35,46.05,46.85,45.95,46.6,46.65,46.49,"2,09,296","97,30,394.20",913,"98,852",47.23
JMFINANCIL,EQ,23-06-2015,46.65,46.65,46.85,45.5,45.65,45.65,46.13,"4,19,849","1,93,69,099.15","1,433","2,29,947",54.77
JMFINANCIL,EQ,24-06-2015,45.65,45.85,45.9,43.65,43.9,44.0,44.77,"3,38,094","1,51,36,140.55","2,753","2,34,096",69.24
JMFINANCIL,EQ,25-06-2015,44.0,43.95,44.35,43.45,44.25,44.05,43.91,"1,89,990","83,42,788.55","1,153","78,271",41.2
JMFINANCIL,EQ,26-06-2015,44.05,44.05,44.8,44.0,44.25,44.35,44.4,"2,07,104","91,96,248.00",947,"88,585",42.77
JMFINANCIL,EQ,29-06-2015,44.35,43.5,43.5,41.8,43.0,43.1,42.81,"3,01,223","1,28,94,491.90","1,621","1,81,386",60.22
JMFINANCIL,EQ,30-06-2015,43.1,43.2,44.5,43.15,43.7,43.7,43.59,"3,06,327","1,33,52,888.50","1,508","1,30,169",42.49
JMFINANCIL,EQ,01-07-2015,43.7,44.0,44.9,43.95,44.3,44.3,44.41,"2,52,476","1,12,12,421.25","1,858","1,11,630",44.21
JMFINANCIL,EQ,02-07-2015,44.3,44.4,45.75,44.35,44.6,44.7,44.9,"4,41,878","1,98,39,785.00","1,420","2,24,755",50.86
JMFINANCIL,EQ,03-07-2015,44.7,44.75,45.2,44.1,44.7,44.4,44.65,"1,54,086","68,79,504.65",765,"74,517",48.36
JMFINANCIL,EQ,06-07-2015,44.4,44.3,46.8,43.7,46.2,46.4,45.7,"4,76,601","2,17,79,634.25","3,686","2,23,570",46.91
JMFINANCIL,EQ,07-07-2015,46.4,46.9,47.1,44.7,44.95,45.0,45.9,"4,41,639","2,02,71,240.20","3,029","2,76,374",62.58
JMFINANCIL,EQ,08-07-2015,45.0,44.5,45.1,43.55,44.35,44.25,44.32,"3,47,722","1,54,10,277.55","2,595","2,06,060",59.26
JMFINANCIL,EQ,09-07-2015,44.25,44.6,45.05,44.05,44.25,44.2,44.59,"1,75,611","78,30,148.05",973,"95,158",54.19
JMFINANCIL,EQ,10-07-2015,44.2,44.8,45.05,43.9,44.0,44.15,44.34,"1,67,963","74,47,703.60",844,"98,044",58.37
JMFINANCIL,EQ,13-07-2015,44.15,44.65,45.0,43.85,45.0,44.65,44.41,"4,93,495","2,19,14,128.55","1,384","2,37,556",48.14
JMFINANCIL,EQ,14-07-2015,44.65,45.2,47.7,45.0,45.25,45.35,46.12,"8,84,942","4,08,13,047.30","3,889","4,56,294",51.56
JMFINANCIL,EQ,15-07-2015,45.35,45.95,48.55,45.35,46.9,47.0,47.28,"13,79,890","6,52,44,619.05","6,284","7,04,344",51.04
JMFINANCIL,EQ,16-07-2015,47.0,47.2,47.75,46.6,47.05,46.95,47.07,"5,39,871","2,54,09,812.65","2,402","2,90,881",53.88
JMFINANCIL,EQ,17-07-2015,46.95,46.95,47.8,46.65,47.5,47.45,47.34,"4,50,020","2,13,02,435.80","1,914","2,33,343",51.85
JMFINANCIL,EQ,20-07-2015,47.45,47.7,48.8,47.35,48.35,48.35,48.14,"6,16,768","2,96,93,514.45","2,671","3,38,208",54.84
JMFINANCIL,EQ,21-07-2015,48.35,48.4,48.45,46.05,46.4,46.25,47.32,"5,44,817","2,57,83,150.80","3,323","3,55,613",65.27
JMFINANCIL,EQ,22-07-2015,46.25,46.5,48.8,45.8,48.6,48.45,47.44,"6,62,723","3,14,39,543.25","2,656","3,44,836",52.03
JMFINANCIL,EQ,23-07-2015,48.45,48.9,49.7,48.45,49.15,49.45,49.13,"5,18,851","2,54,91,444.10","3,021","2,38,662",46.0
JMFINANCIL,EQ,24-07-2015,49.45,49.45,49.65,48.0,48.45,48.25,48.71,"3,49,142","1,70,05,854.85","2,745","2,28,004",65.3
JMFINANCIL,EQ,27-07-2015,48.25,48.25,48.25,46.5,47.0,46.9,46.98,"3,86,917","1,81,77,854.20","2,819","2,36,777",61.2
JMFINANCIL,EQ,28-07-2015,46.9,46.9,47.35,45.35,45.85,45.95,46.21,"4,67,952","2,16,24,730.20","3,923","3,09,083",66.05
JMFINANCIL,EQ,29-07-2015,45.95,46.2,50.45,46.1,50.25,50.05,49.04,"14,67,251","7,19,48,360.35","7,166","6,45,863",44.02
JMFINANCIL,EQ,30-07-2015,50.05,49.65,51.8,49.1,49.5,49.75,50.42,"14,25,072","7,18,52,123.00","7,286","6,04,884",42.45
JMFINANCIL,EQ,31-07-2015,49.75,51.75,53.9,51.1,52.1,51.75,52.0,"23,60,078","12,27,33,950.75","11,410","9,36,829",39.69
JMFINANCIL,EQ,03-08-2015,51.75,52.15,53.3,50.8,51.9,51.75,52.07,"8,02,886","4,18,03,048.20","6,335","4,96,373",61.82
JMFINANCIL,EQ,04-08-2015,51.75,52.25,53.1,50.25,52.55,52.5,51.94,"8,68,723","4,51,20,519.15","7,929","4,81,050",55.37
JMFINANCIL,EQ,05-08-2015,52.5,53.0,53.95,52.05,52.8,52.65,53.09,"6,32,222","3,35,65,048.00","3,709","3,68,207",58.24
JMFINANCIL,EQ,06-08-2015,52.65,53.1,53.8,51.9,52.65,52.8,52.84,"6,25,617","3,30,57,613.80","3,562","3,27,360",52.33
JMFINANCIL,EQ,07-08-2015,52.8,53.25,53.35,51.1,51.8,51.55,52.34,"3,90,533","2,04,39,685.50","3,526","2,48,723",63.69
JMFINANCIL,EQ,10-08-2015,51.55,51.95,52.2,50.35,51.1,51.0,51.4,"3,45,197","1,77,42,874.30","3,285","2,45,037",70.98
JMFINANCIL,EQ,11-08-2015,51.0,51.65,51.95,50.0,50.3,50.25,50.88,"6,20,249","3,15,58,934.75","4,083","3,92,968",63.36
JMFINANCIL,EQ,12-08-2015,50.25,50.15,50.3,48.1,48.5,48.55,49.17,"3,25,240","1,59,92,245.40","2,189","2,15,264",66.19
JMFINANCIL,EQ,13-08-2015,48.55,49.35,55.8,48.5,49.85,49.2,50.57,"8,40,359","4,24,95,196.65","7,142","3,59,141",42.74
JMFINANCIL,EQ,14-08-2015,49.2,50.4,51.8,48.9,50.9,50.6,50.06,"3,14,834","1,57,61,299.70","2,720","1,52,297",48.37
JMFINANCIL,EQ,17-08-2015,50.6,51.1,54.2,49.5,52.5,52.4,52.47,"13,58,907","7,13,00,677.25","7,719","4,63,980",34.14
JMFINANCIL,EQ,18-08-2015,52.4,52.9,52.9,51.55,52.65,52.55,52.4,"4,21,109","2,20,65,473.60","4,056","2,20,671",52.4
JMFINANCIL,EQ,19-08-2015,52.55,52.8,53.5,52.15,52.6,52.4,52.77,"2,49,349","1,31,57,926.05","2,246","1,37,682",55.22
JMFINANCIL,EQ,20-08-2015,52.4,52.8,52.8,49.05,49.8,49.45,50.67,"4,62,460","2,34,31,120.10","3,762","3,03,652",65.66
JMFINANCIL,EQ,21-08-2015,49.45,48.0,48.9,46.7,48.35,48.4,47.94,"4,08,064","1,95,60,963.45","3,098","2,51,988",61.75
JMFINANCIL,EQ,24-08-2015,48.4,45.4,46.7,42.25,43.4,42.7,44.84,"6,24,221","2,79,89,720.60","6,072","4,25,360",68.14
JMFINANCIL,EQ,25-08-2015,42.7,44.4,45.35,41.5,44.1,43.45,43.0,"6,37,812","2,74,28,473.95","5,495","3,56,637",55.92
JMFINANCIL,EQ,26-08-2015,43.45,43.9,46.3,43.45,45.4,45.45,45.24,"4,59,670","2,07,97,471.10","3,382","2,28,215",49.65
JMFINANCIL,EQ,27-08-2015,45.45,46.0,47.1,45.6,46.2,46.25,46.25,"2,38,699","1,10,40,612.30","1,663","1,30,703",54.76
JMFINANCIL,EQ,28-08-2015,46.25,47.0,47.45,46.05,46.9,46.8,46.92,"2,38,328","1,11,82,024.35","1,852","1,18,965",49.92
JMFINANCIL,EQ,31-08-2015,46.8,47.6,47.6,45.55,46.0,45.95,46.07,"2,60,421","1,19,97,894.85","2,474","1,69,842",65.22
JMFINANCIL,EQ,01-09-2015,45.95,46.3,46.35,44.1,44.8,44.7,44.81,"3,29,001","1,47,42,915.10","3,121","2,35,261",71.51
JMFINANCIL,EQ,02-09-2015,44.7,44.8,47.95,44.6,45.1,44.9,45.45,"3,98,723","1,81,21,631.65","5,406","1,98,807",49.86
JMFINANCIL,EQ,03-09-2015,44.9,45.8,46.0,45.05,45.6,45.55,45.46,"1,74,405","79,28,844.90","2,412","89,968",51.59
JMFINANCIL,EQ,04-09-2015,45.55,45.1,45.55,43.65,44.85,44.4,44.36,"1,60,054","70,99,750.65","1,869","93,821",58.62
JMFINANCIL,EQ,07-09-2015,44.4,44.3,44.4,43.0,43.6,43.55,43.57,"2,22,606","97,00,006.05","1,177","1,13,155",50.83
JMFINANCIL,EQ,08-09-2015,43.55,43.45,43.9,42.5,43.5,43.45,43.35,"2,82,420","1,22,42,701.40","1,363","1,84,517",65.33
JMFINANCIL,EQ,09-09-2015,43.45,44.05,45.0,43.7,43.9,43.95,44.09,"17,69,088","7,80,03,913.25","1,641","1,14,269",6.46
JMFINANCIL,EQ,10-09-2015,43.95,43.8,44.35,42.75,44.15,44.05,43.6,"1,01,765","44,36,633.50",646,"52,578",51.67
JMFINANCIL,EQ,11-09-2015,44.05,44.4,45.0,44.1,44.7,44.85,44.81,"1,22,994","55,10,958.20",984,"94,031",76.45
JMFINANCIL,EQ,14-09-2015,44.85,44.9,45.1,44.55,44.7,44.7,44.82,"1,10,240","49,40,821.45","1,680","75,392",68.39
JMFINANCIL,EQ,15-09-2015,44.7,45.0,45.0,43.75,43.9,43.95,44.18,"85,017","37,55,992.75",592,"55,284",65.03
JMFINANCIL,EQ,16-09-2015,43.95,44.25,44.45,43.55,43.85,43.75,43.91,"1,53,967","67,60,835.65",557,"1,10,395",71.7
JMFINANCIL,EQ,18-09-2015,43.75,43.8,44.35,42.55,42.95,42.95,43.39,"3,97,592","1,72,51,732.50","3,296","2,67,379",67.25
JMFINANCIL,EQ,21-09-2015,42.95,42.95,43.55,42.6,43.0,42.95,43.03,"3,54,425","1,52,52,666.90","3,218","2,58,676",72.98
JMFINANCIL,EQ,22-09-2015,42.95,43.45,44.05,42.75,43.0,43.2,43.14,"5,39,011","2,32,55,511.35","3,486","2,98,130",55.31
JMFINANCIL,EQ,23-09-2015,43.2,43.2,43.95,43.0,43.8,43.7,43.63,"1,13,099","49,34,969.40",737,"62,065",54.88
JMFINANCIL,EQ,24-09-2015,43.7,43.9,44.0,43.5,43.55,43.6,43.76,"64,936","28,41,499.90",457,"45,642",70.29
JMFINANCIL,EQ,28-09-2015,43.6,43.6,44.0,43.0,43.25,43.35,43.8,"1,92,560","84,33,428.75","1,173","1,52,438",79.16
JMFINANCIL,EQ,29-09-2015,43.35,43.25,45.1,42.8,44.05,44.3,43.98,"5,12,670","2,25,47,159.20","3,607","3,06,291",59.74
JMFINANCIL,EQ,30-09-2015,44.3,45.4,45.65,43.3,43.55,43.5,43.96,"9,55,913","4,20,26,514.90","4,556","4,57,672",47.88
JMFINANCIL,EQ,01-10-2015,43.5,44.2,44.2,43.3,43.35,43.4,43.59,"1,99,291","86,86,607.85","1,307","1,21,553",60.99
JMFINANCIL,EQ,05-10-2015,43.4,43.95,44.45,43.4,44.0,44.0,43.92,"2,19,873","96,55,942.20","1,234","1,34,339",61.1
JMFINANCIL,EQ,06-10-2015,44.0,44.1,44.4,44.05,44.15,44.3,44.25,"1,47,589","65,30,549.70","1,364","95,387",64.63
JMFINANCIL,EQ,07-10-2015,44.3,44.65,44.65,43.6,43.9,43.75,44.06,"1,79,168","78,93,646.45","1,288","1,19,902",66.92
JMFINANCIL,EQ,08-10-2015,43.75,44.15,44.35,43.5,43.8,43.7,43.73,"1,33,337","58,30,544.40",553,"1,01,378",76.03
JMFINANCIL,EQ,09-10-2015,43.7,44.2,44.65,43.65,43.9,43.9,44.13,"2,20,525","97,31,113.35",987,"1,26,340",57.29
JMFINANCIL,EQ,12-10-2015,43.9,44.0,44.6,43.8,44.35,44.1,44.32,"2,01,077","89,11,495.75",852,"1,32,006",65.65
JMFINANCIL,EQ,13-10-2015,44.1,44.15,44.7,44.0,44.5,44.3,44.36,"1,18,879","52,73,079.25",796,"68,103",57.29
JMFINANCIL,EQ,14-10-2015,44.3,44.65,45.65,44.35,44.9,44.7,45.08,"2,98,119","1,34,39,286.65","1,221","1,62,991",54.67
JMFINANCIL,EQ,15-10-2015,44.7,45.1,45.6,44.75,44.95,45.15,45.3,"1,71,379","77,63,158.05",830,"1,02,160",59.61
JMFINANCIL,EQ,16-10-2015,45.15,44.8,47.55,44.8,45.95,45.8,46.42,"18,19,604","8,44,74,148.15","7,024","8,16,211",44.86
JMFINANCIL,EQ,19-10-2015,45.8,46.3,46.3,45.15,45.2,45.5,45.56,"3,41,871","1,55,77,061.95","2,249","2,22,742",65.15
JMFINANCIL,EQ,20-10-2015,45.5,45.55,45.7,44.05,44.15,44.25,44.65,"4,39,143","1,96,08,108.40","3,760","2,89,634",65.95
JMFINANCIL,EQ,21-10-2015,44.25,44.4,45.1,43.6,44.0,44.05,44.29,"3,59,291","1,59,12,234.90","1,969","2,01,520",56.09
JMFINANCIL,EQ,23-10-2015,44.05,44.45,44.5,43.65,43.65,43.75,44.01,"2,99,243","1,31,69,182.85","1,868","2,13,274",71.27
JMFINANCIL,EQ,26-10-2015,43.75,43.9,44.0,43.15,43.35,43.3,43.46,"3,31,739","1,44,16,089.50","1,057","2,52,463",76.1
JMFINANCIL,EQ,27-10-2015,43.3,43.0,44.25,42.7,43.7,43.75,43.78,"8,62,820","3,77,76,893.55","3,730","5,47,591",63.47
JMFINANCIL,EQ,28-10-2015,43.75,43.95,44.0,42.8,43.0,43.05,43.35,"3,80,541","1,64,97,769.70","1,432","2,17,351",57.12
JMFINANCIL,EQ,29-10-2015,43.05,43.25,44.15,43.1,43.7,43.45,43.77,"10,13,082","4,43,43,847.40","2,219","7,02,198",69.31
JMFINANCIL,EQ,30-10-2015,43.45,42.5,42.5,38.8,40.9,40.9,40.73,"15,65,379","6,37,62,620.95","6,887","7,81,811",49.94
JMFINANCIL,EQ,02-11-2015,40.9,41.0,41.45,40.1,41.25,41.0,40.89,"4,63,746","1,89,60,546.20","2,730","3,02,855",65.31
JMFINANCIL,EQ,03-11-2015,41.0,41.4,42.0,40.3,41.1,41.2,41.45,"2,86,364","1,18,70,843.70","2,478","1,75,789",61.39
JMFINANCIL,EQ,04-11-2015,41.2,41.3,42.9,41.15,42.75,42.45,42.17,"3,26,353","1,37,61,566.60","3,059","2,00,828",61.54
JMFINANCIL,EQ,05-11-2015,42.45,42.3,43.35,41.95,43.0,43.0,42.98,"3,96,969","1,70,60,470.80","2,770","3,16,432",79.71
JMFINANCIL,EQ,06-11-2015,43.0,42.45,43.0,41.7,42.0,42.3,42.28,"1,64,400","69,51,221.75","1,525","1,08,523",66.01
JMFINANCIL,EQ,09-11-2015,42.3,41.8,42.85,40.65,42.05,42.05,42.01,"23,76,971","9,98,49,051.10","2,245","2,50,321",10.53
JMFINANCIL,EQ,10-11-2015,42.05,42.3,42.3,40.05,40.1,40.2,40.75,"2,03,374","82,87,368.80","1,396","1,64,331",80.8
JMFINANCIL,EQ,11-11-2015,40.2,40.2,41.2,40.2,41.15,41.1,40.88,"55,784","22,80,358.70",293,"41,172",73.81
JMFINANCIL,EQ,13-11-2015,41.1,40.2,41.7,40.2,41.5,41.3,40.93,"4,55,091","1,86,27,296.40","2,446","3,91,892",86.11
JMFINANCIL,EQ,16-11-2015,41.3,41.3,41.3,39.3,40.75,40.95,40.32,"6,02,898","2,43,10,552.60","5,241","3,95,425",65.59
JMFINANCIL,EQ,17-11-2015,40.95,41.9,41.9,40.1,41.45,41.15,40.92,"3,22,172","1,31,82,014.90","1,701","2,43,976",75.73
JMFINANCIL,EQ,18-11-2015,41.15,41.15,42.95,41.1,42.5,42.25,42.01,"6,81,877","2,86,47,089.30","2,736","5,81,975",85.35
JMFINANCIL,EQ,19-11-2015,42.25,42.7,43.0,41.1,41.6,41.35,41.91,"2,65,761","1,11,36,766.40","2,112","1,47,039",55.33
JMFINANCIL,EQ,20-11-2015,41.35,41.35,41.6,40.6,40.8,40.8,41.21,"1,64,898","67,95,017.40","1,094","91,928",55.75
JMFINANCIL,EQ,23-11-2015,40.8,41.0,41.1,40.1,40.55,40.45,40.58,"1,79,668","72,90,519.40","1,191","1,34,959",75.12
JMFINANCIL,EQ,24-11-2015,40.45,40.5,41.0,40.5,40.65,40.75,40.68,"1,32,365","53,84,916.60","1,167","90,662",68.49
JMFINANCIL,EQ,26-11-2015,40.75,40.9,41.0,40.3,40.65,40.5,40.62,"3,64,047","1,47,86,833.50","14,877","3,16,963",87.07
JMFINANCIL,EQ,27-11-2015,40.5,40.8,40.85,39.6,39.85,39.85,40.0,"4,54,033","1,81,63,363.20","2,275","3,52,872",77.72
JMFINANCIL,EQ,30-11-2015,39.85,40.0,40.65,39.7,39.7,39.8,39.95,"2,99,945","1,19,83,791.35","3,613","2,27,350",75.8
JMFINANCIL,EQ,01-12-2015,39.8,40.25,43.2,38.8,39.15,39.25,40.46,"48,14,769","19,48,00,321.10","10,925","31,69,571",65.83
JMFINANCIL,EQ,02-12-2015,39.25,39.4,40.3,38.8,39.35,39.7,39.34,"45,22,781","17,79,30,299.40","5,888","37,27,658",82.42
JMFINANCIL,EQ,03-12-2015,39.7,39.6,39.65,39.0,39.05,39.1,39.26,"31,22,092","12,25,61,480.45","2,945","3,17,769",10.18
JMFINANCIL,EQ,04-12-2015,39.1,39.1,39.1,36.6,36.95,37.1,37.98,"10,82,165","4,11,03,365.25","5,284","8,74,417",80.8
JMFINANCIL,EQ,07-12-2015,37.1,37.25,37.75,36.75,37.55,37.45,37.14,"8,10,796","3,01,10,784.45","4,503","4,84,571",59.76
JMFINANCIL,EQ,08-12-2015,37.45,37.45,37.8,36.8,37.15,37.0,37.31,"4,63,489","1,72,90,510.05","2,620","3,18,049",68.62
JMFINANCIL,EQ,09-12-2015,37.0,37.25,37.25,36.4,37.2,37.0,36.88,"7,21,550","2,66,13,625.20","4,562","5,43,817",75.37
JMFINANCIL,EQ,10-12-2015,37.0,37.05,38.25,37.0,38.0,37.9,37.84,"6,11,293","2,31,33,592.30","4,000","3,96,406",64.85
JMFINANCIL,EQ,11-12-2015,37.9,37.9,38.3,37.15,37.35,37.5,37.79,"3,98,576","1,50,63,934.65","1,984","2,76,650",69.41
JMFINANCIL,EQ,14-12-2015,37.5,37.0,37.4,36.8,37.0,37.0,37.03,"2,93,061","1,08,50,851.80","1,383","1,96,907",67.19
JMFINANCIL,EQ,15-12-2015,37.0,37.3,38.7,36.7,38.15,38.4,37.77,"7,00,558","2,64,61,204.90","2,469","5,54,346",79.13
JMFINANCIL,EQ,16-12-2015,38.4,38.4,38.8,37.6,37.65,37.8,38.2,"2,12,667","81,23,418.15","1,403","1,44,232",67.82
JMFINANCIL,EQ,17-12-2015,37.8,38.0,39.2,37.55,38.7,38.5,38.27,"5,28,217","2,02,13,564.50","2,217","3,43,921",65.11
JMFINANCIL,EQ,18-12-2015,38.5,38.5,39.5,37.25,37.6,37.65,38.6,"7,69,949","2,97,20,789.15","2,604","4,95,899",64.41
JMFINANCIL,EQ,21-12-2015,37.65,37.65,38.25,37.5,37.75,37.75,37.86,"2,21,921","84,01,038.85","1,325","1,41,395",63.71
JMFINANCIL,EQ,22-12-2015,37.75,38.0,40.25,37.7,39.75,39.8,39.45,"9,81,119","3,87,07,421.35","2,946","6,08,741",62.05
JMFINANCIL,EQ,23-12-2015,39.8,40.1,40.3,39.1,39.4,39.25,39.55,"2,86,367","1,13,26,690.90","1,030","1,84,259",64.34
JMFINANCIL,EQ,24-12-2015,39.25,39.7,39.75,39.0,39.3,39.2,39.25,"1,68,348","66,07,038.35",695,"89,101",52.93
JMFINANCIL,EQ,28-12-2015,39.2,39.3,40.0,39.05,39.9,39.9,39.75,"2,05,256","81,59,362.00",994,"1,33,137",64.86
JMFINANCIL,EQ,29-12-2015,39.9,40.0,40.35,39.65,39.95,39.95,39.93,"2,34,815","93,76,243.35","1,214","1,68,734",71.86
JMFINANCIL,EQ,30-12-2015,39.95,39.95,42.85,39.5,42.2,42.25,41.68,"24,33,717","10,14,45,143.05","9,568","19,20,140",78.9
JMFINANCIL,EQ,31-12-2015,42.25,42.2,48.2,41.4,46.9,47.25,46.02,"58,53,605","26,93,69,093.55","11,242","44,06,687",75.28
JMFINANCIL,EQ,01-01-2016,47.25,46.75,46.75,44.0,45.1,45.4,45.12,"8,53,676","3,85,13,952.25","4,324","3,53,246",41.38
JMFINANCIL,EQ,04-01-2016,45.4,45.2,47.35,43.35,45.2,45.95,45.26,"9,72,323","4,40,06,107.10","3,743","3,92,968",40.42
JMFINANCIL,EQ,05-01-2016,45.95,46.0,46.4,44.1,44.25,44.35,44.79,"4,74,578","2,12,57,237.15","2,245","2,57,030",54.16
JMFINANCIL,EQ,06-01-2016,44.35,44.5,44.85,42.9,43.0,43.05,43.84,"3,45,558","1,51,48,643.15","1,590","2,26,355",65.5
JMFINANCIL,EQ,07-01-2016,43.05,42.85,42.85,40.5,41.0,40.95,41.43,"3,57,305","1,48,03,356.30","1,380","2,63,704",73.8
JMFINANCIL,EQ,08-01-2016,40.95,41.05,43.9,40.95,43.5,43.25,42.52,"4,37,793","1,86,16,685.65","2,040","2,31,198",52.81
JMFINANCIL,EQ,11-01-2016,43.25,42.75,43.15,41.65,41.85,42.15,42.41,"2,14,613","91,02,001.60","1,143","1,32,638",61.8
JMFINANCIL,EQ,12-01-2016,42.15,42.05,42.9,41.2,41.45,41.35,41.76,"2,20,384","92,03,455.40","1,326","1,37,412",62.35
JMFINANCIL,EQ,13-01-2016,41.35,41.55,42.25,38.55,40.25,40.35,40.38,"3,03,865","1,22,70,358.60","1,596","1,84,254",60.64
JMFINANCIL,EQ,14-01-2016,40.35,39.6,40.75,38.35,39.5,39.45,39.72,"2,84,691","1,13,08,786.50","1,449","1,77,361",62.3
JMFINANCIL,EQ,15-01-2016,39.45,39.8,40.4,38.7,38.8,39.15,39.51,"1,53,977","60,83,604.55","1,330","99,535",64.64
JMFINANCIL,EQ,18-01-2016,39.15,39.15,39.9,36.5,37.5,37.15,37.53,"2,59,064","97,22,040.30","2,305","1,63,577",63.14
JMFINANCIL,EQ,19-01-2016,37.15,37.4,38.5,36.8,37.75,37.7,37.58,"2,22,220","83,51,809.80","1,132","1,06,620",47.98
JMFINANCIL,EQ,20-01-2016,37.7,37.3,37.4,35.8,36.0,35.95,36.5,"1,85,720","67,78,301.00","1,048","1,23,230",66.35
JMFINANCIL,EQ,21-01-2016,35.95,36.35,37.15,35.8,36.2,36.1,36.49,"2,33,090","85,04,810.80","1,152","1,41,904",60.88
JMFINANCIL,EQ,22-01-2016,36.1,36.8,37.8,36.6,37.45,37.35,37.3,"1,42,972","53,32,977.90",805,"78,440",54.86
JMFINANCIL,EQ,25-01-2016,37.35,37.85,39.9,37.65,39.0,39.05,38.94,"3,23,413","1,25,92,414.10","2,277","1,32,970",41.11
JMFINANCIL,EQ,27-01-2016,39.05,39.1,39.4,38.05,38.3,38.35,38.78,"1,12,715","43,71,488.80",615,"69,788",61.92
JMFINANCIL,EQ,28-01-2016,38.35,38.85,40.3,38.05,38.5,38.25,38.92,"1,64,611","64,05,951.00",876,"1,01,061",61.39
JMFINANCIL,EQ,29-01-2016,38.25,38.7,39.65,38.1,39.45,39.5,39.13,"1,61,159","63,06,616.75","1,397","1,12,107",69.56
JMFINANCIL,EQ,01-02-2016,39.5,40.3,41.2,40.0,41.1,40.9,40.56,"5,84,545","2,37,11,195.00","3,449","1,91,189",32.71
JMFINANCIL,EQ,02-02-2016,40.9,41.7,41.75,39.7,39.85,40.1,41.01,"2,28,662","93,76,600.75","1,576","1,24,913",54.63
JMFINANCIL,EQ,03-02-2016,40.1,39.45,39.45,38.6,39.2,38.9,39.05,"1,40,878","55,01,173.00",785,"91,239",64.76
JMFINANCIL,EQ,04-02-2016,38.9,40.85,42.5,39.5,40.35,40.1,40.91,"12,86,158","5,26,17,706.85","7,086","4,08,888",31.79
JMFINANCIL,EQ,05-02-2016,40.1,40.2,40.7,39.1,40.5,40.45,40.07,"2,64,819","1,06,11,543.40","1,381","1,59,340",60.17
JMFINANCIL,EQ,08-02-2016,40.45,40.5,41.2,40.1,40.65,40.55,40.71,"1,95,386","79,53,629.15","1,390","1,45,887",74.67
JMFINANCIL,EQ,09-02-2016,40.55,40.15,40.15,39.25,39.3,39.5,39.56,"1,14,860","45,43,625.00",806,"76,254",66.39
JMFINANCIL,EQ,10-02-2016,39.5,39.5,39.75,37.05,37.75,37.7,38.2,"2,08,791","79,76,235.90","1,260","1,25,659",60.18
JMFINANCIL,EQ,11-02-2016,37.7,37.5,37.5,33.75,34.6,34.45,35.57,"4,25,920","1,51,48,505.70","2,261","3,10,642",72.93
JMFINANCIL,EQ,12-02-2016,34.45,35.0,35.5,33.25,35.3,35.2,34.65,"3,03,847","1,05,28,464.70","1,805","1,86,674",61.44
JMFINANCIL,EQ,15-02-2016,35.2,36.0,37.2,35.25,36.95,36.85,36.69,"1,92,677","70,70,129.50",694,"1,37,204",71.21
JMFINANCIL,EQ,16-02-2016,36.85,37.55,37.6,34.3,35.7,35.6,36.31,"1,39,759","50,74,966.40",828,"60,134",43.03
JMFINANCIL,EQ,17-02-2016,35.6,35.85,36.0,34.1,35.9,35.75,35.27,"79,419","28,01,093.45",580,"41,579",52.35
JMFINANCIL,EQ,18-02-2016,35.75,36.0,36.8,35.5,35.75,36.05,36.24,"91,702","33,23,589.00",824,"53,935",58.82
JMFINANCIL,EQ,19-02-2016,36.05,36.05,36.9,35.55,36.1,36.35,36.48,"1,01,965","37,19,488.35",907,"64,295",63.06
JMFINANCIL,EQ,22-02-2016,36.35,36.1,37.2,35.15,35.9,35.6,36.13,"1,09,742","39,64,969.00","1,146","71,619",65.26
JMFINANCIL,EQ,23-02-2016,35.6,35.8,36.0,34.5,34.8,34.75,34.91,"1,45,026","50,62,813.45","1,200","95,829",66.08
JMFINANCIL,EQ,24-02-2016,34.75,34.7,35.5,34.0,34.5,34.55,34.62,"1,06,400","36,83,437.70",914,"69,883",65.68
JMFINANCIL,EQ,25-02-2016,34.55,34.8,35.1,34.3,34.4,34.6,34.68,"75,418","26,15,453.60",845,"43,530",57.72
JMFINANCIL,EQ,26-02-2016,34.6,34.9,35.4,34.2,34.85,34.65,34.66,"1,05,264","36,48,203.35",776,"58,311",55.4
JMFINANCIL,EQ,29-02-2016,34.65,34.8,36.2,34.05,36.1,36.0,35.42,"2,24,670","79,58,724.00","1,122","1,44,556",64.34
JMFINANCIL,EQ,01-03-2016,36.0,35.75,38.8,35.6,38.0,37.6,37.11,"2,28,941","84,95,237.90","2,359","1,53,928",67.23
JMFINANCIL,EQ,02-03-2016,37.6,37.6,38.6,37.35,38.1,38.0,38.02,"11,26,715","4,28,41,381.45","2,626","1,28,239",11.38
JMFINANCIL,EQ,03-03-2016,38.0,38.45,41.0,38.0,39.5,39.85,39.73,"11,39,289","4,52,61,982.80","3,952","9,47,552",83.17
JMFINANCIL,EQ,04-03-2016,39.85,39.85,40.55,38.8,39.1,39.35,39.74,"3,12,184","1,24,05,890.80","1,242","1,81,644",58.18
JMFINANCIL,EQ,08-03-2016,39.35,39.45,40.9,38.6,40.0,40.3,40.07,"1,92,336","77,06,157.55","1,045","1,20,721",62.77
JMFINANCIL,EQ,09-03-2016,40.3,40.1,41.5,39.3,40.5,40.7,40.63,"1,90,552","77,41,194.30","1,100","1,01,155",53.09
JMFINANCIL,EQ,10-03-2016,40.7,40.9,41.5,40.3,40.5,40.55,40.72,"1,24,532","50,70,955.45",737,"63,619",51.09
JMFINANCIL,EQ,11-03-2016,40.55,40.75,40.95,39.6,40.0,39.95,40.14,"1,76,041","70,67,091.45",848,"76,051",43.2
JMFINANCIL,EQ,14-03-2016,39.95,40.75,40.9,39.8,40.1,40.15,40.2,"97,406","39,15,289.75",832,"53,709",55.14
JMFINANCIL,EQ,15-03-2016,40.15,40.35,40.35,38.4,38.5,38.65,39.14,"1,42,233","55,66,867.70",805,"92,291",64.89
JMFINANCIL,EQ,16-03-2016,38.65,38.9,39.5,38.45,38.95,38.8,38.82,"92,009","35,72,153.95",601,"50,148",54.5
JMFINANCIL,EQ,17-03-2016,38.8,39.1,40.25,38.9,39.75,39.75,39.69,"1,61,976","64,28,354.60",854,"76,709",47.36
JMFINANCIL,EQ,18-03-2016,39.75,39.75,39.75,38.5,38.7,38.8,38.93,"1,28,211","49,90,839.35","1,134","80,465",62.76
JMFINANCIL,EQ,21-03-2016,38.8,39.2,41.75,38.45,41.25,41.2,40.5,"3,56,136","1,44,22,690.15","1,792","2,45,255",68.87
JMFINANCIL,EQ,22-03-2016,41.2,42.0,42.0,39.65,39.85,40.0,40.75,"8,33,814","3,39,79,743.45","4,403","3,73,071",44.74
JMFINANCIL,EQ,23-03-2016,40.0,39.7,39.85,39.25,39.75,39.7,39.54,"1,80,332","71,29,866.35",799,"98,898",54.84
JMFINANCIL,EQ,28-03-2016,39.7,40.1,40.1,38.1,38.35,38.25,38.99,"1,28,253","49,99,949.95",729,"87,465",68.2
JMFINANCIL,EQ,29-03-2016,38.25,38.0,38.45,37.15,37.8,37.6,37.76,"2,01,426","76,05,824.45","1,197","1,12,453",55.83
JMFINANCIL,EQ,30-03-2016,37.6,38.0,38.8,37.8,38.3,38.35,38.35,"1,47,844","56,69,332.80","1,235","97,127",65.7
JMFINANCIL,EQ,31-03-2016,38.35,38.55,38.75,37.8,38.05,38.05,38.29,"1,32,906","50,89,184.60","1,125","92,654",69.71
JMFINANCIL,EQ,01-04-2016,38.05,37.8,38.75,37.8,38.4,38.4,38.3,"1,38,574","53,07,493.95","1,441","91,628",66.12
JMFINANCIL,EQ,04-04-2016,38.4,38.5,39.4,38.3,39.0,38.95,38.79,"2,04,483","79,30,890.80","1,970","1,34,176",65.62
JMFINANCIL,EQ,05-04-2016,38.95,38.7,39.4,38.15,38.3,38.3,38.63,"1,39,489","53,88,349.70","1,207","74,365",53.31
JMFINANCIL,EQ,06-04-2016,38.3,38.45,38.75,38.1,38.4,38.45,38.36,"76,497","29,34,643.90",490,"38,870",50.81
JMFINANCIL,EQ,07-04-2016,38.45,38.45,39.6,38.15,39.0,38.95,38.98,"2,09,898","81,82,466.20",984,"1,22,672",58.44
JMFINANCIL,EQ,08-04-2016,38.95,39.3,40.15,38.95,39.4,39.45,39.6,"3,55,160","1,40,63,586.20","2,272","2,06,285",58.08
JMFINANCIL,EQ,11-04-2016,39.45,39.45,39.8,39.0,39.4,39.55,39.41,"1,56,916","61,84,038.35",471,"1,00,502",64.05
JMFINANCIL,EQ,12-04-2016,39.55,39.8,41.35,39.5,40.35,40.45,40.57,"4,42,153","1,79,37,994.40","2,454","2,18,688",49.46
JMFINANCIL,EQ,13-04-2016,40.45,40.75,41.1,39.85,39.9,40.2,40.62,"1,98,916","80,80,825.95","1,201","1,21,908",61.29
JMFINANCIL,EQ,18-04-2016,40.2,40.25,40.3,39.35,39.85,40.05,39.74,"2,70,252","1,07,38,534.10","1,713","1,77,542",65.69
JMFINANCIL,EQ,20-04-2016,40.05,40.05,40.45,39.65,39.75,39.8,39.93,"1,46,130","58,35,620.30","1,367","98,027",67.08
JMFINANCIL,EQ,21-04-2016,39.8,40.15,41.2,39.85,40.45,40.35,40.64,"2,45,567","99,79,020.35","1,330","1,72,805",70.37
JMFINANCIL,EQ,22-04-2016,40.35,40.4,42.3,40.0,41.0,40.95,40.46,"33,90,565","13,71,77,659.30","3,288","30,00,553",88.5
JMFINANCIL,EQ,25-04-2016,40.95,40.75,41.35,40.15,40.9,41.05,40.97,"5,65,096","2,31,52,605.05","2,014","4,37,859",77.48
JMFINANCIL,EQ,26-04-2016,41.05,41.3,41.8,40.8,41.35,41.45,41.31,"1,50,510","62,18,250.90","1,088","1,00,834",66.99
JMFINANCIL,EQ,27-04-2016,41.45,41.45,41.6,40.95,41.0,41.05,41.09,"1,34,237","55,15,320.65",648,"85,291",63.54
JMFINANCIL,EQ,28-04-2016,41.05,41.05,41.6,40.8,41.0,41.05,41.14,"1,61,680","66,50,887.10",784,"1,12,770",69.75
JMFINANCIL,EQ,29-04-2016,41.05,41.2,41.45,40.6,41.05,41.15,41.06,"1,23,071","50,53,695.10",659,"83,566",67.9
JMFINANCIL,EQ,02-05-2016,41.15,41.15,42.4,40.35,41.0,41.1,41.12,"4,62,147","1,90,01,503.25","1,504","3,76,905",81.56
JMFINANCIL,EQ,03-05-2016,41.1,41.15,42.2,40.8,41.35,41.25,41.14,"3,55,855","1,46,38,783.20","1,294","3,06,283",86.07
JMFINANCIL,EQ,04-05-2016,41.25,41.25,41.8,40.85,41.2,41.0,41.1,"2,61,038","1,07,29,460.55",848,"2,09,730",80.34
JMFINANCIL,EQ,05-05-2016,41.0,41.1,41.9,40.9,41.05,41.15,41.07,"22,19,059","9,11,45,907.50","1,533","21,24,418",95.74
JMFINANCIL,EQ,06-05-2016,41.15,41.7,41.75,40.9,41.1,41.05,41.14,"6,11,021","2,51,40,111.10","2,323","3,86,487",63.25
JMFINANCIL,EQ,09-05-2016,41.05,41.75,41.75,41.1,41.5,41.35,41.35,"1,25,400","51,85,773.10",613,"69,140",55.14
JMFINANCIL,EQ,10-05-2016,41.35,42.05,43.35,41.65,42.5,42.5,42.62,"8,46,894","3,60,94,913.10","3,410","3,92,881",46.39
JMFINANCIL,EQ,11-05-2016,42.5,41.7,42.5,41.55,42.05,42.2,42.05,"1,65,619","69,63,488.00",844,"75,151",45.38
JMFINANCIL,EQ,12-05-2016,42.2,42.2,42.45,41.6,41.6,41.85,41.96,"1,78,645","74,96,667.60",790,"97,015",54.31
JMFINANCIL,EQ,13-05-2016,41.85,42.2,44.6,41.7,42.8,42.9,43.16,"16,02,591","6,91,66,211.35","7,091","5,54,040",34.57
JMFINANCIL,EQ,16-05-2016,42.9,43.25,44.9,42.8,44.85,44.65,44.06,"8,63,365","3,80,42,850.45","3,506","4,63,655",53.7
JMFINANCIL,EQ,17-05-2016,44.65,44.8,46.3,43.3,44.85,45.0,44.15,"42,45,616","18,74,22,889.15","5,648","37,58,141",88.52
JMFINANCIL,EQ,18-05-2016,45.0,45.0,45.55,44.25,45.0,45.05,44.85,"4,13,748","1,85,55,500.80","2,000","2,09,242",50.57
JMFINANCIL,EQ,19-05-2016,45.05,44.5,46.9,44.5,44.95,45.1,45.84,"6,81,997","3,12,64,439.70","3,052","3,09,877",45.44
JMFINANCIL,EQ,20-05-2016,45.1,45.15,46.4,44.5,45.05,45.05,45.46,"4,64,928","2,11,36,335.60","1,863","1,97,679",42.52
JMFINANCIL,EQ,23-05-2016,45.05,44.5,45.7,43.95,44.9,44.75,45.0,"3,68,317","1,65,75,038.65","1,550","1,77,710",48.25
JMFINANCIL,EQ,24-05-2016,44.75,44.75,45.35,43.75,44.65,44.7,44.74,"4,79,079","2,14,35,791.45","2,492","3,12,280",65.18
JMFINANCIL,EQ,25-05-2016,44.7,45.0,45.4,44.3,45.0,44.75,44.86,"4,48,353","2,01,14,722.75","1,527","3,36,486",75.05
JMFINANCIL,EQ,26-05-2016,44.75,45.0,46.5,44.75,45.55,45.45,45.55,"3,57,042","1,62,63,250.30","1,740","1,73,313",48.54
JMFINANCIL,EQ,27-05-2016,45.45,45.45,46.9,45.35,45.65,46.0,46.07,"5,58,427","2,57,27,994.15","1,710","3,44,106",61.62
JMFINANCIL,EQ,30-05-2016,46.0,45.8,46.55,45.75,46.1,46.05,46.16,"1,60,204","73,95,815.50",764,"87,389",54.55
JMFINANCIL,EQ,31-05-2016,46.05,46.25,46.5,44.75,45.3,45.15,45.52,"3,81,149","1,73,48,848.10","8,019","2,09,528",54.97
JMFINANCIL,EQ,01-06-2016,45.15,45.8,45.85,45.05,45.5,45.5,45.47,"1,22,583","55,73,287.05",626,"78,229",63.82
JMFINANCIL,EQ,02-06-2016,45.5,45.5,47.5,45.5,46.4,46.7,46.65,"4,97,698","2,32,15,466.00","2,165","2,42,263",48.68
JMFINANCIL,EQ,03-06-2016,46.7,47.2,48.2,45.9,46.0,46.55,47.23,"9,26,733","4,37,72,663.70","3,681","4,87,727",52.63
JMFINANCIL,EQ,06-06-2016,46.55,46.7,46.95,45.6,45.65,45.8,46.09,"3,13,074","1,44,29,188.20","1,239","2,19,767",70.2
JMFINANCIL,EQ,07-06-2016,45.8,46.15,46.65,44.95,45.55,45.6,45.75,"3,70,326","1,69,41,401.70","1,773","2,38,422",64.38
JMFINANCIL,EQ,08-06-2016,45.6,45.6,49.7,45.3,48.7,48.85,48.3,"14,55,710","7,03,07,284.75","6,890","7,79,966",53.58
JMFINANCIL,EQ,09-06-2016,48.85,49.05,54.0,49.05,51.95,51.85,52.03,"34,88,725","18,15,07,394.10","12,896","17,80,385",51.03
JMFINANCIL,EQ,10-06-2016,51.85,52.05,56.7,51.15,53.6,54.35,54.79,"42,74,729","23,42,33,662.80","15,784","15,90,721",37.21
JMFINANCIL,EQ,13-06-2016,54.35,53.45,53.8,51.35,52.7,53.0,52.66,"9,19,754","4,84,38,724.45","4,297","3,30,044",35.88
JMFINANCIL,EQ,14-06-2016,53.0,53.15,53.45,51.7,52.8,52.7,52.58,"4,07,648","2,14,33,511.40","2,112","1,33,210",32.68
JMFINANCIL,EQ,15-06-2016,52.7,53.0,54.7,52.35,52.7,52.95,53.49,"7,62,896","4,08,06,996.45","3,220","3,39,257",44.47
JMFINANCIL,EQ,16-06-2016,52.95,52.85,53.6,51.0,53.3,52.95,52.16,"7,34,692","3,83,17,963.00","3,075","2,97,417",40.48
JMFINANCIL,EQ,17-06-2016,52.95,53.75,53.75,51.7,52.45,52.8,52.68,"8,65,161","4,55,79,410.30","3,225","4,20,593",48.61
JMFINANCIL,EQ,20-06-2016,52.8,52.5,52.5,50.75,51.85,52.2,52.04,"3,63,200","1,88,99,498.05","1,991","1,40,574",38.7
JMFINANCIL,EQ,21-06-2016,52.2,52.1,53.4,51.8,53.0,53.05,52.89,"6,52,364","3,45,06,570.15","2,260","3,20,413",49.12
JMFINANCIL,EQ,22-06-2016,53.05,53.4,53.75,51.2,51.35,51.5,52.42,"4,86,836","2,55,18,153.20","3,966","2,55,362",52.45
JMFINANCIL,EQ,23-06-2016,51.5,51.8,51.85,50.25,50.6,50.6,50.85,"2,36,873","1,20,45,558.60","2,824","1,29,538",54.69
JMFINANCIL,EQ,24-06-2016,50.6,49.6,49.7,47.25,48.35,48.8,48.46,"4,58,156","2,22,03,433.50","2,505","2,26,466",49.43
JMFINANCIL,EQ,27-06-2016,48.8,47.1,51.25,47.1,50.95,50.9,50.17,"4,08,718","2,05,03,994.20","2,305","1,84,510",45.14
JMFINANCIL,EQ,28-06-2016,50.9,50.9,51.55,49.9,50.4,50.25,50.68,"3,12,270","1,58,26,843.35","1,510","1,57,501",50.44
JMFINANCIL,EQ,29-06-2016,50.25,50.75,51.0,50.1,50.4,50.4,50.46,"4,50,725","2,27,43,316.60","1,541","3,42,096",75.9
JMFINANCIL,EQ,30-06-2016,50.4,50.85,52.2,50.5,51.5,51.35,51.34,"12,62,953","6,48,35,581.75","5,258","9,23,281",73.1
JMFINANCIL,EQ,01-07-2016,51.35,51.95,52.9,51.4,52.0,52.15,52.05,"8,13,805","4,23,59,411.40","4,525","3,75,869",46.19
JMFINANCIL,EQ,04-07-2016,52.15,52.6,53.15,51.85,52.5,52.35,52.54,"6,30,412","3,31,22,917.20","1,794","3,95,978",62.81
JMFINANCIL,EQ,05-07-2016,52.35,52.35,53.0,51.25,52.65,52.6,52.12,"5,14,213","2,67,99,702.45","1,971","2,81,328",54.71
JMFINANCIL,EQ,07-07-2016,52.6,52.95,54.45,52.55,53.4,53.5,53.52,"12,37,055","6,62,11,827.75","4,783","5,92,818",47.92
JMFINANCIL,EQ,08-07-2016,53.5,53.6,57.65,53.2,55.0,54.85,55.85,"30,54,519","17,06,01,532.80","12,477","12,85,521",42.09
JMFINANCIL,EQ,11-07-2016,54.85,55.3,55.8,53.7,54.8,54.2,54.94,"7,54,467","4,14,47,964.30","3,588","4,76,399",63.14
JMFINANCIL,EQ,12-07-2016,54.2,55.65,55.9,53.75,54.2,54.0,54.76,"8,65,580","4,73,97,664.50","4,576","3,67,327",42.44
JMFINANCIL,EQ,13-07-2016,54.0,54.1,54.55,52.45,53.05,52.95,53.2,"7,50,457","3,99,21,281.15","7,857","3,85,485",51.37
JMFINANCIL,EQ,14-07-2016,52.95,53.15,53.65,52.2,52.25,52.45,52.89,"3,28,068","1,73,51,888.30","1,249","2,22,352",67.78
JMFINANCIL,EQ,15-07-2016,52.45,53.1,53.8,52.0,52.5,52.2,52.85,"5,10,361","2,69,71,464.90","2,507","2,94,865",57.78
JMFINANCIL,EQ,18-07-2016,52.2,52.6,54.2,52.5,52.7,52.65,53.22,"5,81,072","3,09,24,632.60","3,625","2,33,078",40.11
JMFINANCIL,EQ,19-07-2016,52.65,52.75,53.15,51.8,52.1,52.15,52.39,"3,24,327","1,69,90,128.85","1,514","1,85,806",57.29
JMFINANCIL,EQ,20-07-2016,52.15,52.45,56.5,52.05,55.7,55.8,55.28,"23,81,551","13,16,53,571.00","10,326","13,31,707",55.92
JMFINANCIL,EQ,21-07-2016,55.8,56.35,59.2,55.95,56.65,56.7,57.72,"27,81,541","16,05,44,569.75","14,810","14,53,727",52.26
JMFINANCIL,EQ,22-07-2016,56.7,56.85,65.0,55.6,63.7,63.75,61.83,"82,17,843","50,81,42,120.45","35,702","34,51,365",42.0
JMFINANCIL,EQ,25-07-2016,63.75,63.65,68.15,63.4,67.8,67.75,66.85,"57,83,389","38,66,32,450.80","22,358","29,64,501",51.26
JMFINANCIL,EQ,26-07-2016,67.75,67.75,72.75,66.35,70.5,71.0,70.74,"81,00,688","57,30,14,286.85","33,181","35,73,389",44.11
JMFINANCIL,EQ,27-07-2016,71.0,70.9,77.9,70.35,75.9,75.1,74.47,"88,76,201","66,09,73,389.50","32,234","44,11,453",49.7
JMFINANCIL,EQ,28-07-2016,75.1,76.0,77.35,68.6,69.5,69.2,72.82,"35,58,944","25,91,77,902.80","17,609","16,13,506",45.34
JMFINANCIL,EQ,29-07-2016,69.2,69.7,72.8,68.5,71.9,71.55,71.03,"22,25,826","15,81,01,156.95","11,091","7,06,511",31.74
JMFINANCIL,EQ,01-08-2016,71.55,72.25,72.5,66.5,67.65,67.55,68.86,"20,84,418","14,35,26,554.50","9,810","9,83,558",47.19
JMFINANCIL,EQ,02-08-2016,67.55,69.0,71.05,66.25,66.65,67.0,68.16,"28,31,088","19,29,79,629.90","13,431","10,79,088",38.12
JMFINANCIL,EQ,03-08-2016,67.0,66.85,69.8,62.55,67.2,67.35,66.44,"33,80,582","22,45,96,052.70","14,376","12,65,545",37.44
JMFINANCIL,EQ,04-08-2016,67.35,68.0,69.4,64.9,67.0,66.6,67.27,"21,37,927","14,38,09,155.35","9,468","5,78,185",27.04
JMFINANCIL,EQ,05-08-2016,66.6,67.25,71.1,66.7,69.9,69.7,69.23,"29,48,118","20,40,91,775.75","11,934","9,36,679",31.77
JMFINANCIL,EQ,08-08-2016,69.7,70.45,70.8,67.2,67.9,67.9,68.58,"16,22,651","11,12,86,670.75","7,803","7,73,625",47.68
JMFINANCIL,EQ,09-08-2016,67.9,68.8,68.8,65.4,67.25,66.8,66.54,"10,66,989","7,09,95,180.45","5,153","2,86,438",26.85
JMFINANCIL,EQ,10-08-2016,66.8,66.8,67.7,64.55,66.85,67.1,66.02,"17,64,464","11,64,86,163.50","5,855","8,93,592",50.64
JMFINANCIL,EQ,11-08-2016,67.1,67.75,67.75,64.95,65.05,65.4,66.04,"19,73,324","13,03,21,720.55","13,035","8,40,910",42.61
JMFINANCIL,EQ,12-08-2016,65.4,65.7,67.45,65.0,66.4,66.35,66.41,"9,34,417","6,20,55,598.90","8,082","3,68,454",39.43
JMFINANCIL,EQ,16-08-2016,66.35,65.5,68.1,65.25,67.25,67.35,67.02,"11,60,313","7,77,64,137.75","8,288","5,10,223",43.97
JMFINANCIL,EQ,17-08-2016,67.35,67.2,68.25,66.25,66.65,66.95,67.26,"9,69,338","6,51,94,788.05","7,464","3,91,522",40.39
JMFINANCIL,EQ,18-08-2016,66.95,67.2,67.7,66.15,66.5,66.6,66.8,"9,25,725","6,18,34,743.00","6,683","4,85,482",52.44
JMFINANCIL,EQ,19-08-2016,66.6,66.5,69.25,66.05,67.45,67.4,67.88,"24,84,179","16,86,26,634.45","11,921","12,46,863",50.19
JMFINANCIL,EQ,22-08-2016,67.4,67.5,68.65,66.9,67.4,67.25,67.57,"9,74,826","6,58,69,785.55","5,281","4,30,355",44.15
JMFINANCIL,EQ,23-08-2016,67.25,67.5,70.0,67.25,67.85,68.0,68.76,"21,04,481","14,47,03,515.15","10,103","11,26,658",53.54
JMFINANCIL,EQ,24-08-2016,68.0,68.2,68.85,67.25,67.8,67.75,68.14,"8,86,259","6,03,90,256.85","8,604","2,67,822",30.22
JMFINANCIL,EQ,25-08-2016,67.75,68.1,68.7,65.65,66.0,66.15,67.23,"7,09,586","4,77,06,848.60","3,066","3,24,480",45.73
JMFINANCIL,EQ,26-08-2016,66.15,66.1,66.85,64.6,64.85,64.85,65.49,"4,41,333","2,89,00,845.15","2,365","2,32,575",52.7
JMFINANCIL,EQ,29-08-2016,64.85,65.0,66.5,64.75,66.1,66.05,65.73,"6,84,131","4,49,66,025.30","3,632","3,03,628",44.38
JMFINANCIL,EQ,30-08-2016,66.05,66.0,67.3,66.0,66.9,66.8,66.86,"6,32,116","4,22,63,286.75","2,755","3,67,177",58.09
JMFINANCIL,EQ,31-08-2016,66.8,67.0,67.3,66.0,66.2,66.4,66.58,"7,10,775","4,73,20,959.10","2,956","5,01,809",70.6
JMFINANCIL,EQ,01-09-2016,66.4,67.3,67.5,65.0,65.25,65.3,66.01,"9,74,538","6,43,30,356.65","6,542","4,55,706",46.76
JMFINANCIL,EQ,02-09-2016,65.3,65.5,68.45,65.15,66.9,66.9,67.03,"14,36,464","9,62,89,425.80","6,915","6,98,326",48.61
JMFINANCIL,EQ,06-09-2016,66.9,67.45,67.55,66.35,66.75,66.85,66.93,"6,48,929","4,34,32,277.80","2,855","3,84,602",59.27
JMFINANCIL,EQ,07-09-2016,66.85,67.5,69.4,66.5,68.75,68.6,68.21,"15,05,799","10,27,08,858.50","7,827","6,73,155",44.7
JMFINANCIL,EQ,08-09-2016,68.6,69.0,73.0,68.2,71.6,71.4,71.51,"26,77,790","19,14,78,954.80","11,476","11,75,896",43.91
JMFINANCIL,EQ,09-09-2016,71.4,71.95,71.95,68.5,68.95,68.75,69.45,"9,14,510","6,35,08,952.40","5,890","5,28,240",57.76
JMFINANCIL,EQ,12-09-2016,68.75,67.0,67.55,65.45,65.5,66.0,66.45,"6,59,482","4,38,20,833.85","2,940","3,99,796",60.62
JMFINANCIL,EQ,14-09-2016,66.0,66.4,66.75,65.45,66.2,66.1,66.15,"3,70,825","2,45,31,045.80","1,849","1,70,651",46.02
JMFINANCIL,EQ,15-09-2016,66.1,66.2,66.9,65.4,66.0,65.75,66.06,"3,32,768","2,19,81,176.80","1,747","1,42,452",42.81
JMFINANCIL,EQ,16-09-2016,65.75,66.3,67.25,65.15,66.35,66.0,66.19,"6,15,728","4,07,56,599.05","2,204","3,57,208",58.01
JMFINANCIL,EQ,19-09-2016,66.0,66.35,66.75,65.15,65.45,65.5,65.68,"2,47,030","1,62,25,866.00","1,340","1,33,651",54.1
JMFINANCIL,EQ,20-09-2016,65.5,66.6,66.7,65.3,65.9,65.8,65.89,"6,56,418","4,32,49,306.80","3,858","3,15,951",48.13
JMFINANCIL,EQ,21-09-2016,65.8,66.0,67.85,65.6,66.75,66.8,66.97,"16,36,846","10,96,17,897.45","8,223","5,86,152",35.81
JMFINANCIL,EQ,22-09-2016,66.8,67.5,67.85,65.7,66.45,66.55,66.59,"7,83,598","5,21,77,780.10","3,743","3,37,188",43.03
JMFINANCIL,EQ,23-09-2016,66.55,66.8,66.85,64.05,64.25,64.45,65.36,"7,13,242","4,66,18,389.85","3,567","3,94,358",55.29
JMFINANCIL,EQ,26-09-2016,64.45,65.05,66.5,64.1,65.75,65.85,65.31,"11,39,351","7,44,15,595.95","4,664","5,07,677",44.56
JMFINANCIL,EQ,27-09-2016,65.85,67.0,67.5,65.5,66.0,65.9,66.48,"6,60,559","4,39,16,027.10","3,544","2,33,650",35.37
JMFINANCIL,EQ,28-09-2016,65.9,66.4,67.4,65.3,66.25,66.1,66.39,"5,95,926","3,95,60,617.85","3,171","2,71,368",45.54
JMFINANCIL,EQ,29-09-2016,66.1,66.6,67.2,61.0,63.0,62.25,64.45,"11,10,139","7,15,49,276.40","4,500","6,38,864",57.55
JMFINANCIL,EQ,30-09-2016,62.25,62.25,65.2,61.2,64.8,64.65,63.67,"6,37,354","4,05,81,810.20","3,133","3,03,804",47.67
JMFINANCIL,EQ,03-10-2016,64.65,65.0,73.2,65.0,73.0,72.55,70.65,"43,07,406","30,43,35,037.95","22,763","16,31,427",37.87
JMFINANCIL,EQ,04-10-2016,72.55,73.55,75.3,71.2,72.0,72.25,73.1,"20,24,412","14,79,76,756.70","9,837","8,36,246",41.31
JMFINANCIL,EQ,05-10-2016,72.25,72.85,77.2,70.7,76.25,76.2,75.11,"29,57,379","22,21,27,613.00","13,075","11,66,464",39.44
JMFINANCIL,EQ,06-10-2016,76.2,76.35,77.0,72.0,73.5,73.15,74.55,"13,02,697","9,71,15,977.00","8,649","5,01,068",38.46
JMFINANCIL,EQ,07-10-2016,73.15,73.75,74.0,71.5,71.6,71.65,72.38,"6,43,433","4,65,69,853.70","3,006","2,71,275",42.16
JMFINANCIL,EQ,10-10-2016,71.65,72.0,73.65,71.8,72.0,72.05,72.37,"5,08,425","3,67,96,908.45","2,373","2,21,138",43.49
JMFINANCIL,EQ,13-10-2016,72.05,71.9,72.35,68.55,69.8,69.75,69.92,"9,04,750","6,32,59,124.40","3,198","6,14,675",67.94
JMFINANCIL,EQ,14-10-2016,69.75,70.2,72.3,69.6,71.9,71.6,71.27,"4,98,430","3,55,23,421.70","2,914","2,15,400",43.22
JMFINANCIL,EQ,17-10-2016,71.6,72.2,72.85,69.5,71.5,70.6,70.96,"6,05,370","4,29,58,043.45","2,717","3,29,681",54.46
JMFINANCIL,EQ,18-10-2016,70.6,71.1,75.65,71.0,74.2,74.3,73.95,"12,00,189","8,87,58,800.75","5,448","5,96,927",49.74
JMFINANCIL,EQ,19-10-2016,74.3,74.9,83.15,73.0,81.5,81.7,80.14,"60,68,789","48,63,76,981.25","26,480","16,89,412",27.84
JMFINANCIL,EQ,20-10-2016,81.7,82.4,82.65,79.1,79.95,79.8,80.79,"13,78,264","11,13,43,320.40","10,327","5,49,603",39.88
JMFINANCIL,EQ,21-10-2016,79.8,79.9,82.8,78.2,81.0,80.8,80.93,"15,80,124","12,78,85,284.30","8,254","3,98,398",25.21
JMFINANCIL,EQ,24-10-2016,80.8,81.1,85.8,79.55,84.5,83.85,83.72,"21,25,294","17,79,23,378.30","11,747","6,42,524",30.23
JMFINANCIL,EQ,25-10-2016,83.85,84.35,86.3,81.7,84.9,84.85,84.4,"14,72,113","12,42,40,757.20","7,527","4,73,153",32.14
JMFINANCIL,EQ,26-10-2016,84.85,83.5,86.5,83.0,83.75,83.8,84.82,"10,82,818","9,18,40,680.65","6,137","3,36,620",31.09
JMFINANCIL,EQ,27-10-2016,83.8,82.65,83.45,80.9,81.4,81.55,82.09,"28,25,953","23,19,96,381.20","4,099","23,58,025",83.44
JMFINANCIL,EQ,28-10-2016,81.55,81.9,86.2,81.5,86.0,85.2,83.86,"25,55,992","21,43,57,377.50","10,538","13,25,947",51.88
JMFINANCIL,EQ,30-10-2016,85.2,86.0,88.35,86.0,88.0,87.7,87.48,"9,42,986","8,24,91,752.80","4,411","5,44,152",57.71
JMFINANCIL,EQ,01-11-2016,87.7,89.0,90.9,80.05,84.1,84.05,87.26,"19,58,515","17,08,98,396.45","11,097","8,07,633",41.24
JMFINANCIL,EQ,02-11-2016,84.05,83.7,83.7,80.15,81.35,80.7,81.63,"7,48,041","6,10,62,126.60","4,278","3,70,414",49.52
JMFINANCIL,EQ,03-11-2016,80.7,81.0,82.7,80.8,81.0,80.95,81.55,"6,69,062","5,45,62,808.05","3,568","3,10,445",46.4
JMFINANCIL,EQ,04-11-2016,80.95,81.0,81.95,78.1,78.6,78.6,79.11,"5,93,087","4,69,19,844.00","3,118","3,00,991",50.75
JMFINANCIL,EQ,07-11-2016,78.6,81.35,82.2,79.6,81.25,81.15,80.87,"5,23,813","4,23,61,624.25","2,709","2,60,115",49.66
JMFINANCIL,EQ,08-11-2016,81.15,81.95,89.0,81.7,87.0,87.25,85.14,"18,44,240","15,70,17,518.70","10,165","9,97,495",54.09
JMFINANCIL,EQ,09-11-2016,87.25,76.05,79.2,70.1,77.75,77.4,74.51,"81,01,352","60,36,08,841.05","26,821","41,79,878",51.59
JMFINANCIL,EQ,10-11-2016,77.4,79.4,80.7,76.3,77.05,76.85,78.71,"21,85,582","17,20,18,625.00","10,832","11,33,004",51.84
JMFINANCIL,EQ,11-11-2016,76.85,75.0,76.0,70.0,71.0,70.7,72.52,"14,64,695","10,62,15,483.30","7,693","8,58,149",58.59
JMFINANCIL,EQ,15-11-2016,70.7,70.0,70.0,57.3,57.9,59.35,61.51,"37,00,374","22,76,08,802.50","17,713","17,53,611",47.39
JMFINANCIL,EQ,16-11-2016,59.35,60.55,63.15,57.55,57.9,59.2,60.56,"31,31,267","18,96,43,666.30","13,332","16,44,464",52.52
JMFINANCIL,EQ,17-11-2016,59.2,58.45,60.2,57.5,58.5,58.1,58.79,"15,12,519","8,89,25,699.60","5,832","8,66,708",57.3
JMFINANCIL,EQ,18-11-2016,58.1,58.55,59.75,57.7,58.3,58.45,58.33,"7,84,947","4,57,89,384.30","4,264","3,92,360",49.99
JMFINANCIL,EQ,21-11-2016,58.45,58.7,59.4,52.65,55.55,55.7,54.52,"27,58,045","15,03,75,083.50","11,544","14,03,968",50.9
JMFINANCIL,EQ,22-11-2016,55.7,56.25,60.0,56.2,59.25,58.8,58.06,"13,95,990","8,10,56,930.90","6,837","7,26,278",52.03
JMFINANCIL,EQ,23-11-2016,58.8,59.95,60.0,57.9,59.15,59.3,58.99,"12,20,437","7,19,89,349.15","5,402","5,92,616",48.56
JMFINANCIL,EQ,24-11-2016,59.3,58.8,62.2,58.0,58.8,58.85,59.75,"14,43,670","8,62,53,710.05","7,621","6,25,117",43.3
JMFINANCIL,EQ,25-11-2016,58.85,59.35,61.45,59.05,60.35,60.35,60.29,"12,59,709","7,59,47,489.30","5,756","6,23,242",49.48
JMFINANCIL,EQ,28-11-2016,60.35,60.0,66.35,59.65,66.35,66.35,64.58,"22,00,194","14,20,80,650.40","9,437","9,11,019",41.41
JMFINANCIL,EQ,29-11-2016,66.35,68.0,69.5,65.0,67.0,67.2,67.57,"17,18,323","11,61,15,630.00","11,734","8,14,197",47.38
JMFINANCIL,EQ,30-11-2016,67.2,67.4,70.85,66.0,69.65,70.0,69.22,"14,02,786","9,71,01,951.10","6,858","6,39,106",45.56
JMFINANCIL,EQ,01-12-2016,70.0,70.0,70.35,67.2,67.8,67.55,68.24,"5,96,827","4,07,27,665.45","3,899","2,96,119",49.62
JMFINANCIL,EQ,02-12-2016,67.55,67.0,67.0,63.75,64.7,64.5,65.54,"4,36,038","2,85,77,193.95","2,853","2,02,678",46.48
JMFINANCIL,EQ,05-12-2016,64.5,64.6,67.45,63.6,65.0,65.1,64.93,"3,21,506","2,08,76,153.25","2,343","1,44,692",45.0
JMFINANCIL,EQ,06-12-2016,65.1,66.65,72.4,66.05,70.2,70.4,69.87,"20,58,901","14,38,54,696.30","13,032","6,01,304",29.21
JMFINANCIL,EQ,07-12-2016,70.4,70.4,70.95,67.5,69.1,69.25,69.13,"6,43,919","4,45,11,181.80","4,142","2,21,622",34.42
JMFINANCIL,EQ,08-12-2016,69.25,70.4,71.95,69.6,70.9,70.9,70.94,"5,59,089","3,96,59,309.20","4,142","2,67,403",47.83
JMFINANCIL,EQ,09-12-2016,70.9,71.35,71.35,69.6,69.85,70.1,70.25,"3,10,564","2,18,16,673.25","2,661","1,32,109",42.54
JMFINANCIL,EQ,12-12-2016,70.1,69.4,69.75,67.6,67.9,67.85,68.61,"3,08,490","2,11,64,416.75","1,688","1,63,149",52.89
JMFINANCIL,EQ,13-12-2016,67.85,68.5,70.25,67.65,69.0,69.1,69.2,"3,91,321","2,70,81,064.90","3,008","1,63,093",41.68
JMFINANCIL,EQ,14-12-2016,69.1,69.15,70.45,66.7,67.0,67.15,68.29,"3,21,288","2,19,39,821.50","2,703","1,78,858",55.67
JMFINANCIL,EQ,15-12-2016,67.15,66.05,68.6,66.05,67.6,67.4,67.65,"2,97,069","2,00,97,520.90","2,247","94,209",31.71
JMFINANCIL,EQ,16-12-2016,67.4,67.95,68.25,64.65,64.9,65.1,66.01,"3,19,176","2,10,67,475.75","2,026","2,04,672",64.13
JMFINANCIL,EQ,19-12-2016,65.1,65.0,68.1,64.8,67.15,66.6,66.81,"4,26,860","2,85,17,636.45","3,085","1,23,586",28.95
JMFINANCIL,EQ,20-12-2016,66.6,66.0,67.25,63.5,65.65,64.5,64.87,"5,89,328","3,82,27,079.30","3,076","2,73,943",46.48
JMFINANCIL,EQ,21-12-2016,64.5,65.2,69.4,64.3,67.25,67.3,67.55,"16,61,362","11,22,20,976.45","9,103","3,01,491",18.15
JMFINANCIL,EQ,22-12-2016,67.3,67.4,68.1,65.55,66.85,66.7,66.74,"7,18,270","4,79,34,709.30","4,246","1,84,519",25.69
JMFINANCIL,EQ,23-12-2016,66.7,66.9,67.8,66.0,66.3,66.7,66.84,"3,72,969","2,49,28,999.80","2,681","1,02,548",27.5
JMFINANCIL,EQ,26-12-2016,66.7,66.95,66.95,63.7,63.8,64.1,64.93,"3,60,582","2,34,11,513.00","2,513","1,54,007",42.71
JMFINANCIL,EQ,27-12-2016,64.1,64.0,66.0,63.15,65.55,65.6,64.96,"5,29,415","3,43,88,647.65","3,429","1,81,978",34.37
JMFINANCIL,EQ,28-12-2016,65.6,66.0,67.5,65.2,65.55,65.55,66.27,"4,69,848","3,11,38,519.05","3,160","1,50,220",31.97
JMFINANCIL,EQ,29-12-2016,65.55,65.0,66.7,65.0,66.2,66.1,66.08,"2,61,750","1,72,96,342.05","1,620","1,15,731",44.21
JMFINANCIL,EQ,30-12-2016,66.1,66.6,67.25,66.1,66.3,66.25,66.65,"4,62,882","3,08,51,626.10","2,591","2,29,609",49.6
JMFINANCIL,EQ,02-01-2017,66.25,66.75,68.4,66.2,67.4,67.7,67.38,"4,09,961","2,76,21,610.60","2,632","1,91,034",46.6
JMFINANCIL,EQ,03-01-2017,67.7,68.0,69.6,67.2,68.5,68.45,68.63,"5,23,289","3,59,10,841.00","3,614","1,82,133",34.81
JMFINANCIL,EQ,04-01-2017,68.45,68.5,70.7,68.2,70.45,70.1,69.64,"8,23,777","5,73,71,352.65","4,766","3,47,119",42.14
JMFINANCIL,EQ,05-01-2017,70.1,70.95,71.2,69.1,70.0,70.05,70.37,"3,39,223","2,38,71,400.70","2,869","1,59,165",46.92
JMFINANCIL,EQ,06-01-2017,70.05,70.7,71.8,69.0,69.25,69.55,70.34,"5,63,495","3,96,34,908.90","3,744","2,05,050",36.39
JMFINANCIL,EQ,09-01-2017,69.55,70.0,71.25,69.2,69.4,69.7,70.02,"3,65,264","2,55,74,888.25","2,843","80,805",22.12
JMFINANCIL,EQ,10-01-2017,69.7,69.7,71.0,68.85,69.3,69.4,69.68,"3,63,767","2,53,45,946.10","2,266","1,99,488",54.84
JMFINANCIL,EQ,11-01-2017,69.4,69.8,72.9,69.75,71.35,71.4,71.6,"14,38,814","10,30,23,238.20","6,033","6,65,193",46.23
JMFINANCIL,EQ,12-01-2017,71.4,72.05,72.4,71.1,71.9,71.6,71.79,"8,46,035","6,07,39,288.30","5,514","2,63,278",31.12
JMFINANCIL,EQ,13-01-2017,71.6,71.8,72.1,70.1,70.7,70.75,70.98,"4,44,453","3,15,48,163.20","3,396","1,12,516",25.32
JMFINANCIL,EQ,16-01-2017,70.75,70.75,71.9,70.1,71.5,71.15,71.12,"3,79,802","2,70,10,975.30","2,813","1,17,604",30.96
JMFINANCIL,EQ,17-01-2017,71.15,71.2,74.25,70.05,73.8,73.7,72.92,"14,33,067","10,44,93,311.05","7,108","5,83,014",40.68
JMFINANCIL,EQ,18-01-2017,73.7,74.45,74.7,72.55,72.9,73.05,73.79,"9,49,028","7,00,30,221.65","8,191","4,81,197",50.7
JMFINANCIL,EQ,19-01-2017,73.05,73.0,74.3,73.0,73.5,73.3,73.56,"5,52,050","4,06,07,260.70","3,828","2,67,489",48.45
JMFINANCIL,EQ,20-01-2017,73.3,73.3,73.3,70.2,71.0,70.85,71.24,"6,02,423","4,29,18,852.45","2,863","3,64,293",60.47
JMFINANCIL,EQ,23-01-2017,70.85,71.0,73.3,70.3,72.75,72.6,72.27,"7,56,574","5,46,75,973.45","3,670","3,20,593",42.37
JMFINANCIL,EQ,24-01-2017,72.6,73.1,73.6,70.75,71.55,71.4,71.61,"9,23,607","6,61,35,941.25","4,728","4,70,303",50.92
JMFINANCIL,EQ,25-01-2017,71.4,72.0,72.95,71.4,71.8,72.2,72.35,"5,73,056","4,14,59,764.55","3,462","2,76,854",48.31
JMFINANCIL,EQ,27-01-2017,72.2,72.5,72.9,71.5,71.75,71.9,72.36,"4,06,977","2,94,50,238.25","2,431","2,37,393",58.33
JMFINANCIL,EQ,30-01-2017,71.9,71.7,72.3,70.3,70.3,70.55,71.04,"3,08,862","2,19,41,415.40","2,363","1,60,688",52.03
JMFINANCIL,EQ,31-01-2017,70.55,70.3,71.45,68.15,68.55,68.6,68.94,"6,19,055","4,26,79,869.75","5,052","3,97,772",64.25
JMFINANCIL,EQ,01-02-2017,68.6,68.85,76.2,67.75,75.0,74.85,73.12,"24,55,184","17,95,23,655.40","15,017","13,82,382",56.3
JMFINANCIL,EQ,02-02-2017,74.85,74.45,76.6,74.15,75.15,75.35,75.32,"18,68,220","14,07,10,947.55","10,984","6,76,060",36.19
JMFINANCIL,EQ,03-02-2017,75.35,75.1,77.1,74.9,74.95,75.35,75.86,"9,06,454","6,87,61,338.10","5,659","4,13,162",45.58
JMFINANCIL,EQ,06-02-2017,75.35,76.0,77.9,75.0,75.05,75.5,76.64,"13,33,745","10,22,15,762.20","9,229","7,23,600",54.25
JMFINANCIL,EQ,07-02-2017,75.5,75.35,77.1,74.95,75.8,75.35,75.81,"7,29,332","5,52,92,057.60","4,880","2,80,070",38.4
JMFINANCIL,EQ,08-02-2017,75.35,75.4,77.0,74.1,75.35,75.6,75.97,"9,86,544","7,49,49,164.30","7,222","4,08,719",41.43
JMFINANCIL,EQ,09-02-2017,75.6,77.0,77.9,74.05,74.95,74.7,76.06,"13,48,720","10,25,87,512.70","6,547","6,87,733",50.99
JMFINANCIL,EQ,10-02-2017,74.7,75.35,76.3,74.8,75.5,75.5,75.54,"5,54,693","4,18,99,323.10","3,918","3,11,951",56.24
JMFINANCIL,EQ,13-02-2017,75.5,76.5,76.7,75.1,75.9,76.1,75.84,"9,81,143","7,44,08,061.50","5,953","4,97,543",50.71
JMFINANCIL,EQ,14-02-2017,76.1,76.25,79.3,75.3,78.55,78.15,77.32,"13,19,466","10,20,26,071.15","5,370","7,57,924",57.44
JMFINANCIL,EQ,15-02-2017,78.15,78.85,78.9,75.4,77.1,77.0,77.04,"9,36,346","7,21,34,668.70","6,290","4,18,572",44.7
JMFINANCIL,EQ,16-02-2017,77.0,77.0,82.25,76.35,81.4,81.5,79.93,"34,11,792","27,27,11,635.20","16,093","16,65,015",48.8
JMFINANCIL,EQ,17-02-2017,81.5,81.7,85.5,80.55,82.7,82.7,83.06,"16,88,820","14,02,80,378.20","8,798","8,41,929",49.85
JMFINANCIL,EQ,20-02-2017,82.7,82.95,85.2,82.05,84.9,84.65,83.86,"13,51,797","11,33,67,446.65","5,955","6,33,128",46.84
JMFINANCIL,EQ,21-02-2017,84.65,85.35,86.4,84.15,85.6,85.85,85.25,"12,76,987","10,88,63,470.95","8,917","3,63,364",28.45
JMFINANCIL,EQ,22-02-2017,85.85,86.0,86.2,83.35,85.0,84.75,84.73,"8,87,128","7,51,65,856.90","4,315","3,91,668",44.15
JMFINANCIL,EQ,23-02-2017,84.75,84.75,85.2,83.4,84.3,84.25,84.3,"6,59,227","5,55,73,438.25","3,245","2,90,237",44.03
JMFINANCIL,EQ,27-02-2017,84.25,85.5,87.8,84.5,85.6,85.45,85.89,"18,89,748","16,23,08,169.15","13,665","8,55,426",45.27
JMFINANCIL,EQ,28-02-2017,85.45,85.85,86.0,84.55,84.9,84.85,85.13,"8,12,179","6,91,41,138.85","5,378","4,08,403",50.28
JMFINANCIL,EQ,01-03-2017,84.85,84.55,85.5,83.8,84.3,84.3,84.69,"5,40,676","4,57,90,593.30","4,227","2,25,175",41.65
JMFINANCIL,EQ,02-03-2017,84.3,85.15,85.15,81.5,83.4,82.8,83.31,"7,41,565","6,17,83,016.00","5,018","3,36,677",45.4
JMFINANCIL,EQ,03-03-2017,82.8,82.25,82.75,81.25,82.0,81.85,81.79,"5,96,103","4,87,54,933.50","2,682","3,85,442",64.66
JMFINANCIL,EQ,06-03-2017,81.85,83.0,83.7,81.6,82.55,82.4,82.55,"5,44,156","4,49,19,127.45","3,662","1,67,627",30.8
JMFINANCIL,EQ,07-03-2017,82.4,82.5,82.7,81.45,81.45,81.7,82.01,"2,47,770","2,03,18,445.55","2,215","72,594",29.3
JMFINANCIL,EQ,08-03-2017,81.7,82.25,82.3,79.5,80.0,80.1,80.65,"3,95,125","3,18,66,294.90","2,764","1,40,060",35.45
JMFINANCIL,BL,09-03-2017,768.3,78.75,78.75,78.75,78.75,78.75,78.75,"23,00,000","18,11,25,000.00",2,"23,00,000",100.0
JMFINANCIL,EQ,09-03-2017,80.1,80.0,82.9,79.15,81.2,80.7,81.06,"6,01,752","4,87,75,265.70","5,551","2,15,851",35.87
JMFINANCIL,EQ,10-03-2017,80.7,79.55,82.95,79.55,80.1,79.95,81.16,"5,21,155","4,22,96,733.15","3,311","2,09,082",40.12
JMFINANCIL,EQ,14-03-2017,79.95,82.95,84.3,81.85,83.8,83.35,82.92,"9,85,737","8,17,37,673.85","8,582","6,24,857",63.39
JMFINANCIL,EQ,15-03-2017,83.35,83.75,87.4,83.0,84.7,85.05,85.23,"14,42,308","12,29,31,395.55","9,717","8,50,351",58.96
JMFINANCIL,EQ,16-03-2017,85.05,85.6,87.2,84.9,86.0,85.95,86.05,"6,12,533","5,27,10,430.30","4,269","3,76,577",61.48
JMFINANCIL,EQ,17-03-2017,85.95,85.95,87.7,83.35,84.7,84.55,85.68,"8,00,870","6,86,21,725.70","7,061","3,92,340",48.99
JMFINANCIL,EQ,20-03-2017,84.55,84.8,85.2,81.0,82.05,81.95,82.39,"5,66,506","4,66,72,314.35","4,999","2,99,018",52.78
JMFINANCIL,EQ,21-03-2017,81.95,82.05,83.25,79.3,80.45,80.6,80.9,"8,89,219","7,19,35,009.55","5,899","3,78,542",42.57
JMFINANCIL,EQ,22-03-2017,80.6,79.85,80.75,78.2,80.35,79.85,79.85,"3,09,116","2,46,81,809.85","2,348","1,20,005",38.82
JMFINANCIL,EQ,23-03-2017,79.85,80.05,82.5,80.05,81.85,81.95,81.51,"3,30,397","2,69,29,216.90","2,139","1,44,856",43.84
JMFINANCIL,EQ,24-03-2017,81.95,82.5,83.4,81.95,82.45,82.6,82.58,"4,69,209","3,87,47,679.85","3,836","2,71,095",57.78
JMFINANCIL,EQ,27-03-2017,82.6,82.5,82.8,80.35,80.7,80.6,81.27,"2,94,362","2,39,22,207.95","1,956","1,55,562",52.85
JMFINANCIL,EQ,28-03-2017,80.6,81.05,86.9,80.6,83.85,83.9,83.83,"15,05,141","12,61,74,346.80","8,868","6,69,093",44.45
JMFINANCIL,EQ,29-03-2017,83.9,84.5,90.0,83.3,89.8,89.3,86.09,"62,48,357","53,79,02,558.80","14,170","43,63,604",69.84
JMFINANCIL,EQ,30-03-2017,89.3,90.25,93.0,89.15,89.6,89.8,90.93,"56,38,288","51,26,67,957.30","18,290","41,15,426",72.99
JMFINANCIL,EQ,31-03-2017,89.8,90.4,90.7,88.1,88.25,88.6,89.12,"9,00,480","8,02,52,589.40","5,221","5,30,203",58.88
JMFINANCIL,EQ,03-04-2017,88.6,89.35,91.35,88.3,89.8,89.8,89.95,"10,19,066","9,16,67,788.25","8,865","4,98,777",48.94
JMFINANCIL,EQ,05-04-2017,89.8,90.3,90.45,87.75,89.1,89.05,89.16,"16,17,442","14,42,10,943.50","8,917","10,27,373",63.52
JMFINANCIL,EQ,06-04-2017,89.05,88.75,90.55,88.15,89.6,89.95,89.56,"13,76,225","12,32,49,603.70","9,468","6,90,467",50.17
JMFINANCIL,EQ,07-04-2017,89.95,90.0,94.4,90.0,93.85,93.15,92.59,"34,41,230","31,86,07,151.25","32,086","15,58,945",45.3
JMFINANCIL,EQ,10-04-2017,93.15,94.4,99.7,94.1,99.0,98.55,97.8,"55,57,768","54,35,37,834.70","79,015","27,57,841",49.62
JMFINANCIL,EQ,11-04-2017,98.55,99.75,106.9,98.55,102.35,102.0,100.76,"1,86,70,926","1,88,13,51,387.95","48,325","1,29,80,236",69.52
JMFINANCIL,EQ,12-04-2017,102.0,102.4,102.5,98.55,101.85,101.55,100.57,"18,76,893","18,87,55,763.80","8,759","7,84,560",41.8
JMFINANCIL,EQ,13-04-2017,101.55,101.5,101.5,98.9,98.9,100.1,100.03,"8,82,356","8,82,66,441.00","5,657","4,22,054",47.83
JMFINANCIL,EQ,17-04-2017,100.1,100.0,105.5,96.4,104.0,104.35,102.26,"23,22,156","23,74,54,925.45","11,192","9,11,961",39.27
JMFINANCIL,EQ,18-04-2017,104.35,106.4,107.5,101.15,103.5,102.6,104.78,"27,37,752","28,68,73,156.00","19,387","11,40,498",41.66
JMFINANCIL,EQ,19-04-2017,102.6,102.9,104.65,100.3,103.85,104.05,102.85,"11,69,988","12,03,38,471.50","7,769","4,93,882",42.21
JMFINANCIL,EQ,20-04-2017,104.05,104.5,109.6,103.45,108.35,108.85,107.08,"22,39,724","23,98,21,988.95","11,768","9,93,671",44.37
JMFINANCIL,EQ,21-04-2017,108.85,109.9,109.9,106.15,108.0,107.85,107.8,"11,12,835","11,99,58,548.50","6,351","5,60,784",50.39
JMFINANCIL,EQ,24-04-2017,107.85,106.2,113.5,106.1,113.0,112.2,110.19,"18,25,038","20,10,92,101.45","10,207","8,31,665",45.57
JMFINANCIL,EQ,25-04-2017,112.2,114.4,115.85,112.35,115.15,114.8,114.17,"19,25,224","21,97,96,050.10","10,772","8,53,703",44.34
JMFINANCIL,EQ,26-04-2017,114.8,115.0,120.4,112.3,116.4,115.55,115.66,"86,48,673","1,00,03,16,577.35","16,571","59,86,510",69.22
JMFINANCIL,EQ,27-04-2017,115.55,118.0,118.3,113.2,115.05,115.2,115.26,"16,22,229","18,69,70,199.60","15,424","7,40,956",45.68
JMFINANCIL,EQ,28-04-2017,115.2,115.05,116.85,112.85,116.05,115.55,114.48,"12,92,253","14,79,32,500.50","6,327","7,33,002",56.72
JMFINANCIL,EQ,02-05-2017,115.55,116.6,118.1,115.5,116.7,117.1,116.81,"11,19,640","13,07,89,016.20","6,271","5,79,445",51.75
JMFINANCIL,EQ,03-05-2017,117.1,122.0,124.4,120.15,120.9,120.85,121.8,"41,12,313","50,08,66,618.65","21,880","13,21,880",32.14
JMFINANCIL,EQ,04-05-2017,120.85,121.4,122.0,117.2,119.3,119.7,119.31,"11,64,273","13,89,12,904.35","10,403","5,51,564",47.37
JMFINANCIL,EQ,05-05-2017,119.7,120.2,122.0,117.5,119.1,118.5,119.48,"10,85,864","12,97,38,589.35","6,125","5,01,595",46.19
JMFINANCIL,EQ,08-05-2017,118.5,119.55,119.6,117.35,118.9,119.1,118.71,"6,15,863","7,31,08,926.25","4,615","3,14,374",51.05
JMFINANCIL,EQ,09-05-2017,119.1,118.7,121.45,118.1,119.3,119.8,120.13,"7,22,712","8,68,18,275.35","6,124","3,67,556",50.86
JMFINANCIL,EQ,10-05-2017,119.8,121.0,121.0,118.2,119.5,119.5,119.49,"6,60,631","7,89,40,179.55","5,323","3,62,898",54.93
JMFINANCIL,EQ,11-05-2017,119.5,118.95,122.3,118.0,118.05,118.3,119.97,"9,41,555","11,29,57,513.10","6,335","4,70,904",50.01
JMFINANCIL,EQ,12-05-2017,118.3,118.2,120.0,117.15,118.1,117.95,117.95,"6,87,422","8,10,83,515.25","4,782","4,00,568",58.27
JMFINANCIL,EQ,15-05-2017,117.95,118.15,119.4,117.2,118.0,118.2,118.02,"4,88,399","5,76,38,648.30","3,305","2,87,901",58.95
JMFINANCIL,EQ,16-05-2017,118.2,118.1,119.1,117.0,118.0,118.3,118.09,"5,40,400","6,38,13,819.50","3,779","3,31,528",61.35
JMFINANCIL,EQ,17-05-2017,118.3,117.9,118.5,116.8,116.8,116.95,117.6,"4,66,862","5,49,03,986.95","2,597","2,97,123",63.64
JMFINANCIL,EQ,18-05-2017,116.95,116.0,117.8,114.35,114.5,114.9,115.89,"5,42,864","6,29,10,476.60","2,432","3,55,647",65.51
JMFINANCIL,EQ,19-05-2017,114.9,115.05,118.0,115.05,117.1,116.75,117.14,"16,89,915","19,79,52,506.00","5,190","12,95,600",76.67
JMFINANCIL,EQ,22-05-2017,116.75,117.0,119.3,117.0,118.05,118.15,118.22,"6,34,960","7,50,61,808.55","5,709","4,17,653",65.78
JMFINANCIL,EQ,23-05-2017,118.15,118.5,118.5,112.05,114.55,113.55,114.47,"10,83,666","12,40,48,013.65","8,973","6,17,595",56.99
JMFINANCIL,EQ,24-05-2017,113.55,113.15,116.35,113.05,115.2,115.05,114.85,"5,83,498","6,70,16,290.95","5,478","3,43,790",58.92
JMFINANCIL,EQ,25-05-2017,115.05,116.95,119.95,113.5,119.25,117.8,116.38,"4,06,707","4,73,34,378.90","4,937","2,41,861",59.47
JMFINANCIL,EQ,26-05-2017,117.8,119.0,131.8,118.15,128.95,129.8,126.83,"36,73,528","46,59,20,388.60","32,986","15,41,681",41.97
JMFINANCIL,EQ,29-05-2017,129.8,126.4,129.3,124.0,125.8,124.95,126.55,"7,70,335","9,74,85,558.70","6,261","2,67,218",34.69
JMFINANCIL,EQ,30-05-2017,124.95,124.9,125.7,122.1,124.3,124.35,123.82,"4,58,915","5,68,21,506.70","5,143","2,21,364",48.24
JMFINANCIL,EQ,31-05-2017,124.35,124.2,126.55,121.55,121.55,122.9,124.75,"18,59,804","23,20,01,940.40","7,629","13,52,917",72.75
JMFINANCIL,EQ,01-06-2017,122.9,122.25,123.6,121.8,122.2,122.6,122.63,"3,11,168","3,81,59,747.25","3,622","1,08,359",34.82
JMFINANCIL,EQ,02-06-2017,122.6,123.0,129.3,123.0,126.2,126.15,126.52,"7,48,931","9,47,55,431.80","5,326","3,10,446",41.45
JMFINANCIL,EQ,05-06-2017,126.15,126.4,127.95,124.5,125.0,125.6,126.28,"4,45,943","5,63,12,391.75","4,990","1,48,169",33.23
JMFINANCIL,EQ,06-06-2017,125.6,125.5,125.9,123.0,125.5,125.25,124.82,"3,43,706","4,29,01,025.55","5,671","1,26,457",36.79
JMFINANCIL,EQ,07-06-2017,125.25,125.95,130.85,125.85,126.95,127.4,128.74,"40,86,242","52,60,81,927.35","15,712","30,83,270",75.45
JMFINANCIL,EQ,08-06-2017,127.4,128.15,129.25,125.85,127.5,128.5,127.56,"6,08,691","7,76,41,682.70","7,416","2,01,181",33.05
JMFINANCIL,EQ,09-06-2017,128.5,128.7,131.0,127.1,127.95,127.8,129.33,"20,25,135","26,19,01,724.95","21,271","13,87,305",68.5
JMFINANCIL,EQ,12-06-2017,127.8,126.05,128.0,125.0,125.2,125.25,126.22,"3,68,289","4,64,85,171.60","3,018","1,48,666",40.37
JMFINANCIL,EQ,13-06-2017,125.25,126.4,128.0,125.3,125.6,126.15,126.81,"3,78,014","4,79,35,509.40","3,244","1,23,066",32.56
JMFINANCIL,EQ,14-06-2017,126.15,126.15,129.2,125.6,128.0,127.85,127.85,"16,52,518","21,12,73,697.20","9,033","9,83,099",59.49
JMFINANCIL,EQ,15-06-2017,127.85,127.85,129.65,125.75,126.5,126.9,127.73,"7,73,978","9,88,61,924.10","7,499","3,33,540",43.09
JMFINANCIL,EQ,16-06-2017,126.9,126.5,127.3,118.1,119.5,120.55,122.33,"28,39,660","34,73,87,737.90","20,986","19,44,101",68.46
JMFINANCIL,EQ,19-06-2017,120.55,120.75,122.4,119.45,121.6,121.35,120.78,"5,52,030","6,66,72,831.05","4,405","2,52,349",45.71
JMFINANCIL,EQ,20-06-2017,121.35,121.6,125.0,121.1,124.45,124.8,123.89,"7,62,950","9,45,23,611.50","8,918","4,38,532",57.48
JMFINANCIL,EQ,21-06-2017,124.8,124.2,124.2,122.0,122.5,122.45,122.61,"4,70,444","5,76,81,006.25","4,420","2,18,051",46.35
JMFINANCIL,EQ,22-06-2017,122.45,125.1,125.9,122.4,123.0,122.95,124.1,"6,60,070","8,19,16,710.15","5,277","2,56,095",38.8
JMFINANCIL,EQ,23-06-2017,122.95,123.0,123.5,117.55,120.9,120.3,119.68,"7,65,833","9,16,52,749.65","4,540","3,07,554",40.16
JMFINANCIL,EQ,27-06-2017,120.3,120.5,121.4,115.1,115.9,115.9,117.7,"6,13,271","7,21,79,699.65","4,404","3,37,771",55.08
JMFINANCIL,EQ,28-06-2017,115.9,114.75,116.95,114.05,116.1,115.7,115.78,"4,07,950","4,72,31,505.55","3,351","1,65,378",40.54
JMFINANCIL,EQ,29-06-2017,115.7,116.2,119.0,116.2,116.65,116.95,117.88,"4,65,695","5,48,96,819.10","4,063","2,55,170",54.79
JMFINANCIL,EQ,30-06-2017,116.95,116.1,117.95,115.0,117.05,117.5,116.73,"3,51,327","4,10,09,332.65","2,755","1,10,980",31.59
JMFINANCIL,EQ,03-07-2017,117.5,117.5,118.4,115.1,115.6,115.8,116.1,"3,87,394","4,49,77,997.05","4,397","1,86,509",48.14
JMFINANCIL,EQ,04-07-2017,115.8,116.4,121.5,115.5,119.7,120.1,119.0,"8,07,424","9,60,87,190.80","6,027","4,10,400",50.83
JMFINANCIL,EQ,05-07-2017,120.1,121.0,123.0,120.55,121.35,121.6,121.64,"7,40,182","9,00,32,161.40","5,703","1,96,743",26.58
JMFINANCIL,EQ,06-07-2017,121.6,121.45,123.65,120.5,122.8,122.1,122.42,"8,19,496","10,03,23,388.45","5,248","4,30,046",52.48
JMFINANCIL,EQ,07-07-2017,122.1,121.95,126.0,121.1,124.6,124.75,124.07,"8,93,260","11,08,30,429.35","8,493","4,75,155",53.19
JMFINANCIL,EQ,10-07-2017,124.75,125.75,127.0,122.0,126.05,125.95,125.72,"1,51,984","1,91,07,654.75",939,"78,076",51.37
JMFINANCIL,EQ,11-07-2017,125.95,126.9,126.9,124.65,126.7,126.2,125.87,"6,64,522","8,36,46,229.20","6,706","3,65,894",55.06
JMFINANCIL,EQ,12-07-2017,126.2,126.6,128.0,124.7,127.05,127.55,126.63,"9,08,554","11,50,54,543.45","9,731","5,15,201",56.71
JMFINANCIL,EQ,13-07-2017,127.55,128.0,128.65,126.0,127.5,126.95,127.39,"5,52,128","7,03,38,163.00","5,666","2,86,250",51.84
JMFINANCIL,EQ,14-07-2017,126.95,126.25,127.15,122.5,125.7,125.5,124.56,"4,08,502","5,08,82,208.60","3,908","1,18,383",28.98
JMFINANCIL,EQ,17-07-2017,125.5,125.9,127.9,125.65,126.5,126.45,126.96,"6,70,850","8,51,73,221.90","8,773","3,19,444",47.62
JMFINANCIL,EQ,18-07-2017,126.45,126.9,128.2,123.6,123.65,124.25,126.17,"5,33,430","6,73,01,187.45","4,760","2,37,670",44.56
JMFINANCIL,EQ,19-07-2017,124.25,126.5,127.5,124.55,126.8,126.55,126.14,"4,57,722","5,77,37,032.75","3,264","1,55,041",33.87
JMFINANCIL,EQ,20-07-2017,126.55,127.0,130.3,126.0,126.15,127.5,127.94,"12,28,590","15,71,85,288.35","12,177","5,86,045",47.7
JMFINANCIL,EQ,21-07-2017,127.5,127.1,128.95,125.5,127.7,128.0,127.0,"6,38,643","8,11,06,317.80","4,987","3,08,883",48.37
JMFINANCIL,EQ,24-07-2017,128.0,128.45,128.45,125.65,127.9,127.3,127.64,"7,66,063","9,77,83,728.85","7,160","4,85,470",63.37
JMFINANCIL,EQ,25-07-2017,127.3,129.4,129.7,125.05,125.4,126.25,127.34,"14,89,413","18,96,59,897.80","13,322","7,07,548",47.51
JMFINANCIL,EQ,26-07-2017,126.25,126.0,127.7,124.05,124.05,124.5,125.53,"3,70,676","4,65,32,282.85","3,751","1,99,842",53.91
JMFINANCIL,EQ,27-07-2017,124.5,124.6,125.0,120.2,120.65,120.9,122.04,"7,38,084","9,00,72,350.35","4,309","4,43,184",60.05
JMFINANCIL,EQ,28-07-2017,120.9,120.85,124.7,120.85,122.2,122.35,123.09,"5,13,022","6,31,47,323.95","3,470","2,41,831",47.14
JMFINANCIL,EQ,31-07-2017,122.35,121.9,123.9,118.5,120.4,120.15,120.41,"4,06,096","4,88,96,885.65","4,511","1,99,274",49.07
JMFINANCIL,EQ,01-08-2017,120.15,119.75,123.1,118.85,119.55,119.9,121.03,"4,09,253","4,95,33,831.60","4,501","2,34,024",57.18
JMFINANCIL,EQ,02-08-2017,119.9,119.6,122.3,119.6,120.4,120.3,120.91,"5,36,299","6,48,41,499.95","3,113","3,58,204",66.79
JMFINANCIL,EQ,03-08-2017,120.3,121.95,126.4,119.65,123.3,123.4,123.86,"12,96,270","16,05,54,350.55","10,223","6,38,485",49.26
JMFINANCIL,EQ,04-08-2017,123.4,124.2,124.7,121.6,123.95,123.1,123.43,"9,74,530","12,02,86,313.95","5,042","6,50,293",66.73
JMFINANCIL,EQ,07-08-2017,123.1,123.5,125.55,122.7,123.6,123.95,124.35,"4,69,359","5,83,62,719.20","5,789","2,70,952",57.73
JMFINANCIL,EQ,08-08-2017,123.95,123.95,128.0,120.85,122.9,123.4,123.0,"50,10,681","61,62,99,404.35","9,537","40,25,203",80.33
JMFINANCIL,EQ,09-08-2017,123.4,123.4,128.35,122.0,123.8,124.25,126.42,"16,25,802","20,55,35,486.85","13,546","6,97,485",42.9
JMFINANCIL,EQ,10-08-2017,124.25,123.4,123.7,116.0,119.5,117.4,120.08,"7,75,834","9,31,59,740.75","7,469","4,58,051",59.04
JMFINANCIL,EQ,11-08-2017,117.4,112.6,120.55,112.5,118.85,117.95,117.07,"8,17,738","9,57,29,482.05","7,248","3,84,840",47.06
JMFINANCIL,EQ,14-08-2017,117.95,119.9,120.85,118.95,120.4,120.4,120.17,"2,66,488","3,20,23,871.85","3,764","1,30,936",49.13
JMFINANCIL,EQ,16-08-2017,120.4,120.75,125.0,119.9,124.35,124.65,123.21,"4,35,182","5,36,16,812.35","6,153","2,32,179",53.35
JMFINANCIL,EQ,17-08-2017,124.65,124.95,128.45,123.9,127.0,126.6,126.71,"9,69,519","12,28,44,391.20","10,122","4,96,040",51.16
JMFINANCIL,EQ,18-08-2017,126.6,125.5,126.25,124.3,125.0,125.7,125.42,"3,40,190","4,26,65,960.60","3,419","1,70,280",50.05
JMFINANCIL,EQ,21-08-2017,125.7,126.25,129.65,120.25,121.25,121.25,125.61,"8,09,247","10,16,52,016.35","6,180","4,00,040",49.43
JMFINANCIL,EQ,22-08-2017,121.25,121.75,127.2,121.75,124.9,124.5,124.81,"8,41,261","10,49,95,990.20","7,284","3,58,022",42.56
JMFINANCIL,EQ,23-08-2017,124.5,125.25,128.65,125.1,127.4,127.25,127.41,"15,24,051","19,41,86,262.45","12,539","8,98,320",58.94
JMFINANCIL,EQ,24-08-2017,127.25,128.6,128.6,125.75,126.3,126.25,126.77,"3,96,120","5,02,17,427.95","4,315","2,12,799",53.72
JMFINANCIL,EQ,28-08-2017,126.25,127.4,127.4,125.25,126.0,126.0,126.15,"3,59,310","4,53,25,236.45","4,432","1,86,838",52.0
JMFINANCIL,EQ,29-08-2017,126.0,125.1,128.25,124.6,126.1,126.35,126.73,"8,54,022","10,82,31,365.90","8,319","4,37,550",51.23
JMFINANCIL,EQ,30-08-2017,126.35,126.85,128.25,126.25,127.0,126.8,127.41,"4,34,750","5,53,93,064.00","4,925","2,43,384",55.98
JMFINANCIL,EQ,31-08-2017,126.8,126.85,138.8,126.85,134.65,134.2,134.15,"51,17,400","68,64,93,985.15","35,953","23,83,709",46.58
JMFINANCIL,EQ,01-09-2017,134.2,136.0,144.4,133.8,142.7,142.25,139.52,"58,37,814","81,44,77,638.20","34,063","25,23,795",43.23
JMFINANCIL,EQ,04-09-2017,142.25,143.2,149.5,139.0,148.45,148.0,143.66,"63,78,083","91,62,52,304.95","37,500","27,71,786",43.46
JMFINANCIL,EQ,05-09-2017,148.0,150.5,151.65,143.2,144.55,145.1,146.72,"26,90,516","39,47,57,823.05","22,159","11,14,056",41.41
JMFINANCIL,EQ,06-09-2017,145.1,143.95,149.5,141.0,146.0,146.9,147.02,"28,96,852","42,59,04,379.65","25,119","15,50,283",53.52
JMFINANCIL,EQ,07-09-2017,146.9,148.2,148.55,145.15,146.0,146.05,146.17,"16,35,534","23,90,71,482.25","17,435","10,35,091",63.29
JMFINANCIL,EQ,08-09-2017,146.05,146.8,146.95,142.6,144.0,144.0,144.67,"12,27,866","17,76,41,175.35","18,322","7,01,765",57.15
JMFINANCIL,EQ,11-09-2017,144.0,145.7,146.2,142.75,144.25,144.1,143.96,"8,97,784","12,92,49,342.80","8,854","5,58,118",62.17
JMFINANCIL,EQ,12-09-2017,144.1,144.9,153.6,144.6,148.65,148.65,149.43,"37,32,882","55,78,00,981.95","19,248","24,36,760",65.28
JMFINANCIL,EQ,13-09-2017,148.65,148.95,150.1,143.6,144.55,144.9,148.27,"33,07,782","49,04,53,341.70","10,829","24,19,524",73.15
JMFINANCIL,EQ,14-09-2017,144.9,144.95,148.5,144.2,147.75,147.8,146.7,"10,86,232","15,93,54,370.75","9,277","6,30,457",58.04
JMFINANCIL,EQ,15-09-2017,147.8,147.1,148.3,142.75,145.6,145.75,145.85,"36,20,591","52,80,69,928.25","30,423","24,66,876",68.13
JMFINANCIL,EQ,18-09-2017,145.75,147.4,152.5,147.4,148.65,148.85,149.94,"24,51,455","36,75,74,380.00","30,081","15,80,550",64.47
JMFINANCIL,EQ,19-09-2017,148.85,149.9,149.9,147.0,147.7,148.05,148.44,"9,51,295","14,12,09,917.75","8,653","5,19,033",54.56
JMFINANCIL,EQ,20-09-2017,148.05,148.05,149.65,147.0,147.8,147.6,148.26,"10,65,653","15,79,96,875.85","14,891","6,56,986",61.65
JMFINANCIL,EQ,21-09-2017,147.6,148.45,148.5,142.6,144.9,144.45,144.91,"9,71,590","14,07,91,875.05","13,944","4,76,296",49.02
JMFINANCIL,EQ,22-09-2017,144.45,144.0,144.0,136.2,141.0,139.6,139.95,"10,83,029","15,15,74,884.90","21,561","6,57,126",60.67
JMFINANCIL,EQ,25-09-2017,139.6,140.05,140.75,126.3,136.85,136.85,135.54,"13,72,315","18,60,01,075.30","19,299","8,61,261",62.76
JMFINANCIL,EQ,26-09-2017,136.85,136.95,143.0,135.6,139.95,139.95,140.0,"12,03,471","16,84,81,681.00","23,316","7,53,529",62.61
JMFINANCIL,EQ,27-09-2017,139.95,142.0,144.6,132.85,136.8,135.25,137.67,"9,87,722","13,59,76,812.00","12,777","5,71,179",57.83
JMFINANCIL,EQ,28-09-2017,135.25,135.2,140.0,133.9,139.95,139.25,137.42,"14,08,375","19,35,35,419.05","11,179","9,83,098",69.8
JMFINANCIL,EQ,29-09-2017,139.25,141.0,141.7,137.0,137.85,138.15,139.39,"5,71,580","7,96,71,720.75","8,891","2,66,162",46.57
JMFINANCIL,EQ,03-10-2017,138.15,141.2,143.65,139.5,142.7,142.75,141.86,"9,80,126","13,90,43,903.40","19,186","4,58,089",46.74
JMFINANCIL,EQ,04-10-2017,142.75,143.4,146.9,142.1,144.4,144.7,144.91,"7,89,619","11,44,26,098.25","18,338","3,76,785",47.72
JMFINANCIL,EQ,05-10-2017,144.7,145.0,147.05,145.0,147.0,146.9,146.68,"6,97,369","10,22,88,583.90","6,475","4,04,529",58.01
JMFINANCIL,EQ,06-10-2017,146.9,148.2,158.0,147.1,153.0,152.85,153.73,"20,47,533","31,47,76,012.70","15,072","9,42,026",46.01
JMFINANCIL,EQ,09-10-2017,152.85,154.0,157.3,152.0,154.9,154.9,154.73,"11,59,066","17,93,40,281.75","10,086","4,76,784",41.14
JMFINANCIL,EQ,10-10-2017,154.9,155.85,185.0,154.4,182.7,177.85,169.89,"62,35,918","1,05,94,20,546.75","41,616","21,38,387",34.29
JMFINANCIL,EQ,11-10-2017,177.85,185.1,185.6,166.0,168.1,168.75,174.9,"43,26,556","75,67,17,428.85","49,253","16,84,030",38.92
JMFINANCIL,EQ,12-10-2017,168.75,170.55,173.75,166.5,168.85,169.7,169.73,"20,09,472","34,10,76,823.25","16,821","6,55,347",32.61
JMFINANCIL,EQ,13-10-2017,169.7,171.0,177.5,168.7,171.6,171.2,173.22,"33,66,800","58,31,95,150.45","26,578","13,68,133",40.64
JMFINANCIL,EQ,16-10-2017,171.2,173.45,191.6,171.5,186.7,186.3,180.29,"93,40,604","1,68,40,33,697.00","56,867","27,79,871",29.76
JMFINANCIL,EQ,17-10-2017,186.3,185.0,185.1,178.35,181.3,181.8,182.27,"41,06,733","74,85,38,233.00","30,284","17,02,214",41.45
JMFINANCIL,EQ,18-10-2017,181.8,180.8,181.0,176.05,179.1,179.25,178.58,"13,83,514","24,70,73,270.10","13,108","4,04,278",29.22
JMFINANCIL,EQ,19-10-2017,179.25,178.65,179.05,174.0,174.95,175.0,176.13,"4,75,588","8,37,66,878.90","4,839","3,06,584",64.46
JMFINANCIL,EQ,23-10-2017,175.0,175.55,175.55,167.95,168.9,168.6,171.28,"12,71,594","21,78,04,448.10","13,761","6,29,628",49.51
JMFINANCIL,EQ,24-10-2017,168.6,170.0,172.45,169.2,170.7,170.95,170.74,"9,90,180","16,90,60,565.80","9,237","4,81,582",48.64
JMFINANCIL,EQ,25-10-2017,170.95,174.0,174.25,158.7,164.55,163.65,165.41,"17,31,355","28,63,81,982.00","12,262","7,29,553",42.14
JMFINANCIL,EQ,26-10-2017,163.65,163.0,171.5,159.3,168.8,168.9,167.61,"17,12,732","28,70,72,782.75","12,655","6,60,131",38.54
JMFINANCIL,EQ,27-10-2017,168.9,169.9,171.0,166.05,167.25,167.0,168.83,"8,66,082","14,62,23,411.95","10,378","3,74,881",43.28
JMFINANCIL,EQ,30-10-2017,167.0,168.0,169.9,166.1,166.3,166.75,167.71,"5,98,115","10,03,09,309.80","6,012","2,16,578",36.21
JMFINANCIL,EQ,31-10-2017,166.75,166.2,167.0,163.0,164.35,164.55,165.07,"6,15,662","10,16,29,622.65","5,346","3,23,931",52.62
JMFINANCIL,EQ,01-11-2017,164.55,165.0,172.9,163.0,168.5,169.0,169.47,"16,44,868","27,87,50,424.25","11,514","6,43,326",39.11
JMFINANCIL,EQ,02-11-2017,169.0,167.85,173.25,167.85,172.95,172.6,171.82,"16,76,372","28,80,28,005.70","12,065","7,68,241",45.83
JMFINANCIL,EQ,03-11-2017,172.6,173.5,180.0,173.5,174.65,174.8,176.71,"20,86,696","36,87,33,573.60","19,560","11,35,551",54.42
JMFINANCIL,EQ,06-11-2017,174.8,173.4,177.35,166.85,167.8,168.4,172.37,"17,15,886","29,57,62,029.30","19,227","9,68,570",56.45
JMFINANCIL,EQ,07-11-2017,168.4,168.9,170.0,160.85,162.0,162.15,163.95,"12,31,770","20,19,45,342.25","12,067","7,05,719",57.29
JMFINANCIL,EQ,08-11-2017,162.15,164.0,165.35,155.0,156.95,156.9,159.71,"11,93,881","19,06,74,821.80","15,466","6,49,628",54.41
JMFINANCIL,EQ,09-11-2017,156.9,158.0,163.9,154.2,156.2,155.7,157.65,"9,59,076","15,11,95,051.05","14,796","4,72,327",49.25
JMFINANCIL,EQ,10-11-2017,155.7,155.0,160.4,154.05,156.4,156.15,157.29,"8,42,929","13,25,84,862.20","14,266","3,65,793",43.4
JMFINANCIL,EQ,13-11-2017,156.15,156.0,157.45,148.1,150.5,149.8,152.17,"8,10,725","12,33,65,782.10","7,154","4,40,562",54.34
JMFINANCIL,EQ,14-11-2017,149.8,151.0,153.8,146.0,148.9,148.95,149.3,"11,82,492","17,65,50,456.65","10,316","5,94,655",50.29
JMFINANCIL,EQ,15-11-2017,148.95,148.95,150.0,142.1,143.0,143.25,145.61,"11,73,316","17,08,45,029.35","11,140","6,90,055",58.81
JMFINANCIL,EQ,16-11-2017,143.25,144.25,153.3,144.0,152.75,151.35,148.61,"14,70,806","21,85,75,114.60","9,553","7,42,641",50.49
JMFINANCIL,EQ,17-11-2017,151.35,154.4,161.9,152.2,157.35,157.5,157.93,"20,27,429","32,01,91,268.10","15,852","9,95,869",49.12
JMFINANCIL,EQ,20-11-2017,157.5,157.8,158.25,153.5,153.9,154.35,155.36,"7,90,488","12,28,10,673.30","11,887","4,18,387",52.93
JMFINANCIL,EQ,21-11-2017,154.35,155.5,156.3,151.0,153.0,153.05,153.02,"16,26,713","24,89,15,539.80","15,408","11,06,323",68.01
JMFINANCIL,EQ,22-11-2017,153.05,152.35,153.85,150.25,151.45,151.45,151.73,"5,61,528","8,51,98,784.85","5,875","3,19,884",56.97
JMFINANCIL,EQ,23-11-2017,151.45,151.95,155.5,150.35,151.8,151.8,153.12,"10,09,930","15,46,43,763.15","9,656","5,69,775",56.42
JMFINANCIL,EQ,24-11-2017,151.8,152.0,159.85,152.0,152.8,153.0,155.12,"53,31,216","82,69,81,090.20","37,913","18,85,988",35.38
JMFINANCIL,EQ,27-11-2017,153.0,153.95,155.0,152.45,154.35,154.3,153.93,"8,81,068","13,56,22,725.15","6,887","4,08,501",46.36
JMFINANCIL,EQ,28-11-2017,154.3,154.3,155.0,151.2,151.75,151.75,153.02,"5,46,445","8,36,16,482.25","5,283","2,20,888",40.42
JMFINANCIL,EQ,29-11-2017,151.75,151.2,152.9,149.05,150.3,150.3,151.18,"6,13,442","9,27,39,144.60","7,069","2,70,722",44.13
JMFINANCIL,EQ,30-11-2017,150.3,148.0,152.75,147.0,150.6,150.8,149.6,"7,37,016","11,02,60,916.80","8,265","3,30,805",44.88
JMFINANCIL,EQ,01-12-2017,150.8,151.75,152.25,143.75,146.55,145.85,148.55,"7,82,758","11,62,81,538.30","9,447","4,04,955",51.73
JMFINANCIL,EQ,04-12-2017,145.85,146.55,149.9,143.7,144.25,144.45,145.35,"5,62,240","8,17,18,923.90","8,981","2,94,882",52.45
JMFINANCIL,EQ,05-12-2017,144.45,144.0,144.25,139.05,141.45,141.4,141.19,"8,07,670","11,40,34,169.40","9,610","3,67,722",45.53
JMFINANCIL,EQ,06-12-2017,141.4,140.75,144.2,139.5,142.95,142.4,141.86,"6,59,611","9,35,70,858.10","9,254","3,40,947",51.69
JMFINANCIL,EQ,07-12-2017,142.4,143.35,147.0,141.65,142.3,142.2,143.26,"8,20,067","11,74,83,005.55","8,828","4,47,137",54.52
JMFINANCIL,EQ,08-12-2017,142.2,143.0,155.3,143.0,153.6,154.15,150.7,"24,37,458","36,73,22,056.55","19,845","9,51,030",39.02
JMFINANCIL,EQ,11-12-2017,154.15,154.85,159.3,150.5,158.0,158.55,156.49,"19,51,531","30,54,02,653.30","17,453","8,48,009",43.45
JMFINANCIL,EQ,12-12-2017,158.55,158.7,158.9,152.0,153.1,152.7,155.38,"10,06,695","15,64,19,705.35","12,405","4,50,475",44.75
JMFINANCIL,EQ,13-12-2017,152.7,152.5,155.4,150.0,152.25,152.2,152.88,"8,72,488","13,33,89,162.70","6,370","3,96,147",45.4
JMFINANCIL,EQ,14-12-2017,152.2,152.85,153.5,145.2,145.9,146.65,147.55,"10,32,787","15,23,89,429.45","9,736","5,89,397",57.07
JMFINANCIL,EQ,15-12-2017,146.65,147.95,153.3,147.95,150.85,150.0,151.0,"7,61,958","11,50,56,283.60","7,239","3,26,891",42.9
JMFINANCIL,EQ,18-12-2017,150.0,148.5,153.1,141.1,151.25,150.7,149.95,"6,87,715","10,31,23,177.35","6,931","2,15,298",31.31
JMFINANCIL,EQ,19-12-2017,150.7,155.0,157.5,152.5,154.0,154.0,154.53,"11,50,584","17,78,01,466.00","12,153","3,54,789",30.84
JMFINANCIL,EQ,20-12-2017,154.0,153.5,156.0,152.1,152.5,152.6,153.95,"7,02,019","10,80,76,803.35","7,650","2,65,058",37.76
JMFINANCIL,EQ,21-12-2017,152.6,152.95,156.5,152.1,152.8,153.1,154.33,"7,98,315","12,32,06,886.30","6,382","3,06,642",38.41
JMFINANCIL,EQ,22-12-2017,153.1,153.45,155.5,150.7,152.25,152.25,153.45,"5,22,333","8,01,53,556.35","4,329","2,08,354",39.89
JMFINANCIL,EQ,26-12-2017,152.25,152.85,153.5,149.3,150.0,150.25,151.09,"4,99,094","7,54,07,259.80","4,299","2,28,844",45.85
JMFINANCIL,EQ,27-12-2017,150.25,151.2,155.9,150.35,151.25,151.8,153.54,"11,78,791","18,09,87,397.20","10,189","4,45,725",37.81
JMFINANCIL,EQ,28-12-2017,151.8,152.0,152.55,149.0,151.0,150.05,150.67,"5,32,604","8,02,48,638.65","4,836","2,22,683",41.81
JMFINANCIL,EQ,29-12-2017,150.05,151.9,163.7,151.0,157.6,157.2,158.19,"31,07,839","49,16,16,857.45","19,398","9,63,215",30.99
JMFINANCIL,EQ,01-01-2018,157.2,157.45,161.55,155.0,158.45,157.95,158.84,"12,62,594","20,05,55,680.45","8,655","5,55,456",43.99
JMFINANCIL,EQ,02-01-2018,157.95,159.15,160.6,153.3,156.45,156.05,156.33,"7,86,689","12,29,80,637.55","9,399","2,54,183",32.31
JMFINANCIL,EQ,03-01-2018,156.05,156.45,159.0,154.35,156.0,155.05,156.45,"7,27,129","11,37,57,423.30","5,110","3,13,537",43.12
JMFINANCIL,EQ,04-01-2018,155.05,158.5,158.5,155.05,157.0,157.35,156.52,"5,56,040","8,70,30,174.40","4,540","2,27,584",40.93
JMFINANCIL,EQ,05-01-2018,157.35,157.5,158.25,155.2,157.4,157.35,156.85,"6,75,327","10,59,24,577.30","4,927","3,62,909",53.74
JMFINANCIL,EQ,08-01-2018,157.35,158.0,162.7,157.25,160.2,160.15,160.39,"10,75,682","17,25,29,892.30","11,690","6,54,606",60.85
JMFINANCIL,EQ,09-01-2018,160.15,161.3,167.5,158.4,165.55,166.6,164.44,"22,10,314","36,34,59,233.90","17,441","9,69,862",43.88
JMFINANCIL,EQ,10-01-2018,166.6,165.35,166.8,162.1,162.6,163.2,164.63,"10,30,643","16,96,79,392.60","10,649","5,39,855",52.38
JMFINANCIL,EQ,11-01-2018,163.2,162.2,168.35,161.75,166.65,166.4,165.3,"13,01,755","21,51,83,515.70","12,559","5,63,191",43.26
JMFINANCIL,EQ,12-01-2018,166.4,166.7,170.85,164.3,168.5,167.35,168.32,"17,56,364","29,56,31,670.70","12,104","8,73,660",49.74
JMFINANCIL,EQ,15-01-2018,167.35,167.85,171.75,166.3,169.0,168.55,168.86,"7,70,513","13,01,11,008.60","7,088","3,82,618",49.66
JMFINANCIL,EQ,16-01-2018,168.55,170.45,171.5,160.8,163.4,163.7,165.31,"11,59,325","19,16,46,482.75","10,742","5,65,881",48.81
JMFINANCIL,EQ,17-01-2018,163.7,162.1,168.0,159.5,165.5,165.8,164.24,"9,11,773","14,97,46,978.30","9,339","2,98,417",32.73
JMFINANCIL,EQ,18-01-2018,165.8,166.0,167.4,156.45,160.4,159.55,161.54,"9,74,001","15,73,41,771.25","8,452","4,44,737",45.66
JMFINANCIL,EQ,19-01-2018,159.55,160.6,168.5,159.5,166.7,166.95,164.66,"30,63,727","50,44,86,691.60","15,690","16,67,216",54.42
JMFINANCIL,EQ,22-01-2018,166.95,167.5,169.45,163.1,164.5,163.85,166.19,"34,31,605","57,02,96,414.05","13,147","26,23,867",76.46
JMFINANCIL,EQ,23-01-2018,163.85,165.5,165.5,160.5,162.1,161.7,163.11,"7,98,038","13,01,68,313.20","12,619","4,59,153",57.54
JMFINANCIL,EQ,24-01-2018,161.7,161.5,161.55,156.45,157.2,157.55,157.86,"8,00,930","12,64,37,158.75","12,135","4,39,193",54.84
JMFINANCIL,EQ,25-01-2018,157.55,158.0,162.8,156.6,160.95,160.4,160.31,"8,54,051","13,69,10,225.00","8,711","4,71,817",55.24
JMFINANCIL,EQ,29-01-2018,160.4,161.45,162.8,158.4,161.05,161.2,160.69,"6,24,887","10,04,14,107.55","6,275","3,77,835",60.46
JMFINANCIL,EQ,30-01-2018,161.2,160.2,162.75,156.75,162.05,162.05,160.93,"13,31,154","21,42,18,516.70","13,394","9,97,643",74.95
JMFINANCIL,EQ,31-01-2018,162.05,162.1,167.85,160.2,162.05,163.15,164.41,"25,37,488","41,71,79,054.20","50,740","16,83,494",66.34
JMFINANCIL,EQ,01-02-2018,163.15,162.9,170.0,162.9,166.5,168.65,165.93,"35,83,035","59,45,28,012.25","48,007","24,49,932",68.38
JMFINANCIL,EQ,02-02-2018,168.65,163.0,167.0,150.85,160.25,158.75,162.47,"48,10,814","78,16,17,456.25","22,338","35,34,193",73.46
JMFINANCIL,EQ,05-02-2018,158.75,152.0,157.0,150.25,156.0,156.05,154.57,"8,44,458","13,05,25,562.20","9,290","3,99,889",47.35
JMFINANCIL,EQ,06-02-2018,156.05,147.0,155.9,144.65,155.0,155.1,149.86,"16,14,678","24,19,76,396.45","11,471","9,22,200",57.11
JMFINANCIL,EQ,07-02-2018,155.1,158.4,163.0,157.0,162.05,161.9,160.73,"14,58,393","23,44,10,255.85","9,489","9,51,729",65.26
JMFINANCIL,EQ,08-02-2018,161.9,165.05,166.0,157.25,158.1,158.0,160.53,"7,94,945","12,76,16,187.55","11,417","3,56,678",44.87
JMFINANCIL,EQ,09-02-2018,158.0,153.6,158.3,149.35,150.75,150.0,153.08,"13,65,171","20,89,75,253.70","14,451","8,69,649",63.7
JMFINANCIL,EQ,12-02-2018,150.0,150.75,157.1,150.7,154.0,154.25,154.65,"7,10,329","10,98,55,354.30","10,564","3,02,676",42.61
JMFINANCIL,EQ,14-02-2018,154.25,158.0,159.7,154.8,156.9,157.35,157.31,"10,77,512","16,95,01,904.35","13,426","4,06,255",37.7
JMFINANCIL,EQ,15-02-2018,157.35,157.45,159.0,155.1,156.6,156.25,156.91,"4,12,973","6,47,98,168.85","5,505","1,25,019",30.27
JMFINANCIL,EQ,16-02-2018,156.25,156.4,158.2,154.0,155.0,156.45,156.97,"5,31,287","8,33,97,755.25","8,860","2,49,183",46.9
JMFINANCIL,EQ,19-02-2018,156.45,156.45,156.45,148.2,149.35,149.6,151.11,"6,99,886","10,57,60,556.80","13,618","3,96,727",56.68
JMFINANCIL,EQ,20-02-2018,149.6,149.5,150.3,146.15,147.6,147.8,148.23,"4,04,986","6,00,30,516.00","8,328","1,72,559",42.61
JMFINANCIL,EQ,21-02-2018,147.8,149.0,149.7,144.5,146.1,145.45,146.27,"10,89,836","15,94,08,950.10","28,620","6,64,751",61.0
JMFINANCIL,EQ,22-02-2018,145.45,145.25,149.1,144.45,146.95,147.25,146.85,"8,76,758","12,87,52,099.50","24,927","3,93,779",44.91
JMFINANCIL,EQ,23-02-2018,147.25,147.95,148.75,145.0,148.0,148.15,146.84,"9,43,333","13,85,22,457.70","21,828","6,11,784",64.85
JMFINANCIL,EQ,26-02-2018,148.15,149.5,151.35,146.2,150.9,150.35,148.12,"8,36,663","12,39,24,656.05","14,631","4,18,891",50.07
JMFINANCIL,EQ,27-02-2018,150.35,151.0,153.5,148.7,152.25,152.8,151.89,"5,86,487","8,90,79,499.35","6,719","2,88,278",49.15
JMFINANCIL,EQ,28-02-2018,152.8,150.8,151.75,145.85,147.8,147.55,148.49,"15,34,113","22,78,00,092.50","26,554","10,07,237",65.66
JMFINANCIL,EQ,01-03-2018,147.55,147.0,148.65,143.2,144.4,144.65,144.95,"11,07,533","16,05,38,110.20","22,872","6,19,433",55.93
JMFINANCIL,EQ,05-03-2018,144.65,145.0,145.5,133.0,137.2,136.95,137.59,"18,42,184","25,34,67,679.70","27,756","8,71,075",47.28
JMFINANCIL,EQ,06-03-2018,136.95,138.15,141.8,135.0,137.0,137.15,138.46,"9,22,165","12,76,80,358.70","9,901","5,72,869",62.12
JMFINANCIL,EQ,07-03-2018,137.15,134.7,136.75,130.75,131.8,131.9,133.03,"7,89,043","10,49,68,004.60","7,569","4,91,417",62.28
JMFINANCIL,EQ,08-03-2018,131.9,132.25,134.8,121.85,133.45,133.45,129.54,"9,56,118","12,38,55,279.30","9,187","5,13,168",53.67
JMFINANCIL,EQ,09-03-2018,133.45,133.95,136.15,128.2,129.45,129.1,130.64,"6,13,894","8,02,02,126.75","16,392","3,43,996",56.04
JMFINANCIL,EQ,12-03-2018,129.1,130.95,133.95,129.1,130.8,130.75,131.93,"8,87,187","11,70,48,398.30","10,838","5,70,085",64.26
JMFINANCIL,EQ,13-03-2018,130.75,129.85,139.75,129.85,139.1,138.35,135.02,"10,06,301","13,58,69,530.60","19,290","5,28,059",52.48
JMFINANCIL,EQ,14-03-2018,138.35,138.4,138.9,134.1,135.1,135.0,136.11,"8,21,091","11,17,56,717.15","10,563","4,27,699",52.09
JMFINANCIL,EQ,15-03-2018,135.0,134.6,137.0,132.1,133.35,133.35,134.11,"6,29,729","8,44,54,295.05","10,677","3,31,708",52.67
JMFINANCIL,EQ,16-03-2018,133.35,133.5,134.2,131.0,131.85,131.95,132.11,"7,05,318","9,31,82,906.95","13,915","4,81,088",68.21
JMFINANCIL,EQ,19-03-2018,131.95,132.5,132.5,125.8,126.95,126.8,127.56,"7,63,454","9,73,85,834.15","15,918","4,45,524",58.36
JMFINANCIL,EQ,20-03-2018,126.8,126.0,126.65,119.25,123.15,123.15,123.89,"8,47,691","10,50,16,904.05","10,939","4,85,968",57.33
JMFINANCIL,EQ,21-03-2018,123.15,123.65,127.6,123.55,125.4,125.5,124.73,"23,14,369","28,86,62,991.70","7,807","19,14,647",82.73
JMFINANCIL,EQ,22-03-2018,125.5,126.0,126.05,118.15,119.15,119.0,120.68,"16,54,574","19,96,77,568.25","15,536","12,53,635",75.77
JMFINANCIL,EQ,23-03-2018,119.0,116.0,121.5,115.1,120.1,120.35,117.91,"9,30,961","10,97,73,112.70","7,092","4,57,926",49.19
JMFINANCIL,EQ,26-03-2018,120.35,119.5,127.5,116.75,123.6,123.85,120.31,"18,37,956","22,11,31,989.35","10,181","13,07,534",71.14
JMFINANCIL,EQ,27-03-2018,123.85,125.0,134.85,125.0,132.0,132.1,130.98,"19,69,096","25,79,02,792.40","22,650","9,55,356",48.52
JMFINANCIL,EQ,28-03-2018,132.1,130.1,130.85,125.5,128.8,128.8,127.96,"13,55,382","17,34,37,794.65","22,716","8,06,519",59.5
JMFINANCIL,EQ,02-04-2018,128.8,130.1,138.4,130.1,137.4,137.55,134.72,"15,67,123","21,11,24,917.20","14,972","8,68,902",55.45
JMFINANCIL,EQ,03-04-2018,137.55,135.0,140.0,134.25,138.95,138.8,136.51,"7,93,423","10,83,10,684.00","9,485","3,59,470",45.31
JMFINANCIL,EQ,04-04-2018,138.8,139.95,142.3,132.15,135.7,134.85,137.8,"8,65,136","11,92,12,560.40","9,528","3,51,228",40.6
JMFINANCIL,EQ,05-04-2018,134.85,137.9,142.0,136.55,141.75,141.2,139.37,"10,91,851","15,21,66,729.70","7,745","7,18,800",65.83
JMFINANCIL,EQ,06-04-2018,141.2,139.6,143.2,136.5,139.0,139.1,139.53,"10,62,020","14,81,78,493.25","9,608","6,54,769",61.65
JMFINANCIL,EQ,09-04-2018,139.1,139.95,141.15,137.3,137.5,137.55,138.97,"8,50,238","11,81,61,795.60","7,698","5,58,673",65.71
JMFINANCIL,EQ,10-04-2018,137.55,138.6,138.75,135.8,136.35,136.4,136.82,"3,01,224","4,12,13,201.25","3,017","1,71,497",56.93
JMFINANCIL,EQ,11-04-2018,136.4,137.7,140.4,135.8,137.0,137.0,137.84,"8,36,142","11,52,57,356.75","13,784","5,23,735",62.64
JMFINANCIL,EQ,12-04-2018,137.0,137.5,142.5,136.55,136.95,137.2,139.64,"8,08,620","11,29,19,222.70","21,094","3,15,537",39.02
JMFINANCIL,EQ,13-04-2018,137.2,138.6,139.3,136.85,138.25,138.45,137.92,"7,38,898","10,19,09,254.95","9,765","4,88,582",66.12
JMFINANCIL,EQ,16-04-2018,138.45,138.3,140.55,136.75,138.0,137.95,138.2,"9,75,716","13,48,47,225.30","10,976","4,67,887",47.95
JMFINANCIL,EQ,17-04-2018,137.95,138.75,139.8,138.0,138.25,138.2,138.68,"4,11,157","5,70,20,422.15","4,617","1,48,079",36.02
JMFINANCIL,EQ,18-04-2018,138.2,139.0,139.25,136.15,136.6,136.85,136.88,"6,49,099","8,88,50,458.55","4,688","4,29,132",66.11
JMFINANCIL,EQ,19-04-2018,136.85,136.95,138.35,136.1,136.95,137.0,137.12,"4,86,232","6,66,74,066.85","3,180","3,38,739",69.67
JMFINANCIL,EQ,20-04-2018,137.0,137.0,137.5,135.1,136.05,136.1,136.16,"2,87,670","3,91,70,263.75","5,015","1,19,342",41.49
JMFINANCIL,EQ,23-04-2018,136.1,136.9,138.65,133.8,134.0,134.15,135.53,"5,92,435","8,02,91,611.60","4,641","4,23,274",71.45
JMFINANCIL,EQ,24-04-2018,134.15,134.95,135.35,127.6,129.45,129.0,131.05,"7,19,230","9,42,56,933.40","9,267","5,01,210",69.69
JMFINANCIL,EQ,25-04-2018,129.0,130.25,130.5,123.8,125.2,125.35,126.37,"11,81,473","14,93,04,348.90","17,589","8,90,166",75.34
JMFINANCIL,EQ,26-04-2018,125.35,126.7,137.3,125.7,135.85,135.3,133.88,"17,21,217","23,04,31,115.30","12,773","7,36,086",42.77
JMFINANCIL,EQ,27-04-2018,135.3,135.0,142.5,134.85,141.65,141.4,140.03,"14,62,280","20,47,65,150.15","10,234","6,87,606",47.02
JMFINANCIL,EQ,30-04-2018,141.4,142.9,150.3,139.4,140.8,142.5,145.49,"29,40,051","42,77,39,207.40","18,802","17,35,393",59.03
JMFINANCIL,EQ,02-05-2018,142.5,140.85,143.8,136.2,136.7,137.8,140.54,"17,48,492","24,57,35,446.45","22,537","9,27,238",53.03
JMFINANCIL,EQ,03-05-2018,137.8,136.85,137.7,133.2,135.55,136.25,135.85,"7,80,450","10,60,27,375.15","8,808","4,08,541",52.35
JMFINANCIL,EQ,04-05-2018,136.25,136.0,138.4,133.2,134.4,134.45,135.56,"4,20,636","5,70,22,096.85","5,422","2,07,462",49.32
JMFINANCIL,EQ,07-05-2018,134.45,136.2,142.05,134.7,141.0,141.05,138.45,"9,06,315","12,54,81,009.80","8,805","6,01,832",66.4
JMFINANCIL,EQ,08-05-2018,141.05,141.4,142.0,137.2,139.4,139.8,140.37,"7,63,399","10,71,59,094.00","11,921","5,08,141",66.56
JMFINANCIL,EQ,09-05-2018,139.8,139.8,139.8,137.1,137.7,138.5,138.21,"4,18,731","5,78,71,973.75","6,086","2,52,752",60.36
JMFINANCIL,EQ,10-05-2018,138.5,138.0,138.85,134.1,137.0,137.05,136.42,"5,06,776","6,91,32,321.25","4,362","2,66,302",52.55
JMFINANCIL,EQ,11-05-2018,137.05,139.5,141.4,132.0,133.1,134.15,136.17,"7,69,770","10,48,16,394.55","8,379","3,82,598",49.7
JMFINANCIL,EQ,14-05-2018,134.15,134.0,136.6,133.1,135.05,135.15,134.85,"4,99,745","6,73,91,092.25","6,337","2,53,078",50.64
JMFINANCIL,EQ,15-05-2018,135.15,135.0,135.75,130.7,134.0,134.0,133.7,"7,50,032","10,02,81,426.20","8,670","5,04,960",67.33
JMFINANCIL,EQ,16-05-2018,134.0,133.5,136.65,130.65,135.1,135.05,133.67,"7,09,646","9,48,60,898.90","8,691","3,16,564",44.61
JMFINANCIL,EQ,17-05-2018,135.05,136.0,138.0,133.85,137.5,137.0,135.89,"4,98,801","6,77,83,808.45","6,749","2,82,485",56.63
JMFINANCIL,EQ,18-05-2018,137.0,137.0,140.0,134.5,135.3,136.0,136.75,"5,06,569","6,92,74,272.55","9,304","2,36,798",46.75
JMFINANCIL,EQ,21-05-2018,136.0,135.9,135.9,131.0,132.95,132.35,132.34,"8,52,001","11,27,51,947.85","11,141","6,50,269",76.32
JMFINANCIL,EQ,22-05-2018,132.35,132.5,135.8,131.05,133.5,133.1,133.43,"3,96,925","5,29,60,423.95","11,240","1,89,935",47.85
JMFINANCIL,EQ,23-05-2018,133.1,133.0,135.0,126.75,131.75,131.95,131.24,"7,66,761","10,06,26,070.50","14,827","4,89,154",63.79
JMFINANCIL,EQ,24-05-2018,131.95,132.3,133.6,128.5,131.4,131.1,130.75,"6,17,112","8,06,87,945.40","8,003","3,23,118",52.36
JMFINANCIL,EQ,25-05-2018,131.1,130.3,133.8,129.0,131.5,130.65,131.5,"5,19,419","6,83,05,589.40","7,717","2,87,948",55.44
JMFINANCIL,EQ,28-05-2018,130.65,131.7,134.9,131.25,132.8,132.95,133.11,"7,75,502","10,32,30,493.85","7,161","4,79,791",61.87
JMFINANCIL,EQ,29-05-2018,132.95,133.95,138.8,132.0,136.65,136.65,135.97,"13,80,191","18,76,62,087.25","14,931","6,46,406",46.83
JMFINANCIL,EQ,30-05-2018,136.65,134.65,139.5,133.65,138.1,137.4,137.0,"6,98,080","9,56,37,462.65","9,457","4,27,530",61.24
JMFINANCIL,EQ,31-05-2018,137.4,138.0,140.4,135.5,137.05,137.05,137.63,"10,79,063","14,85,09,118.65","9,046","7,89,871",73.2
JMFINANCIL,EQ,01-06-2018,137.05,137.25,138.3,135.9,137.5,137.05,137.13,"4,87,051","6,67,88,046.55","6,067","3,28,019",67.35
JMFINANCIL,EQ,04-06-2018,137.05,137.25,138.0,131.8,132.1,132.45,133.45,"5,34,344","7,13,07,843.90","8,758","3,16,143",59.16
JMFINANCIL,EQ,05-06-2018,132.45,134.6,134.9,130.65,132.5,133.55,132.45,"11,07,780","14,67,20,430.15","22,836","7,27,806",65.7
JMFINANCIL,EQ,06-06-2018,133.55,132.5,133.4,129.7,132.3,132.45,132.01,"4,86,763","6,42,59,444.25","16,979","3,14,215",64.55
JMFINANCIL,EQ,07-06-2018,132.45,134.0,135.0,131.8,132.0,132.1,132.83,"3,80,098","5,04,86,907.10","5,147","1,76,592",46.46
JMFINANCIL,EQ,08-06-2018,132.1,132.1,133.2,129.0,132.1,132.05,131.54,"6,72,868","8,85,06,567.95","12,750","3,66,043",54.4
JMFINANCIL,EQ,11-06-2018,132.05,133.25,133.9,131.3,132.1,132.05,132.57,"5,49,520","7,28,52,052.20","6,152","3,04,643",55.44
JMFINANCIL,EQ,12-06-2018,132.05,133.9,135.3,131.25,132.0,132.2,133.49,"7,94,903","10,61,13,721.55","8,269","2,52,958",31.82
JMFINANCIL,EQ,13-06-2018,132.2,132.85,133.35,131.05,132.3,132.15,132.15,"5,51,367","7,28,61,085.15","3,948","3,48,179",63.15
JMFINANCIL,EQ,14-06-2018,132.15,132.95,132.95,130.1,131.8,132.0,131.94,"11,30,585","14,91,67,519.45","7,364","9,74,812",86.22
JMFINANCIL,EQ,15-06-2018,132.0,132.7,132.7,129.9,130.0,130.45,130.68,"3,10,078","4,05,19,540.85","3,557","1,77,700",57.31
JMFINANCIL,EQ,18-06-2018,130.45,130.2,131.85,128.45,131.0,130.3,130.13,"3,48,999","4,54,16,085.35","3,561","1,44,363",41.36
JMFINANCIL,EQ,19-06-2018,130.3,130.0,130.15,127.65,129.0,129.0,128.89,"3,97,920","5,12,87,331.00","6,203","2,32,118",58.33
JMFINANCIL,EQ,20-06-2018,129.0,129.2,129.2,124.6,127.05,127.2,126.5,"19,68,788","24,90,51,282.20","7,422","11,85,804",60.23
JMFINANCIL,EQ,21-06-2018,127.2,128.45,128.45,122.5,122.7,123.85,124.27,"11,05,014","13,73,17,977.40","5,644","6,29,950",57.01
JMFINANCIL,EQ,22-06-2018,123.85,123.6,123.6,118.0,118.95,119.15,119.18,"12,60,415","15,02,13,691.10","8,548","5,78,707",45.91
JMFINANCIL,EQ,25-06-2018,119.15,120.45,121.3,118.5,119.7,120.2,119.9,"2,34,380","2,81,02,399.40","2,415","1,23,711",52.78
JMFINANCIL,EQ,26-06-2018,120.2,119.9,119.9,115.65,116.05,116.95,118.15,"2,97,634","3,51,64,145.95","4,873","1,59,640",53.64
JMFINANCIL,EQ,27-06-2018,116.95,116.9,116.9,108.6,110.25,110.4,111.84,"23,10,976","25,84,51,985.40","19,739","12,15,026",52.58
JMFINANCIL,EQ,28-06-2018,110.4,110.95,113.5,105.5,112.0,110.5,107.64,"17,43,247","18,76,46,401.05","8,172","10,16,147",58.29
JMFINANCIL,EQ,29-06-2018,110.5,113.0,117.0,112.7,116.5,115.75,114.78,"5,35,494","6,14,66,259.50","4,713","2,36,941",44.25
JMFINANCIL,EQ,02-07-2018,115.75,116.95,127.0,114.05,120.65,121.35,119.97,"12,28,102","14,73,40,715.00","8,877","5,58,148",45.45
JMFINANCIL,EQ,03-07-2018,121.35,120.0,120.1,116.8,118.55,118.95,118.79,"3,65,574","4,34,27,075.05","3,756","1,28,843",35.24
JMFINANCIL,EQ,04-07-2018,118.95,118.0,121.9,117.55,117.55,118.75,119.63,"4,78,602","5,72,56,147.20","3,929","1,37,663",28.76
JMFINANCIL,EQ,05-07-2018,118.75,118.4,118.4,114.0,114.05,114.9,115.85,"2,92,339","3,38,68,622.55","4,096","1,50,386",51.44
JMFINANCIL,EQ,06-07-2018,114.9,114.7,119.3,113.55,114.6,115.05,116.75,"5,03,785","5,88,16,955.25","5,699","2,71,316",53.86
JMFINANCIL,EQ,09-07-2018,115.05,115.8,121.3,115.55,120.6,120.65,118.8,"5,46,048","6,48,69,298.35","5,382","2,65,656",48.65
JMFINANCIL,EQ,10-07-2018,120.65,121.6,129.9,119.55,124.85,125.6,125.08,"19,58,594","24,49,83,654.55","10,062","12,18,343",62.2
JMFINANCIL,EQ,11-07-2018,125.6,123.75,125.25,121.05,123.05,123.45,123.04,"5,69,262","7,00,44,030.75","10,935","2,83,576",49.81
JMFINANCIL,EQ,12-07-2018,123.45,123.95,124.8,120.05,122.0,121.7,122.5,"3,23,287","3,96,03,789.15","3,224","1,47,126",45.51
JMFINANCIL,EQ,13-07-2018,121.7,121.7,125.0,119.9,123.45,123.45,122.72,"6,04,532","7,41,88,024.10","7,163","3,04,470",50.36
JMFINANCIL,EQ,16-07-2018,123.45,122.1,123.25,114.3,118.0,118.25,118.9,"4,56,723","5,43,05,596.60","4,205","1,89,825",41.56
JMFINANCIL,EQ,17-07-2018,118.25,117.7,124.15,115.15,123.35,122.9,119.58,"7,35,239","8,79,18,958.85","8,844","3,86,466",52.56
JMFINANCIL,EQ,18-07-2018,122.9,123.8,127.8,112.2,120.1,118.4,120.68,"19,46,943","23,49,60,310.20","18,075","5,49,683",28.23
JMFINANCIL,EQ,19-07-2018,118.4,119.7,119.7,114.05,118.0,118.15,116.94,"9,86,852","11,54,03,611.30","15,181","5,71,136",57.87
JMFINANCIL,EQ,20-07-2018,118.15,118.95,119.9,114.8,115.15,116.25,117.43,"6,57,788","7,72,45,012.25","5,348","4,31,866",65.65
JMFINANCIL,EQ,23-07-2018,116.25,116.3,117.45,114.55,115.4,115.85,115.8,"3,49,012","4,04,13,990.95","3,422","1,82,894",52.4
JMFINANCIL,EQ,24-07-2018,115.85,116.6,121.05,115.4,118.55,118.4,118.39,"6,89,004","8,15,70,349.40","6,508","4,00,218",58.09
JMFINANCIL,EQ,25-07-2018,118.4,119.5,119.75,117.05,117.05,117.45,118.27,"3,69,845","4,37,40,432.15","5,070","2,06,334",55.79
JMFINANCIL,EQ,26-07-2018,117.45,118.15,118.3,113.35,114.05,114.4,115.11,"5,26,398","6,05,95,401.05","6,023","3,24,183",61.59
JMFINANCIL,EQ,27-07-2018,114.4,115.8,118.5,114.3,116.6,116.25,117.19,"7,98,614","9,35,89,799.65","6,789","4,56,307",57.14
JMFINANCIL,EQ,30-07-2018,116.25,117.4,120.0,116.4,118.95,118.8,118.05,"3,67,883","4,34,26,788.10","4,279","2,12,355",57.72
JMFINANCIL,EQ,31-07-2018,118.8,118.9,119.1,116.8,118.0,118.1,118.0,"2,18,705","2,58,08,154.20","4,087","1,15,490",52.81
JMFINANCIL,EQ,01-08-2018,118.1,119.1,120.6,117.45,119.55,120.05,119.27,"4,22,099","5,03,44,476.20","5,987","2,51,988",59.7
JMFINANCIL,EQ,02-08-2018,120.05,119.75,126.45,118.6,125.95,125.3,124.22,"9,86,510","12,25,41,896.80","15,077","5,38,962",54.63
JMFINANCIL,EQ,03-08-2018,125.3,125.8,129.0,125.8,128.5,128.2,127.78,"8,58,862","10,97,42,421.20","8,232","6,04,148",70.34
JMFINANCIL,EQ,06-08-2018,128.2,128.95,128.95,124.75,127.75,127.85,127.15,"6,87,612","8,74,33,212.70","6,246","4,83,519",70.32
JMFINANCIL,EQ,07-08-2018,127.85,128.5,135.85,126.1,129.55,129.2,130.53,"8,82,122","11,51,44,985.40","11,597","4,54,446",51.52
JMFINANCIL,EQ,08-08-2018,129.2,131.0,131.15,128.0,129.0,130.2,129.55,"3,99,970","5,18,15,387.80","4,610","1,58,252",39.57
JMFINANCIL,EQ,09-08-2018,130.2,130.0,130.5,127.5,129.1,129.6,128.68,"3,48,191","4,48,05,887.55","4,262","1,66,917",47.94
JMFINANCIL,EQ,10-08-2018,129.6,129.1,129.25,126.4,127.0,127.05,127.43,"2,13,966","2,72,64,846.40","2,018","1,18,737",55.49
JMFINANCIL,EQ,13-08-2018,127.05,125.0,125.9,122.05,124.0,124.1,123.65,"2,83,121","3,50,07,865.10","3,015","1,61,009",56.87
JMFINANCIL,EQ,14-08-2018,124.1,124.0,126.7,123.3,125.7,125.25,124.77,"2,78,927","3,48,01,942.10","3,206","1,61,626",57.95
JMFINANCIL,EQ,16-08-2018,125.25,123.0,126.4,122.1,125.4,125.4,124.43,"2,85,999","3,55,87,236.70","2,956","1,42,073",49.68
JMFINANCIL,EQ,17-08-2018,125.4,127.3,129.7,126.15,128.15,127.95,127.85,"2,67,658","3,42,19,723.25","4,188","1,42,357",53.19
JMFINANCIL,EQ,20-08-2018,127.95,128.15,128.7,126.75,127.3,127.3,127.37,"4,69,722","5,98,27,498.50","5,241","3,57,256",76.06
JMFINANCIL,EQ,21-08-2018,127.3,128.25,128.25,126.35,126.8,126.9,126.82,"2,94,648","3,73,66,531.95","2,431","2,09,014",70.94
JMFINANCIL,EQ,23-08-2018,126.9,129.0,129.0,125.6,126.0,126.05,126.46,"3,10,759","3,92,97,833.00","5,398","1,94,799",62.68
JMFINANCIL,EQ,24-08-2018,126.05,125.0,126.0,124.0,124.35,125.0,124.95,"2,16,992","2,71,14,157.35","2,249","1,41,101",65.03
JMFINANCIL,EQ,27-08-2018,125.0,125.45,125.75,124.0,124.15,124.5,125.07,"5,54,436","6,93,44,863.55","2,164","4,28,770",77.33
JMFINANCIL,EQ,28-08-2018,124.5,124.5,125.45,123.8,124.5,124.7,124.33,"2,73,196","3,39,67,594.75","2,323","1,49,319",54.66
JMFINANCIL,EQ,29-08-2018,124.7,127.9,128.0,121.05,122.5,122.65,124.41,"4,82,408","6,00,18,738.15","5,703","2,24,264",46.49
JMFINANCIL,EQ,30-08-2018,122.65,122.75,123.9,119.5,120.6,120.65,120.89,"3,82,868","4,62,86,459.40","3,884","2,10,363",54.94
JMFINANCIL,EQ,31-08-2018,120.65,120.25,122.35,119.3,120.0,120.4,120.44,"3,77,704","4,54,89,130.85","3,417","2,24,607",59.47
JMFINANCIL,EQ,03-09-2018,120.4,123.4,124.35,121.4,122.75,122.0,122.25,"11,57,046","14,14,45,986.95","5,162","7,29,540",63.05
JMFINANCIL,EQ,04-09-2018,122.0,122.75,124.0,116.4,117.0,116.9,121.89,"67,85,431","82,70,84,601.20","9,481","58,35,417",86.0
JMFINANCIL,EQ,05-09-2018,116.9,117.8,118.5,113.8,115.5,116.25,115.56,"11,59,891","13,40,42,794.75","9,329","5,29,111",45.62
JMFINANCIL,EQ,06-09-2018,116.25,117.0,117.0,113.75,116.7,116.3,115.51,"4,65,705","5,37,93,760.30","4,983","2,16,671",46.53
JMFINANCIL,EQ,07-09-2018,116.3,116.65,118.2,114.85,115.5,115.55,115.68,"5,53,174","6,39,90,652.60","3,139","3,32,463",60.1
JMFINANCIL,EQ,10-09-2018,115.55,115.75,119.0,113.55,117.0,117.8,115.85,"31,78,134","36,81,72,095.75","10,620","25,05,226",78.83
JMFINANCIL,EQ,11-09-2018,117.8,117.7,118.5,112.45,113.3,112.9,114.34,"4,40,338","5,03,46,718.65","4,606","2,52,551",57.35
JMFINANCIL,EQ,12-09-2018,112.9,113.85,113.85,109.0,110.9,112.2,111.39,"6,35,122","7,07,48,996.10","5,691","3,77,927",59.5
JMFINANCIL,EQ,14-09-2018,112.2,112.95,113.4,111.2,112.9,112.8,112.31,"4,32,078","4,85,26,162.15","6,890","2,20,307",50.99
JMFINANCIL,EQ,17-09-2018,112.8,112.1,112.75,109.0,109.1,109.45,110.05,"4,75,916","5,23,74,345.25","3,515","2,75,893",57.97
JMFINANCIL,EQ,18-09-2018,109.45,109.0,110.5,104.3,105.5,105.65,107.56,"7,07,831","7,61,37,075.85","9,038","4,60,215",65.02
JMFINANCIL,EQ,19-09-2018,105.65,106.0,107.3,103.2,103.3,103.9,104.68,"5,67,991","5,94,59,008.35","9,661","3,27,716",57.7
JMFINANCIL,EQ,21-09-2018,103.9,104.1,112.0,90.25,106.0,104.15,101.94,"22,67,628","23,11,66,404.60","22,894","8,24,937",36.38
JMFINANCIL,EQ,24-09-2018,104.15,105.85,107.05,90.1,98.8,99.0,97.64,"22,98,339","22,44,13,467.40","12,264","14,64,644",63.73
JMFINANCIL,EQ,25-09-2018,99.0,101.95,101.95,93.4,96.3,96.4,95.28,"19,34,991","18,43,58,598.70","10,625","13,27,323",68.6
JMFINANCIL,EQ,26-09-2018,96.4,97.0,97.1,91.5,92.35,92.6,93.39,"39,58,338","36,96,73,066.15","9,965","33,39,873",84.38
JMFINANCIL,EQ,27-09-2018,92.6,93.0,95.7,83.85,86.0,87.7,88.28,"41,07,164","36,25,80,468.70","37,200","27,35,414",66.6
JMFINANCIL,EQ,28-09-2018,87.7,87.0,91.9,84.1,86.7,86.5,87.66,"22,33,241","19,57,66,515.90","54,232","11,20,171",50.16
JMFINANCIL,EQ,01-10-2018,86.5,87.0,89.0,78.25,88.0,88.25,84.83,"19,70,296","16,71,47,605.95","26,847","12,34,288",62.64
JMFINANCIL,EQ,03-10-2018,88.25,89.0,90.9,86.2,89.35,89.3,88.52,"7,24,904","6,41,67,325.50","10,992","2,81,475",38.83
JMFINANCIL,EQ,04-10-2018,89.3,87.05,91.0,84.45,88.05,88.95,86.48,"9,28,025","8,02,55,659.95","12,173","4,38,252",47.22
JMFINANCIL,EQ,05-10-2018,88.95,88.0,89.0,81.5,81.5,84.1,87.17,"26,28,375","22,91,21,849.75","7,361","22,74,149",86.52
JMFINANCIL,EQ,08-10-2018,84.1,84.0,84.0,68.6,73.5,73.3,74.93,"21,97,172","16,46,27,364.40","25,043","9,14,937",41.64
JMFINANCIL,EQ,09-10-2018,73.3,75.9,80.7,73.35,78.75,78.7,76.47,"42,58,117","32,56,38,340.15","12,324","32,35,859",75.99
JMFINANCIL,EQ,10-10-2018,78.7,79.0,85.5,79.0,82.0,81.95,83.64,"38,13,439","31,89,62,094.60","23,474","25,98,291",68.14
JMFINANCIL,EQ,11-10-2018,81.95,77.0,80.9,72.3,75.0,74.7,76.85,"16,71,105","12,84,17,485.30","22,363","7,38,734",44.21
JMFINANCIL,EQ,12-10-2018,74.7,75.6,81.3,75.6,80.2,80.4,78.73,"19,07,308","15,01,64,799.75","12,055","10,81,858",56.72
JMFINANCIL,EQ,15-10-2018,80.4,80.45,82.15,79.25,80.85,81.1,80.47,"7,60,814","6,12,20,763.90","5,715","4,00,636",52.66
JMFINANCIL,EQ,16-10-2018,81.1,81.5,82.9,80.2,81.2,81.05,81.25,"4,74,150","3,85,25,586.55","3,948","1,93,114",40.73
JMFINANCIL,EQ,17-10-2018,81.05,82.0,82.5,75.0,75.2,75.3,76.59,"25,73,000","19,70,69,187.00","9,707","16,90,273",65.69
JMFINANCIL,EQ,19-10-2018,75.3,74.0,74.3,69.2,72.65,71.35,70.49,"56,93,805","40,13,74,316.15","17,156","44,49,137",78.14
JMFINANCIL,EQ,22-10-2018,71.35,71.2,72.1,70.0,70.3,70.3,70.86,"8,09,897","5,73,89,563.50","6,580","3,36,802",41.59
JMFINANCIL,EQ,23-10-2018,70.3,69.05,71.4,68.5,70.0,70.15,70.12,"7,00,448","4,91,15,640.95","5,415","2,60,884",37.25
JMFINANCIL,EQ,24-10-2018,70.15,71.1,72.9,69.1,70.2,70.45,70.19,"35,14,722","24,67,06,058.60","10,842","26,31,324",74.87
JMFINANCIL,EQ,25-10-2018,70.45,69.8,69.8,66.2,68.4,68.35,67.82,"14,02,415","9,51,06,766.90","14,144","10,25,382",73.12
JMFINANCIL,EQ,26-10-2018,68.35,70.0,70.2,64.05,64.5,64.95,65.35,"48,12,374","31,44,78,182.50","43,725","16,53,042",34.35
JMFINANCIL,EQ,29-10-2018,64.95,66.0,73.0,65.05,71.0,71.3,69.25,"21,81,179","15,10,55,592.95","10,939","12,51,460",57.38
JMFINANCIL,EQ,30-10-2018,71.3,71.2,74.2,70.7,71.5,71.95,72.78,"10,57,415","7,69,59,889.80","5,820","4,95,322",46.84
JMFINANCIL,EQ,31-10-2018,71.95,72.1,79.9,70.5,75.6,75.8,75.76,"39,10,476","29,62,77,178.25","19,905","20,11,119",51.43
JMFINANCIL,EQ,01-11-2018,75.8,75.95,77.45,74.25,74.9,75.25,75.73,"23,34,599","17,67,98,785.30","10,008","11,74,633",50.31
JMFINANCIL,EQ,02-11-2018,75.25,75.85,79.45,75.8,76.9,76.9,77.8,"17,83,934","13,87,98,902.15","7,753","9,14,831",51.28
JMFINANCIL,EQ,05-11-2018,76.9,76.9,77.55,73.3,74.35,74.05,75.11,"12,47,091","9,36,62,895.40","10,763","5,09,333",40.84
JMFINANCIL,EQ,06-11-2018,74.05,74.65,77.0,74.2,76.3,76.3,75.39,"6,35,597","4,79,18,162.60","5,624","2,24,893",35.38
JMFINANCIL,EQ,07-11-2018,76.3,76.3,77.5,76.3,77.0,77.25,77.13,"1,42,625","1,10,00,221.20","1,317","92,339",64.74
JMFINANCIL,EQ,09-11-2018,77.25,75.75,79.1,75.5,79.05,78.7,78.02,"11,80,482","9,21,00,192.35","9,397","3,21,455",27.23
JMFINANCIL,EQ,12-11-2018,78.7,78.7,79.5,76.0,78.0,78.5,77.98,"8,87,417","6,91,97,166.40","7,568","3,81,269",42.96
JMFINANCIL,EQ,13-11-2018,78.5,77.15,79.0,76.2,78.45,78.45,77.47,"5,63,231","4,36,32,431.90","5,304","1,67,058",29.66
JMFINANCIL,EQ,14-11-2018,78.45,80.5,82.4,79.2,79.5,79.95,80.68,"15,41,116","12,43,38,238.90","8,929","5,82,599",37.8
JMFINANCIL,EQ,15-11-2018,79.95,80.5,85.5,79.5,85.3,84.25,83.19,"16,52,934","13,75,05,144.35","11,822","10,07,065",60.93
JMFINANCIL,EQ,16-11-2018,84.25,85.5,89.5,84.4,85.7,85.95,86.71,"20,91,852","18,13,77,883.00","16,491","7,68,182",36.72
JMFINANCIL,EQ,19-11-2018,85.95,86.5,87.85,83.9,86.7,86.65,86.04,"16,84,565","14,49,45,141.85","12,197","6,53,529",38.8
JMFINANCIL,EQ,20-11-2018,86.65,85.75,86.9,84.1,85.9,86.05,85.06,"16,25,002","13,82,18,441.40","11,475","11,65,434",71.72
JMFINANCIL,EQ,21-11-2018,86.05,86.0,87.4,85.0,85.5,85.35,86.12,"5,40,856","4,65,76,996.55","6,271","2,10,028",38.83
JMFINANCIL,EQ,22-11-2018,85.35,86.0,89.85,85.25,88.35,88.55,88.04,"16,80,484","14,79,49,970.00","11,377","9,03,713",53.78
JMFINANCIL,EQ,26-11-2018,88.55,88.55,89.3,85.25,86.05,86.35,86.65,"6,08,416","5,27,19,143.00","9,577","2,30,047",37.81
JMFINANCIL,EQ,27-11-2018,86.35,86.2,88.9,85.5,86.85,87.5,87.74,"8,44,387","7,40,84,571.80","5,094","4,20,057",49.75
JMFINANCIL,EQ,28-11-2018,87.5,88.5,89.6,83.6,84.0,84.3,85.77,"6,78,411","5,81,84,488.05","4,785","2,95,649",43.58
JMFINANCIL,EQ,29-11-2018,84.3,85.25,88.0,83.85,86.7,86.7,86.21,"9,15,998","7,89,66,585.95","5,210","3,00,095",32.76
JMFINANCIL,EQ,30-11-2018,86.7,87.9,88.5,85.5,87.5,88.05,87.07,"5,26,735","4,58,60,189.30","4,429","2,24,560",42.63
JMFINANCIL,EQ,03-12-2018,88.05,86.0,87.0,83.55,86.75,86.5,85.73,"7,10,789","6,09,37,955.30","4,156","2,68,277",37.74
JMFINANCIL,EQ,04-12-2018,86.5,86.0,87.35,85.5,86.1,86.5,86.56,"5,20,154","4,50,25,716.20","3,370","82,203",15.8
JMFINANCIL,EQ,05-12-2018,86.5,86.0,86.4,84.95,85.1,85.4,85.47,"3,17,495","2,71,36,789.70","4,841","1,27,036",40.01
JMFINANCIL,EQ,06-12-2018,85.4,84.45,85.7,84.1,85.0,85.1,84.81,"4,32,894","3,67,11,849.35","7,155","2,43,093",56.16
JMFINANCIL,EQ,07-12-2018,85.1,85.0,86.35,84.0,85.35,85.75,85.09,"3,71,477","3,16,10,823.80","7,605","1,50,996",40.65
JMFINANCIL,EQ,10-12-2018,85.75,84.5,84.6,81.5,82.4,82.9,83.63,"2,54,639","2,12,94,515.20","3,620","1,42,939",56.13
JMFINANCIL,EQ,11-12-2018,82.9,82.25,83.5,80.9,83.0,82.6,82.07,"9,44,838","7,75,43,061.50","12,685","5,65,640",59.87
JMFINANCIL,EQ,12-12-2018,82.6,84.0,85.9,83.1,85.7,85.7,85.02,"2,61,543","2,22,37,478.90","1,951","1,21,039",46.28
JMFINANCIL,EQ,13-12-2018,85.7,86.0,88.8,85.95,88.8,87.9,87.26,"5,51,087","4,80,89,650.55","5,531","2,63,301",47.78
JMFINANCIL,EQ,14-12-2018,87.9,87.9,89.3,85.2,86.05,86.35,86.91,"15,78,969","13,72,30,145.70","4,402","11,90,490",75.4
JMFINANCIL,EQ,17-12-2018,86.35,86.9,87.0,85.3,85.8,85.9,86.12,"2,79,469","2,40,67,034.35","2,341","95,880",34.31
JMFINANCIL,EQ,18-12-2018,85.9,84.95,89.1,84.9,87.7,88.5,87.46,"4,81,900","4,21,46,424.95","4,256","1,90,456",39.52
JMFINANCIL,EQ,19-12-2018,88.5,88.95,93.4,88.15,92.4,92.3,91.73,"20,76,662","19,04,85,458.10","18,002","7,58,684",36.53
JMFINANCIL,EQ,20-12-2018,92.3,93.1,94.5,91.35,92.85,92.8,92.89,"8,55,029","7,94,27,159.70","16,024","3,10,050",36.26
JMFINANCIL,EQ,21-12-2018,92.8,92.85,93.5,89.45,91.0,91.0,91.19,"5,87,125","5,35,41,138.25","6,184","3,16,058",53.83
JMFINANCIL,EQ,24-12-2018,91.0,90.2,91.1,88.55,88.9,89.5,89.87,"2,70,428","2,43,02,103.50","3,623","88,399",32.69
JMFINANCIL,EQ,26-12-2018,89.5,88.2,88.45,82.5,87.3,87.25,85.81,"6,87,214","5,89,68,416.55","6,122","2,18,160",31.75
JMFINANCIL,EQ,27-12-2018,87.25,88.95,91.8,88.1,91.05,91.0,89.73,"6,68,473","5,99,83,076.70","7,102","4,15,842",62.21
JMFINANCIL,EQ,28-12-2018,91.0,91.2,93.1,90.0,91.5,92.0,91.91,"22,05,826","20,27,38,202.40","8,700","17,87,076",81.02
JMFINANCIL,EQ,31-12-2018,92.0,92.9,94.3,91.85,93.25,93.85,93.29,"5,15,321","4,80,74,067.35","5,905","2,28,841",44.41
JMFINANCIL,EQ,01-01-2019,93.85,93.85,93.85,92.1,92.7,92.8,92.76,"1,99,302","1,84,87,110.60","2,039","76,402",38.33
JMFINANCIL,EQ,02-01-2019,92.8,92.0,92.5,89.6,89.65,89.75,91.07,"3,48,500","3,17,37,858.25","2,961","1,57,525",45.2
JMFINANCIL,EQ,03-01-2019,89.75,89.75,92.3,89.0,89.9,89.65,90.57,"3,26,319","2,95,55,619.10","5,908","1,04,430",32.0
JMFINANCIL,EQ,04-01-2019,89.65,90.4,91.1,88.5,90.15,90.1,89.81,"2,90,960","2,61,31,529.15","2,987","1,48,157",50.92
JMFINANCIL,EQ,07-01-2019,90.1,91.15,91.85,89.35,90.35,90.2,90.15,"3,14,786","2,83,78,434.70","3,507","1,70,544",54.18
JMFINANCIL,EQ,08-01-2019,90.2,91.3,91.3,89.6,90.2,90.0,90.24,"2,34,858","2,11,92,803.15","5,132","1,20,670",51.38
JMFINANCIL,EQ,09-01-2019,90.0,91.5,91.5,87.7,88.1,88.1,89.02,"5,26,446","4,68,63,575.15","8,651","3,89,140",73.92
JMFINANCIL,EQ,10-01-2019,88.1,88.7,89.45,87.55,87.85,88.1,88.28,"2,76,164","2,43,80,530.90","6,586","1,44,367",52.28
JMFINANCIL,EQ,11-01-2019,88.1,88.25,91.55,87.7,91.2,90.55,89.72,"2,97,005","2,66,48,209.90","6,525","1,73,863",58.54
JMFINANCIL,EQ,14-01-2019,90.55,90.9,90.9,87.75,88.55,88.95,88.29,"5,51,400","4,86,80,866.85","4,069","4,03,321",73.14
JMFINANCIL,EQ,15-01-2019,88.95,89.95,91.3,88.6,90.5,90.7,90.26,"3,13,169","2,82,66,461.10","4,600","1,88,955",60.34
JMFINANCIL,EQ,16-01-2019,90.7,90.3,90.85,89.15,89.25,89.6,89.75,"1,44,301","1,29,50,323.05","2,296","86,731",60.1
JMFINANCIL,EQ,17-01-2019,89.6,89.25,90.15,87.2,87.45,87.65,88.32,"1,74,631","1,54,23,051.35","2,191","1,04,417",59.79
JMFINANCIL,EQ,18-01-2019,87.65,88.4,88.4,86.0,86.45,86.65,86.76,"1,87,908","1,63,02,857.20","2,962","76,659",40.8
JMFINANCIL,EQ,21-01-2019,86.65,88.0,88.25,86.45,87.25,87.0,87.02,"12,60,609","10,96,97,967.65","2,781","10,81,476",85.79
JMFINANCIL,EQ,22-01-2019,87.0,86.8,87.0,84.5,84.65,84.85,85.38,"1,89,371","1,61,68,587.10","1,661","67,818",35.81
JMFINANCIL,EQ,23-01-2019,84.85,84.85,86.6,82.6,83.35,83.0,83.43,"9,02,904","7,53,27,814.75","4,616","7,35,598",81.47
JMFINANCIL,EQ,24-01-2019,83.0,79.25,85.0,79.25,83.95,83.3,82.37,"5,69,950","4,69,44,222.65","5,666","2,16,301",37.95
JMFINANCIL,EQ,25-01-2019,83.3,84.5,84.5,81.75,82.25,82.65,83.16,"1,92,592","1,60,16,111.10","3,144","1,24,781",64.79
JMFINANCIL,EQ,28-01-2019,82.65,82.0,82.15,76.45,76.6,77.6,79.18,"6,30,875","4,99,52,261.60","7,081","3,82,304",60.6
JMFINANCIL,EQ,29-01-2019,77.6,76.9,79.3,75.1,77.95,77.55,77.49,"2,63,531","2,04,20,807.95","10,164","1,04,551",39.67
JMFINANCIL,EQ,30-01-2019,77.55,77.8,78.4,76.3,77.4,77.2,77.49,"2,38,391","1,84,73,513.85","6,255","1,59,518",66.91
JMFINANCIL,EQ,31-01-2019,77.2,77.8,79.6,75.4,77.3,77.35,77.3,"4,77,059","3,68,74,807.35","6,879","1,92,931",40.44
JMFINANCIL,EQ,01-02-2019,77.35,77.5,81.2,77.05,78.5,79.7,80.19,"16,19,584","12,98,71,816.65","10,041","1,09,085",6.74
JMFINANCIL,EQ,04-02-2019,79.7,78.6,78.6,75.5,76.5,76.7,76.66,"2,50,390","1,91,94,253.15","8,409","1,09,668",43.8
JMFINANCIL,EQ,05-02-2019,76.7,76.7,77.9,75.75,76.3,76.45,76.82,"2,35,445","1,80,87,451.75","4,199","73,755",31.33
JMFINANCIL,EQ,06-02-2019,76.45,77.0,79.5,74.35,79.0,77.9,76.21,"3,58,856","2,73,49,955.50","7,911","1,58,400",44.14
JMFINANCIL,EQ,07-02-2019,77.9,78.5,80.8,77.45,79.8,79.6,79.1,"2,10,660","1,66,63,544.90","4,032","85,578",40.62
JMFINANCIL,EQ,08-02-2019,79.6,80.5,82.1,77.85,80.9,80.15,80.19,"2,94,489","2,36,14,731.55","5,345","1,37,908",46.83
JMFINANCIL,EQ,11-02-2019,80.15,82.6,82.6,74.9,75.05,75.25,76.54,"5,52,713","4,23,03,867.05","6,119","2,20,626",39.92
JMFINANCIL,EQ,12-02-2019,75.25,75.4,76.6,74.05,74.65,74.8,75.48,"1,83,289","1,38,34,425.75","2,857","74,019",40.38
JMFINANCIL,EQ,13-02-2019,74.8,74.4,75.8,73.9,75.15,74.9,74.81,"2,23,451","1,67,15,464.15","3,871","62,183",27.83
JMFINANCIL,EQ,14-02-2019,74.9,74.4,76.8,73.05,75.8,75.85,75.1,"2,90,275","2,18,00,308.80","4,445","1,08,908",37.52
JMFINANCIL,EQ,15-02-2019,75.85,75.9,77.0,74.6,77.0,76.6,75.86,"1,84,165","1,39,71,336.10","4,527","59,994",32.58
JMFINANCIL,EQ,18-02-2019,76.6,77.0,77.1,74.1,74.5,75.0,75.1,"2,44,091","1,83,30,932.55","7,437","1,45,244",59.5
JMFINANCIL,EQ,19-02-2019,75.0,74.5,75.6,73.5,73.8,74.25,74.61,"2,94,614","2,19,79,955.60","11,660","1,14,137",38.74
JMFINANCIL,EQ,20-02-2019,74.25,74.9,76.65,73.35,76.0,76.0,74.95,"2,29,498","1,72,01,586.30","4,227","90,402",39.39
JMFINANCIL,EQ,21-02-2019,76.0,77.0,77.5,75.4,76.75,76.5,76.63,"2,27,849","1,74,60,433.85","6,482","93,900",41.21
JMFINANCIL,EQ,22-02-2019,76.5,76.9,76.9,75.2,76.65,76.4,76.24,"1,77,973","1,35,68,498.65","3,993","94,100",52.87
JMFINANCIL,EQ,25-02-2019,76.4,76.9,77.0,75.8,75.9,76.2,76.29,"1,48,729","1,13,46,341.20","2,502","88,868",59.75
JMFINANCIL,EQ,26-02-2019,76.2,75.0,77.4,74.0,76.5,76.65,75.55,"2,11,794","1,60,01,457.80","3,792","1,08,682",51.31
JMFINANCIL,EQ,27-02-2019,76.65,77.0,77.85,75.2,76.35,76.05,76.42,"2,56,078","1,95,68,598.95","3,056","1,34,409",52.49
JMFINANCIL,EQ,28-02-2019,76.05,76.0,78.4,75.6,77.9,77.6,76.98,"1,58,785","1,22,22,841.55","2,879","90,278",56.86
JMFINANCIL,EQ,01-03-2019,77.6,78.0,80.85,77.45,80.45,80.1,79.82,"3,35,784","2,68,03,923.30","5,420","2,13,296",63.52
JMFINANCIL,EQ,05-03-2019,80.1,80.7,85.2,79.4,84.0,84.05,82.66,"5,70,665","4,71,68,934.45","11,086","3,00,135",52.59
JMFINANCIL,EQ,06-03-2019,84.05,84.75,88.85,84.3,85.2,85.35,86.47,"5,61,383","4,85,45,184.70","9,489","3,02,232",53.84
JMFINANCIL,EQ,07-03-2019,85.35,85.9,88.5,85.05,85.35,85.7,86.91,"7,01,153","6,09,37,615.50","6,961","2,08,701",29.77
JMFINANCIL,EQ,08-03-2019,85.7,85.75,86.2,84.2,85.0,85.15,85.19,"2,31,206","1,96,96,666.95","3,173","98,103",42.43
JMFINANCIL,EQ,11-03-2019,85.15,85.8,86.85,85.05,86.25,86.15,86.14,"6,12,794","5,27,84,621.30","13,895","4,24,812",69.32
JMFINANCIL,EQ,12-03-2019,86.15,86.55,87.5,75.25,82.5,81.65,83.75,"9,87,240","8,26,79,866.50","8,750","4,81,260",48.75
JMFINANCIL,EQ,13-03-2019,81.65,82.5,85.4,82.5,84.05,84.25,83.78,"8,01,592","6,71,57,885.55","5,048","5,33,991",66.62
JMFINANCIL,EQ,14-03-2019,84.25,88.4,89.0,87.0,88.05,88.2,88.08,"34,34,465","30,25,03,200.05","18,626","12,67,966",36.92
JMFINANCIL,EQ,15-03-2019,88.2,88.65,92.55,88.25,88.7,89.45,90.49,"20,15,549","18,23,78,195.35","11,441","6,13,033",30.42
JMFINANCIL,EQ,18-03-2019,89.45,89.5,90.6,86.35,86.5,86.9,87.55,"7,89,793","6,91,47,192.80","8,595","5,20,143",65.86
JMFINANCIL,EQ,19-03-2019,86.9,88.55,98.7,88.55,92.0,91.6,94.56,"55,91,483","52,87,52,606.55","42,719","14,71,984",26.33
JMFINANCIL,EQ,20-03-2019,91.6,92.0,94.65,91.05,93.3,92.95,93.11,"17,81,865","16,59,06,311.60","14,507","8,14,405",45.71
JMFINANCIL,EQ,22-03-2019,92.95,93.4,93.55,89.0,89.65,89.5,90.61,"6,77,155","6,13,59,959.50","5,618","2,76,348",40.81
JMFINANCIL,EQ,25-03-2019,89.5,88.5,89.4,85.55,85.85,86.05,86.75,"8,49,257","7,36,72,017.10","7,065","5,32,147",62.66
JMFINANCIL,EQ,26-03-2019,86.05,86.6,89.2,86.2,87.3,87.4,87.51,"35,07,433","30,69,44,049.05","17,278","20,08,823",57.27
JMFINANCIL,EQ,27-03-2019,87.4,88.1,93.85,88.0,92.3,92.6,90.63,"16,82,742","15,25,09,073.30","12,769","8,05,978",47.9
JMFINANCIL,EQ,28-03-2019,92.6,94.0,95.4,93.6,93.8,94.05,94.57,"11,86,206","11,21,81,650.70","8,859","3,50,156",29.52
JMFINANCIL,EQ,29-03-2019,94.05,94.35,96.5,93.2,94.6,94.1,94.67,"9,04,127","8,55,95,562.30","7,070","4,00,123",44.26
JMFINANCIL,EQ,01-04-2019,94.1,94.8,95.5,92.2,92.55,92.8,93.71,"6,01,881","5,64,02,418.95","5,697","3,34,373",55.55
JMFINANCIL,EQ,02-04-2019,92.8,93.65,93.65,89.95,91.05,90.45,91.46,"6,77,198","6,19,37,561.10","15,781","4,11,590",60.78
JMFINANCIL,EQ,03-04-2019,90.45,93.5,93.5,90.3,91.3,91.05,91.85,"9,10,599","8,36,34,294.20","7,281","4,23,484",46.51
JMFINANCIL,EQ,04-04-2019,91.05,90.55,92.0,88.8,91.5,91.15,90.67,"7,03,953","6,38,30,268.95","7,338","2,62,408",37.28
JMFINANCIL,EQ,05-04-2019,91.15,91.8,91.8,88.8,89.3,89.5,90.05,"5,19,453","4,67,74,307.85","4,105","2,61,800",50.4
JMFINANCIL,EQ,08-04-2019,89.5,90.0,90.8,88.0,88.45,88.25,89.36,"4,36,106","3,89,70,140.50","5,799","2,21,692",50.83
JMFINANCIL,EQ,09-04-2019,88.25,88.7,91.0,87.5,89.5,89.5,89.48,"4,53,567","4,05,85,906.20","6,746","1,82,417",40.22
JMFINANCIL,EQ,10-04-2019,89.5,90.25,91.0,86.95,87.7,87.7,89.24,"7,71,580","6,88,57,507.80","7,562","3,70,732",48.05
JMFINANCIL,EQ,11-04-2019,87.7,88.45,88.8,87.2,87.6,87.6,87.87,"3,75,011","3,29,51,974.40","3,765","1,71,030",45.61
JMFINANCIL,EQ,12-04-2019,87.6,87.1,88.65,87.1,87.85,88.0,87.8,"5,11,519","4,49,09,620.75","3,108","3,27,957",64.11
JMFINANCIL,EQ,15-04-2019,88.0,88.1,90.0,87.7,89.9,89.8,89.45,"4,70,178","4,20,55,639.35","7,297","2,36,273",50.25
JMFINANCIL,EQ,16-04-2019,89.8,89.95,90.9,89.1,90.0,89.65,89.86,"5,07,173","4,55,75,474.40","4,478","2,98,399",58.84
JMFINANCIL,EQ,18-04-2019,89.65,91.5,92.45,89.4,90.0,89.9,90.6,"15,32,361","13,88,38,239.95","19,349","8,07,562",52.7
JMFINANCIL,EQ,22-04-2019,89.9,90.2,90.35,87.2,87.4,87.9,88.19,"3,87,516","3,41,73,640.65","4,282","2,44,130",63.0
JMFINANCIL,EQ,23-04-2019,87.9,87.75,88.9,87.0,88.5,87.9,87.99,"5,28,545","4,65,06,209.70","6,467","3,79,271",71.76
JMFINANCIL,EQ,24-04-2019,87.9,88.75,88.75,85.2,88.0,87.85,87.08,"5,87,512","5,11,62,374.95","5,985","3,80,114",64.7
JMFINANCIL,EQ,25-04-2019,87.85,87.85,88.8,87.15,88.1,88.0,87.82,"6,84,681","6,01,27,319.70","4,008","5,39,698",78.82
JMFINANCIL,EQ,26-04-2019,88.0,88.3,88.3,87.1,88.2,88.0,87.66,"6,89,695","6,04,60,356.10","2,920","5,66,458",82.13
JMFINANCIL,EQ,30-04-2019,88.0,88.0,89.3,85.25,89.0,88.5,87.39,"5,11,511","4,47,01,358.85","10,707","3,37,558",65.99
JMFINANCIL,EQ,02-05-2019,88.5,89.7,90.9,87.45,88.15,88.1,88.67,"8,37,980","7,43,05,591.25","11,357","4,46,199",53.25
JMFINANCIL,EQ,03-05-2019,88.1,86.0,88.2,83.1,85.55,85.45,86.09,"8,84,582","7,61,50,396.05","6,895","4,64,950",52.56
JMFINANCIL,EQ,06-05-2019,85.45,85.2,88.2,85.0,85.65,85.9,86.97,"24,68,841","21,47,04,695.85","10,558","21,04,574",85.25
JMFINANCIL,EQ,07-05-2019,85.9,86.4,86.55,85.05,85.25,85.45,85.58,"4,05,051","3,46,65,956.90","3,519","2,67,061",65.93
JMFINANCIL,EQ,08-05-2019,85.45,84.95,85.5,82.25,85.0,84.25,83.94,"9,26,889","7,78,00,201.30","4,835","5,54,854",59.86
JMFINANCIL,EQ,09-05-2019,84.25,83.3,83.75,81.85,81.95,82.05,82.3,"6,38,845","5,25,74,018.40","8,811","4,74,962",74.35
JMFINANCIL,EQ,10-05-2019,82.05,81.95,82.45,79.25,80.3,80.7,80.69,"5,94,281","4,79,53,277.20","6,450","2,92,113",49.15
JMFINANCIL,EQ,13-05-2019,80.7,81.2,81.5,78.65,80.4,80.1,80.41,"5,85,760","4,71,02,599.80","7,005","3,89,087",66.42
JMFINANCIL,EQ,14-05-2019,80.1,79.55,82.55,77.35,82.45,81.9,79.3,"5,40,765","4,28,82,552.40","5,894","3,45,192",63.83
JMFINANCIL,EQ,15-05-2019,81.9,82.0,82.75,80.65,82.1,82.0,81.54,"3,86,186","3,14,87,808.40","2,885","2,90,657",75.26
JMFINANCIL,EQ,16-05-2019,82.0,81.2,82.2,80.5,82.0,81.9,81.63,"11,58,579","9,45,70,087.80","10,445","10,25,901",88.55
JMFINANCIL,EQ,17-05-2019,81.9,81.95,83.45,81.3,81.6,81.85,82.27,"2,38,612","1,96,31,521.95","3,790","1,32,638",55.59
JMFINANCIL,EQ,20-05-2019,81.85,84.9,86.6,83.6,85.75,85.7,85.05,"4,91,708","4,18,17,620.75","5,133","3,31,103",67.34
JMFINANCIL,EQ,21-05-2019,85.7,84.35,86.4,84.35,85.5,85.45,85.26,"2,35,835","2,01,07,866.50","4,009","1,15,461",48.96
JMFINANCIL,EQ,22-05-2019,85.45,85.95,85.95,84.1,84.8,84.8,84.9,"1,88,342","1,59,89,431.10","3,100","97,797",51.93
JMFINANCIL,EQ,23-05-2019,84.8,88.0,90.5,86.1,88.5,88.0,88.42,"10,31,586","9,12,09,028.70","20,810","5,97,913",57.96
JMFINANCIL,EQ,24-05-2019,88.0,89.45,90.5,88.45,89.9,89.95,89.79,"7,66,459","6,88,20,852.35","11,447","5,11,209",66.7
JMFINANCIL,EQ,27-05-2019,89.95,89.5,93.7,89.1,91.0,90.9,92.38,"7,87,440","7,27,42,061.65","7,069","4,59,923",58.41
JMFINANCIL,EQ,28-05-2019,90.9,91.85,96.0,91.1,94.9,94.1,93.52,"8,39,862","7,85,48,014.50","7,127","6,12,958",72.98
JMFINANCIL,EQ,29-05-2019,94.1,94.1,94.5,93.0,94.0,94.05,93.92,"5,16,415","4,85,01,539.15","4,991","3,36,729",65.21
JMFINANCIL,EQ,30-05-2019,94.05,94.0,95.7,94.0,95.0,95.2,94.94,"9,19,995","8,73,43,636.15","9,960","7,36,235",80.03
JMFINANCIL,EQ,31-05-2019,95.2,97.5,98.0,94.2,94.95,95.5,95.91,"18,99,591","18,21,80,674.05","14,798","11,08,030",58.33
JMFINANCIL,EQ,03-06-2019,95.5,94.5,94.7,93.25,94.4,94.35,94.12,"2,10,022","1,97,66,330.55","2,242","98,927",47.1
JMFINANCIL,EQ,04-06-2019,94.35,93.6,95.6,93.3,94.05,94.05,94.22,"1,92,831","1,81,69,364.85","2,069","1,04,159",54.02
JMFINANCIL,EQ,06-06-2019,94.05,93.1,93.9,88.75,89.85,90.15,91.15,"5,67,053","5,16,89,287.90","5,815","3,90,431",68.85
JMFINANCIL,EQ,07-06-2019,90.15,88.95,91.0,88.1,88.9,89.55,89.71,"5,82,218","5,22,29,486.45","12,341","3,98,438",68.43
JMFINANCIL,EQ,10-06-2019,89.55,89.0,90.5,88.1,89.7,89.6,89.33,"4,04,727","3,61,52,878.85","8,157","2,50,246",61.83
JMFINANCIL,EQ,11-06-2019,89.6,90.35,91.0,88.95,90.0,90.0,89.95,"3,94,989","3,55,27,499.90","5,284","2,88,983",73.16
JMFINANCIL,EQ,12-06-2019,90.0,90.0,90.0,88.35,89.1,89.1,89.09,"1,39,554","1,24,32,331.70","6,030","77,975",55.87
JMFINANCIL,EQ,13-06-2019,89.1,88.5,89.5,88.15,89.05,89.3,89.09,"1,85,743","1,65,48,473.55","4,783","90,132",48.53
JMFINANCIL,EQ,14-06-2019,89.3,89.5,92.4,88.1,88.1,88.55,89.48,"2,63,229","2,35,53,304.40","5,000","97,473",37.03
JMFINANCIL,EQ,17-06-2019,88.55,88.0,88.65,84.5,87.2,87.1,86.38,"1,77,955","1,53,70,954.20","4,053","82,492",40.54
JMFINANCIL,EQ,18-06-2019,87.1,86.3,87.7,85.15,85.5,86.35,86.9,"2,38,451","2,07,21,719.25","3,416","1,70,352",68.65
JMFINANCIL,EQ,19-06-2019,86.35,86.1,86.5,81.5,82.0,82.05,83.01,"10,40,435","8,63,66,326.80","4,464","8,04,439",77.32
JMFINANCIL,EQ,20-06-2019,82.05,82.0,84.5,79.5,83.25,82.85,81.87,"4,04,368","3,31,06,910.75","5,484","1,53,114",37.87
JMFINANCIL,EQ,21-06-2019,82.85,83.4,85.9,81.5,85.6,84.25,83.59,"2,16,615","1,81,07,851.10","4,045","95,412",44.05
JMFINANCIL,EQ,24-06-2019,84.25,84.5,84.65,80.6,81.65,81.2,83.31,"16,21,735","13,50,99,132.65","9,201","15,24,281",93.99
JMFINANCIL,EQ,25-06-2019,81.2,81.1,81.5,78.35,78.5,78.9,79.3,"2,97,345","2,35,78,335.50","4,983","1,44,916",48.74
JMFINANCIL,EQ,26-06-2019,78.9,77.5,81.7,77.5,81.2,80.65,79.8,"4,19,120","3,34,45,960.05","6,235","2,10,111",50.13
JMFINANCIL,EQ,27-06-2019,80.65,81.65,83.4,79.3,79.65,79.75,80.94,"3,08,166","2,49,42,136.25","6,639","1,72,255",55.9
JMFINANCIL,EQ,28-06-2019,79.75,80.3,80.3,76.5,76.6,76.8,77.69,"3,65,510","2,83,95,474.80","5,183","2,37,269",64.91
JMFINANCIL,EQ,01-07-2019,76.8,77.0,77.2,74.0,76.0,75.85,75.13,"11,76,338","8,83,76,054.65","5,733","10,04,957",85.43
JMFINANCIL,EQ,02-07-2019,75.85,76.0,76.25,74.5,75.5,75.8,75.55,"7,99,297","6,03,87,112.85","6,151","6,34,481",79.38
JMFINANCIL,EQ,03-07-2019,75.8,76.0,77.45,75.1,76.15,76.15,76.19,"2,72,991","2,07,99,276.85","2,277","1,83,314",67.15
JMFINANCIL,EQ,04-07-2019,76.15,76.2,77.4,75.1,76.4,76.5,76.26,"4,77,555","3,64,18,146.00","3,305","3,04,369",63.73
JMFINANCIL,EQ,05-07-2019,76.5,77.0,79.45,76.0,76.3,76.35,77.56,"3,12,621","2,42,46,457.00","3,176","1,09,146",34.91
JMFINANCIL,EQ,08-07-2019,76.35,76.3,76.3,73.2,74.9,74.9,74.42,"3,87,164","2,88,11,943.80","2,681","2,88,110",74.42
JMFINANCIL,EQ,09-07-2019,74.9,74.9,78.15,73.6,77.65,77.85,76.44,"2,86,563","2,19,06,134.80","3,916","1,66,119",57.97
JMFINANCIL,EQ,10-07-2019,77.85,77.65,77.95,76.0,77.45,77.1,76.77,"1,52,847","1,17,33,532.60","2,232","44,456",29.09
JMFINANCIL,EQ,11-07-2019,77.1,78.0,78.0,75.6,76.2,76.0,76.23,"3,29,812","2,51,41,288.65","2,682","2,44,048",74.0
JMFINANCIL,EQ,12-07-2019,76.0,76.65,76.65,74.0,74.2,74.25,74.95,"3,14,004","2,35,35,569.15","3,458","1,92,205",61.21
JMFINANCIL,EQ,15-07-2019,74.25,74.85,75.6,74.0,74.75,74.55,74.58,"1,70,857","1,27,43,098.75","2,391","87,259",51.07
JMFINANCIL,EQ,16-07-2019,74.55,74.95,75.5,72.15,72.95,73.3,72.89,"3,57,142","2,60,31,705.45","4,118","1,99,474",55.85
JMFINANCIL,EQ,17-07-2019,73.3,73.9,74.9,72.05,74.35,74.35,73.94,"3,54,403","2,62,06,281.35","3,153","2,45,645",69.31
JMFINANCIL,EQ,18-07-2019,74.35,74.9,74.9,71.3,71.4,71.85,72.78,"2,26,504","1,64,84,259.25","3,576","84,953",37.51
JMFINANCIL,EQ,19-07-2019,71.85,72.5,72.75,67.8,68.9,68.95,70.23,"9,51,243","6,68,06,405.15","5,639","5,94,738",62.52
JMFINANCIL,EQ,22-07-2019,68.95,68.0,71.75,66.9,70.0,70.4,68.8,"4,44,433","3,05,75,255.25","4,318","2,48,476",55.91
JMFINANCIL,EQ,23-07-2019,70.4,70.0,72.0,69.05,71.75,71.45,70.6,"2,18,647","1,54,37,279.55","3,797","1,34,702",61.61
JMFINANCIL,EQ,24-07-2019,71.45,72.4,72.4,67.8,70.25,70.65,69.96,"3,20,485","2,24,22,371.10","3,701","1,55,173",48.42
JMFINANCIL,EQ,25-07-2019,70.65,70.75,72.35,69.3,71.4,71.4,70.77,"1,63,227","1,15,51,167.50","2,816","80,512",49.33
JMFINANCIL,EQ,26-07-2019,71.4,71.5,71.55,69.45,70.15,70.05,70.1,"1,88,763","1,32,31,929.40","3,552","85,379",45.23
JMFINANCIL,EQ,29-07-2019,70.05,70.75,70.75,68.2,70.0,69.95,69.75,"5,15,301","3,59,40,424.60","5,631","3,90,168",75.72
JMFINANCIL,EQ,30-07-2019,69.95,70.0,70.05,67.4,67.55,67.85,68.37,"2,63,249","1,79,97,916.75","4,810","1,77,130",67.29
JMFINANCIL,EQ,31-07-2019,67.85,67.85,68.5,66.0,66.2,66.95,67.04,"2,01,262","1,34,92,153.40","2,522","93,883",46.65
JMFINANCIL,EQ,01-08-2019,66.95,66.6,67.45,64.5,64.6,64.95,65.95,"2,35,446","1,55,28,470.20","6,874","1,32,221",56.16
JMFINANCIL,EQ,02-08-2019,64.95,64.1,67.0,61.6,65.5,65.95,64.25,"3,15,339","2,02,61,142.40","4,317","1,18,750",37.66
JMFINANCIL,EQ,05-08-2019,65.95,64.1,67.1,61.65,65.3,65.1,65.4,"4,69,057","3,06,77,665.05","3,956","2,55,773",54.53
JMFINANCIL,EQ,06-08-2019,65.1,65.5,66.65,64.9,65.9,65.75,65.69,"2,39,613","1,57,40,504.45","2,824","88,705",37.02
JMFINANCIL,EQ,07-08-2019,65.75,66.5,71.25,65.2,67.1,67.5,67.22,"4,54,255","3,05,34,918.00","4,538","73,941",16.28
JMFINANCIL,EQ,08-08-2019,67.5,67.0,68.9,65.8,68.35,68.3,67.31,"2,59,141","1,74,42,866.95","3,062","75,671",29.2
JMFINANCIL,EQ,09-08-2019,68.3,68.3,74.15,68.0,72.8,73.0,70.56,"6,03,835","4,26,04,798.55","4,131","3,68,479",61.02
JMFINANCIL,EQ,13-08-2019,73.0,73.0,73.15,69.05,70.9,70.05,71.32,"3,19,384","2,27,79,839.35","7,274","1,36,819",42.84
JMFINANCIL,EQ,14-08-2019,70.05,70.05,73.15,69.5,72.0,71.9,71.5,"2,34,316","1,67,52,452.25","4,452","64,900",27.7
JMFINANCIL,EQ,16-08-2019,71.9,70.6,73.9,69.1,73.6,73.55,72.26,"3,11,285","2,24,93,144.40","5,530","85,572",27.49
JMFINANCIL,EQ,19-08-2019,73.55,74.0,75.0,72.5,74.55,74.25,73.76,"1,59,004","1,17,28,064.50","3,335","58,303",36.67
JMFINANCIL,EQ,20-08-2019,74.25,73.4,74.4,72.4,73.0,72.95,73.25,"2,05,337","1,50,40,636.00","4,595","87,792",42.76
JMFINANCIL,EQ,21-08-2019,72.95,72.5,73.0,69.3,72.1,71.6,70.91,"3,13,311","2,22,16,716.75","4,726","1,25,523",40.06
JMFINANCIL,EQ,22-08-2019,71.6,71.35,71.9,69.65,69.65,70.6,71.03,"2,48,903","1,76,79,689.70","4,098","1,68,360",67.64
JMFINANCIL,EQ,23-08-2019,70.6,69.5,71.75,66.65,71.05,69.9,68.86,"2,83,186","1,95,00,724.20","4,336","1,05,836",37.37
JMFINANCIL,EQ,26-08-2019,69.9,73.0,73.0,70.8,71.95,72.0,71.69,"2,08,633","1,49,57,871.85","4,662","63,509",30.44
JMFINANCIL,EQ,27-08-2019,72.0,74.25,74.25,71.5,72.15,72.65,72.88,"2,82,680","2,06,03,058.35","6,009","1,45,559",51.49
JMFINANCIL,EQ,28-08-2019,72.65,72.0,73.6,71.65,72.0,72.2,72.28,"2,08,100","1,50,42,452.35","2,755","1,08,331",52.06
JMFINANCIL,EQ,29-08-2019,72.2,71.6,72.25,70.6,71.2,71.45,71.42,"1,78,387","1,27,40,908.20","3,354","65,755",36.86
JMFINANCIL,EQ,30-08-2019,71.45,71.0,74.2,70.2,73.2,73.3,73.43,"29,29,132","21,50,89,621.70","10,347","27,41,676",93.6
JMFINANCIL,EQ,03-09-2019,73.3,71.45,72.0,70.05,70.4,70.6,71.03,"1,01,943","72,41,039.35","1,204","37,186",36.48
JMFINANCIL,EQ,04-09-2019,70.6,71.0,71.0,69.5,70.1,70.45,70.05,"1,65,842","1,16,16,909.90","1,835","58,297",35.15
JMFINANCIL,EQ,05-09-2019,70.45,70.6,72.2,70.0,71.9,71.15,70.82,"1,44,912","1,02,63,037.65","1,552","60,216",41.55
JMFINANCIL,EQ,06-09-2019,71.15,72.0,75.95,71.0,75.9,75.3,74.08,"2,44,186","1,80,88,197.20","3,929","1,41,277",57.86
JMFINANCIL,EQ,09-09-2019,75.3,75.75,75.75,72.5,72.55,72.75,73.44,"2,22,973","1,63,74,739.80","3,097","1,02,104",45.79
JMFINANCIL,EQ,11-09-2019,72.75,73.1,75.45,72.5,74.95,74.15,74.07,"5,36,908","3,97,66,339.85","5,382","4,40,856",82.11
JMFINANCIL,EQ,12-09-2019,74.15,75.0,76.1,73.65,74.7,75.05,75.13,"1,71,397","1,28,77,517.45","2,582","33,789",19.71
JMFINANCIL,EQ,13-09-2019,75.05,74.95,75.4,73.1,74.0,74.05,73.98,"1,31,309","97,14,071.20","1,691","52,478",39.97
JMFINANCIL,EQ,16-09-2019,74.05,73.9,74.7,72.6,72.65,72.95,73.79,"1,54,494","1,14,00,219.10","1,934","62,040",40.16
JMFINANCIL,EQ,17-09-2019,72.95,73.75,74.0,70.9,71.0,71.3,72.47,"1,81,623","1,31,61,514.15","2,522","60,887",33.52
JMFINANCIL,EQ,18-09-2019,71.3,71.5,72.0,69.4,70.0,70.1,70.6,"1,71,590","1,21,13,894.90","1,924","89,277",52.03
JMFINANCIL,EQ,19-09-2019,70.1,70.5,72.0,69.8,70.75,70.3,70.3,"1,42,953","1,00,49,533.35","3,951","69,732",48.78
JMFINANCIL,EQ,20-09-2019,70.3,71.0,76.05,70.15,74.45,74.5,74.14,"3,65,396","2,70,91,479.45","3,640","1,84,637",50.53
JMFINANCIL,EQ,23-09-2019,74.5,75.35,84.45,75.35,81.0,81.1,81.04,"9,48,859","7,68,91,020.45","12,211","5,38,508",56.75
JMFINANCIL,EQ,24-09-2019,81.1,81.25,84.5,80.2,83.8,83.4,82.56,"5,16,350","4,26,31,711.25","11,704","2,61,406",50.63
JMFINANCIL,EQ,25-09-2019,83.4,83.0,83.45,81.0,83.0,82.5,82.42,"3,71,932","3,06,55,808.90","13,192","2,39,262",64.33
JMFINANCIL,EQ,26-09-2019,82.5,82.9,88.35,82.5,83.3,84.0,85.76,"9,81,962","8,42,14,301.25","11,661","3,34,182",34.03
JMFINANCIL,EQ,27-09-2019,84.0,83.0,83.9,80.45,82.5,82.6,82.05,"2,59,590","2,12,98,778.10","5,699","1,37,049",52.79
JMFINANCIL,EQ,30-09-2019,82.6,82.5,82.5,77.4,78.35,79.25,79.37,"4,88,987","3,88,12,341.65","12,078","2,91,077",59.53
JMFINANCIL,EQ,01-10-2019,79.25,79.25,79.5,74.3,76.05,76.25,77.56,"4,74,944","3,68,36,546.20","7,774","2,72,681",57.41
JMFINANCIL,EQ,03-10-2019,76.25,76.6,76.6,72.2,73.9,73.9,75.13,"4,33,876","3,25,98,172.50","6,229","2,63,201",60.66
JMFINANCIL,EQ,04-10-2019,73.9,74.4,75.95,72.0,72.0,72.8,74.09,"1,70,042","1,25,98,182.65","2,334","50,942",29.96
JMFINANCIL,EQ,07-10-2019,72.8,73.0,73.0,69.55,71.3,71.05,71.04,"3,67,918","2,61,36,179.80","8,322","1,57,859",42.91
JMFINANCIL,EQ,09-10-2019,71.05,70.9,72.9,70.2,71.45,71.95,71.64,"1,89,907","1,36,05,515.20","5,600","73,733",38.83
JMFINANCIL,EQ,10-10-2019,71.95,72.05,72.8,70.5,71.0,71.05,71.21,"1,99,727","1,42,22,773.45","4,015","93,545",46.84
JMFINANCIL,EQ,11-10-2019,71.05,71.0,73.0,70.55,71.9,71.25,71.25,"1,94,606","1,38,65,939.00","3,891","1,13,565",58.36
JMFINANCIL,EQ,14-10-2019,71.25,70.8,72.7,70.8,71.5,71.5,71.37,"1,61,780","1,15,45,640.45","4,385","86,210",53.29
JMFINANCIL,EQ,15-10-2019,71.5,72.1,72.1,70.75,71.35,71.5,71.26,"1,46,401","1,04,32,298.75","3,165","78,561",53.66
JMFINANCIL,EQ,16-10-2019,71.5,71.9,73.0,70.85,72.0,71.95,71.63,"2,14,076","1,53,35,035.75","6,079","97,115",45.36
JMFINANCIL,EQ,17-10-2019,71.95,72.5,72.9,71.2,72.6,72.6,72.12,"88,347","63,71,845.40","2,882","41,950",47.48
JMFINANCIL,EQ,18-10-2019,72.6,73.0,77.15,71.2,71.2,72.35,73.41,"7,80,984","5,73,30,736.45","15,648","4,83,345",61.89
JMFINANCIL,EQ,22-10-2019,72.35,71.9,74.85,71.35,74.5,74.25,73.53,"2,81,891","2,07,28,049.55","4,398","1,57,596",55.91
JMFINANCIL,EQ,23-10-2019,74.25,74.55,75.25,73.2,74.15,74.6,74.22,"1,77,809","1,31,96,780.45","3,493","1,02,153",57.45
JMFINANCIL,EQ,24-10-2019,74.6,73.2,74.7,72.75,74.55,74.35,74.12,"3,30,496","2,44,95,863.95","13,151","2,20,382",66.68
JMFINANCIL,EQ,25-10-2019,74.35,74.7,75.0,72.05,72.15,72.85,73.89,"1,67,347","1,23,65,375.45","8,995","74,892",44.75
JMFINANCIL,EQ,27-10-2019,72.85,73.0,74.1,71.0,73.95,73.65,73.45,"43,166","31,70,394.20",374,"30,961",71.73
JMFINANCIL,EQ,29-10-2019,73.65,74.1,74.65,72.9,73.1,73.5,73.75,"1,49,447","1,10,21,116.10","1,510","66,131",44.25
JMFINANCIL,EQ,30-10-2019,73.5,73.8,75.25,73.5,74.65,75.0,74.32,"1,14,692","85,23,682.60","1,209","57,614",50.23
JMFINANCIL,EQ,31-10-2019,75.0,74.2,79.8,74.2,78.0,78.0,77.57,"4,28,480","3,32,36,813.35","4,112","1,85,981",43.4
JMFINANCIL,EQ,01-11-2019,78.0,81.15,82.5,80.0,81.25,81.0,81.19,"5,01,028","4,06,80,435.20","7,929","2,06,312",41.18
JMFINANCIL,EQ,04-11-2019,81.0,83.0,83.0,81.1,82.25,81.8,82.0,"2,02,163","1,65,76,833.95","3,039","1,42,664",70.57
JMFINANCIL,EQ,05-11-2019,81.8,82.35,85.35,81.5,81.95,81.95,83.33,"3,75,722","3,13,08,215.80","9,628","2,17,919",58.0
JMFINANCIL,EQ,06-11-2019,81.95,82.8,83.85,80.7,82.2,81.95,82.44,"2,78,831","2,29,86,679.15","10,124","1,48,251",53.17
JMFINANCIL,EQ,07-11-2019,81.95,83.0,91.0,82.65,90.0,89.55,87.96,"19,96,291","17,55,89,494.25","32,887","10,06,585",50.42
JMFINANCIL,EQ,08-11-2019,89.55,88.85,89.9,86.9,89.4,87.7,88.48,"16,77,520","14,84,30,662.65","13,986","14,01,641",83.55
JMFINANCIL,EQ,11-11-2019,87.7,88.5,91.5,86.15,91.4,90.7,89.61,"4,04,110","3,62,12,965.50","6,456","1,81,210",44.84
JMFINANCIL,EQ,13-11-2019,90.7,89.25,91.2,87.75,88.3,88.7,89.12,"4,73,241","4,21,75,489.85","4,907","2,52,537",53.36
JMFINANCIL,EQ,14-11-2019,88.7,88.55,90.9,87.3,90.25,89.85,89.11,"2,93,754","2,61,77,765.10","6,651","1,54,285",52.52
JMFINANCIL,EQ,15-11-2019,89.85,91.25,94.8,89.0,93.9,94.05,93.04,"9,39,542","8,74,14,832.05","13,949","4,09,979",43.64
JMFINANCIL,EQ,18-11-2019,94.05,94.7,95.5,92.55,94.6,94.55,94.14,"6,81,228","6,41,33,799.15","5,824","3,15,518",46.32
JMFINANCIL,EQ,19-11-2019,94.55,94.85,94.85,92.6,93.5,93.5,93.27,"2,42,465","2,26,15,488.75","3,261","1,48,187",61.12
JMFINANCIL,EQ,20-11-2019,93.5,94.0,94.45,91.6,93.4,93.25,93.2,"1,98,343","1,84,85,280.35","2,626","1,00,271",50.55
JMFINANCIL,EQ,21-11-2019,93.25,93.2,93.75,92.15,93.0,92.6,92.72,"1,52,850","1,41,72,093.10","1,928","91,726",60.01
JMFINANCIL,EQ,22-11-2019,92.6,92.1,100.5,92.1,94.7,95.1,96.82,"21,49,016","20,80,61,634.20","12,141","12,82,135",59.66
JMFINANCIL,EQ,25-11-2019,95.1,95.1,97.25,90.0,92.5,93.0,95.09,"5,26,159","5,00,29,876.10","4,759","1,59,302",30.28
JMFINANCIL,EQ,26-11-2019,93.0,93.7,94.4,84.8,85.75,86.9,90.1,"7,48,520","6,74,45,051.05","8,490","3,14,023",41.95
JMFINANCIL,EQ,27-11-2019,86.9,86.35,87.7,82.9,83.6,83.55,85.21,"3,33,744","2,84,38,955.45","3,134","1,68,011",50.34
JMFINANCIL,EQ,28-11-2019,83.55,84.35,90.0,82.1,88.75,88.6,86.99,"9,85,164","8,56,95,032.65","8,694","2,91,734",29.61
JMFINANCIL,EQ,29-11-2019,88.6,87.9,91.7,87.15,89.8,90.85,90.01,"7,42,873","6,68,63,359.45","6,264","1,87,522",25.24
JMFINANCIL,EQ,02-12-2019,90.85,89.55,90.6,86.4,86.8,87.2,88.06,"2,79,200","2,45,86,328.65","2,747","89,467",32.04
JMFINANCIL,EQ,03-12-2019,87.2,87.0,88.0,82.1,83.05,82.75,84.16,"3,55,451","2,99,13,952.05","2,845","2,00,119",56.3
JMFINANCIL,EQ,04-12-2019,82.75,82.75,88.75,81.4,87.8,87.85,86.88,"13,51,608","11,74,27,473.30","9,863","2,63,928",19.53
JMFINANCIL,EQ,05-12-2019,87.85,87.9,88.4,85.0,86.15,86.2,86.37,"2,92,254","2,52,42,258.45","4,321","1,20,473",41.22
JMFINANCIL,EQ,06-12-2019,86.2,85.6,89.35,85.1,87.45,88.1,86.68,"3,03,194","2,62,80,536.15","5,521","1,37,506",45.35
JMFINANCIL,EQ,09-12-2019,88.1,87.05,87.8,85.4,85.95,86.2,86.62,"1,83,153","1,58,64,200.90","2,462","74,293",40.56
JMFINANCIL,EQ,10-12-2019,86.2,86.0,88.25,85.1,86.75,87.25,86.52,"2,21,526","1,91,66,467.10","3,882","1,16,161",52.44
JMFINANCIL,EQ,11-12-2019,87.25,86.4,88.0,85.7,86.85,87.2,86.77,"2,80,130","2,43,07,306.00","2,940","1,73,631",61.98
JMFINANCIL,EQ,12-12-2019,87.2,87.35,87.8,86.25,86.65,86.55,86.7,"2,33,826","2,02,71,842.35","2,482","1,48,524",63.52
JMFINANCIL,EQ,13-12-2019,86.55,86.0,92.0,86.0,91.1,91.3,89.91,"7,51,105","6,75,34,590.30","9,288","3,85,705",51.35
JMFINANCIL,EQ,16-12-2019,91.3,92.8,96.8,91.5,96.1,95.65,94.96,"29,89,903","28,39,08,136.80","30,414","7,90,187",26.43
JMFINANCIL,EQ,17-12-2019,95.65,97.0,98.0,93.25,96.3,96.1,96.09,"9,09,508","8,73,91,416.20","11,420","3,27,740",36.03
JMFINANCIL,EQ,18-12-2019,96.1,96.0,97.75,94.1,94.15,94.9,95.73,"5,68,936","5,44,61,957.85","13,271","2,72,851",47.96
JMFINANCIL,EQ,19-12-2019,94.9,94.15,95.15,90.1,92.35,91.9,91.98,"4,48,521","4,12,54,456.80","4,227","1,92,915",43.01
JMFINANCIL,EQ,20-12-2019,91.9,96.4,96.4,92.5,92.6,93.05,94.33,"17,95,228","16,93,41,090.35","16,606","4,22,495",23.53
JMFINANCIL,EQ,23-12-2019,93.05,92.8,92.8,90.6,91.25,91.15,91.43,"2,52,730","2,31,05,841.85","3,289","89,409",35.38
JMFINANCIL,EQ,24-12-2019,91.15,90.5,91.05,88.65,88.85,89.05,89.57,"2,96,944","2,65,98,308.15","4,278","1,44,345",48.61
JMFINANCIL,EQ,26-12-2019,89.05,89.0,89.8,87.0,87.6,87.4,88.26,"2,06,015","1,81,82,637.05","2,662","97,199",47.18
JMFINANCIL,EQ,27-12-2019,87.4,87.7,91.85,86.5,91.7,91.4,89.74,"10,12,211","9,08,38,967.30","7,545","3,91,431",38.67
JMFINANCIL,EQ,30-12-2019,91.4,91.8,93.3,91.4,91.5,92.4,92.47,"11,52,212","10,65,45,786.15","7,507","3,46,655",30.09
JMFINANCIL,EQ,31-12-2019,92.4,92.3,94.95,90.15,94.25,94.2,92.88,"11,10,879","10,31,78,513.05","12,730","5,67,611",51.1
JMFINANCIL,EQ,01-01-2020,94.2,94.4,94.65,91.4,91.9,91.85,92.89,"2,49,907","2,32,14,298.05","2,356","1,19,903",47.98
JMFINANCIL,EQ,02-01-2020,91.85,91.8,95.1,90.5,94.5,94.45,93.73,"7,72,251","7,23,84,216.45","6,892","2,59,899",33.65
JMFINANCIL,EQ,03-01-2020,94.45,93.7,95.0,88.5,89.7,90.65,92.85,"8,79,520","8,16,59,526.20","8,737","4,54,522",51.68
JMFINANCIL,EQ,06-01-2020,90.65,89.2,90.8,87.0,89.95,90.1,89.13,"5,21,122","4,64,49,569.70","4,106","2,41,288",46.3
JMFINANCIL,EQ,07-01-2020,90.1,90.6,94.75,90.55,93.0,93.05,93.1,"10,88,976","10,13,81,440.70","5,279","7,44,839",68.4
JMFINANCIL,EQ,08-01-2020,93.05,91.2,94.5,90.2,92.5,92.4,92.49,"2,82,379","2,61,18,388.90","2,923","91,053",32.24
JMFINANCIL,EQ,09-01-2020,92.4,94.7,97.5,92.2,92.7,93.2,94.69,"17,77,372","16,83,05,495.55","16,090","10,24,820",57.66
JMFINANCIL,EQ,10-01-2020,93.2,93.65,95.85,92.7,93.25,93.95,94.47,"31,93,787","30,17,03,372.80","8,759","2,97,964",9.33
JMFINANCIL,EQ,13-01-2020,93.95,94.35,97.8,92.8,96.85,97.1,96.14,"10,90,148","10,48,01,688.90","9,766","4,94,252",45.34
JMFINANCIL,EQ,14-01-2020,97.1,97.3,105.0,95.9,100.0,100.0,101.78,"27,83,479","28,32,89,338.45","19,724","11,45,068",41.14
JMFINANCIL,EQ,15-01-2020,100.0,100.85,107.0,100.3,105.45,105.8,104.48,"22,06,696","23,05,64,892.75","15,795","7,38,717",33.48
JMFINANCIL,EQ,16-01-2020,105.8,106.65,108.0,104.2,106.75,106.95,106.54,"11,38,113","12,12,57,088.05","10,544","3,85,780",33.9
JMFINANCIL,EQ,17-01-2020,106.95,107.0,107.7,102.55,103.55,103.65,104.88,"6,32,191","6,63,01,231.50","5,045","2,90,450",45.94
JMFINANCIL,EQ,20-01-2020,103.65,104.35,104.55,101.5,103.85,103.75,103.31,"3,52,326","3,63,99,505.15","2,865","1,44,424",40.99
JMFINANCIL,EQ,21-01-2020,103.75,103.4,104.8,102.5,104.05,103.9,103.7,"2,67,953","2,77,86,366.40","3,632","1,15,894",43.25
JMFINANCIL,EQ,22-01-2020,103.9,104.5,105.2,100.65,102.0,101.95,102.29,"6,83,820","6,99,49,680.10","6,154","4,50,435",65.87
JMFINANCIL,EQ,23-01-2020,101.95,102.25,109.0,101.55,108.0,107.25,106.36,"23,67,560","25,18,05,104.80","20,568","5,80,585",24.52
JMFINANCIL,EQ,24-01-2020,107.25,107.95,110.1,105.55,108.15,108.65,108.32,"16,49,075","17,86,30,819.30","16,722","9,06,133",54.95
JMFINANCIL,EQ,27-01-2020,108.65,108.0,108.05,101.0,104.2,103.75,104.48,"6,10,175","6,37,53,466.65","7,480","2,32,155",38.05
JMFINANCIL,EQ,28-01-2020,103.75,104.9,106.0,102.4,105.3,105.6,104.93,"5,15,550","5,40,98,332.45","6,733","2,51,423",48.77
JMFINANCIL,EQ,29-01-2020,105.6,106.7,106.7,102.65,102.7,103.4,104.04,"4,00,179","4,16,34,353.05","8,071","1,87,833",46.94
JMFINANCIL,EQ,30-01-2020,103.4,102.5,105.0,100.65,103.0,104.1,103.16,"4,29,614","4,43,18,992.95","8,435","1,94,427",45.26
JMFINANCIL,EQ,31-01-2020,104.1,103.2,108.4,103.2,105.75,105.5,106.58,"8,35,454","8,90,39,623.80","8,527","3,18,616",38.14
JMFINANCIL,EQ,01-02-2020,105.5,104.9,107.0,98.0,100.0,100.85,102.45,"6,28,551","6,43,98,119.05","5,966","2,93,746",46.73
JMFINANCIL,EQ,03-02-2020,100.85,99.0,104.5,95.85,103.35,102.8,100.75,"4,36,270","4,39,52,809.05","6,277","1,49,123",34.18
JMFINANCIL,EQ,04-02-2020,102.8,104.0,110.0,102.45,108.3,108.25,107.2,"6,31,851","6,77,33,377.25","8,129","3,24,413",51.34
JMFINANCIL,EQ,05-02-2020,108.25,108.75,109.7,106.2,108.6,108.7,108.36,"4,84,624","5,25,11,683.45","7,950","2,67,808",55.26
JMFINANCIL,EQ,06-02-2020,108.7,109.4,121.0,107.2,120.9,119.2,115.99,"34,71,239","40,26,21,897.55","20,667","14,12,814",40.7
JMFINANCIL,EQ,07-02-2020,119.2,121.3,124.7,115.95,117.0,119.15,121.7,"38,23,414","46,53,04,532.50","31,492","11,00,477",28.78
JMFINANCIL,EQ,10-02-2020,119.15,116.4,116.9,109.2,114.1,114.1,114.14,"6,71,509","7,66,47,505.30","6,403","4,02,396",59.92
JMFINANCIL,EQ,11-02-2020,114.1,114.5,117.5,114.15,115.25,115.35,115.7,"5,79,200","6,70,16,180.80","6,667","2,25,956",39.01
JMFINANCIL,EQ,12-02-2020,115.35,116.0,116.95,112.0,115.65,115.2,114.3,"4,81,214","5,50,01,027.45","4,361","2,10,877",43.82
JMFINANCIL,EQ,13-02-2020,115.2,114.1,116.4,113.75,114.9,115.1,114.97,"2,38,893","2,74,65,974.40","3,719","1,18,730",49.7
JMFINANCIL,EQ,14-02-2020,115.1,115.1,115.1,112.35,113.15,113.9,113.52,"2,40,826","2,73,38,977.15","2,219","1,30,680",54.26
JMFINANCIL,EQ,17-02-2020,113.9,112.6,113.75,105.4,109.25,108.5,109.12,"4,40,723","4,80,93,809.90","6,424","1,91,075",43.35
JMFINANCIL,EQ,18-02-2020,108.5,108.6,111.7,103.0,110.0,110.15,107.09,"5,01,680","5,37,26,223.65","6,301","1,94,343",38.74
JMFINANCIL,EQ,19-02-2020,110.15,111.15,114.8,107.0,113.75,113.55,112.08,"6,10,902","6,84,68,850.30","7,934","2,60,774",42.69
JMFINANCIL,EQ,20-02-2020,113.55,114.5,123.5,111.15,122.0,121.8,119.06,"12,85,111","15,30,10,512.50","10,841","4,90,224",38.15
JMFINANCIL,EQ,24-02-2020,121.8,120.8,120.8,113.5,114.0,114.3,117.48,"12,45,892","14,63,67,082.15","13,670","5,28,535",42.42
JMFINANCIL,EQ,25-02-2020,114.3,114.15,116.2,111.1,115.45,114.45,113.51,"6,05,509","6,87,29,191.85","8,036","1,86,104",30.74
JMFINANCIL,EQ,26-02-2020,114.45,113.9,118.45,112.2,116.0,116.4,116.53,"10,81,102","12,59,83,306.05","7,774","6,60,124",61.06
JMFINANCIL,EQ,27-02-2020,116.4,115.0,117.9,113.5,114.0,114.15,116.03,"4,72,186","5,47,87,253.55","4,867","2,49,706",52.88
JMFINANCIL,EQ,28-02-2020,114.15,112.0,112.0,104.0,106.7,105.7,106.61,"6,55,275","6,98,59,290.95","9,499","3,70,829",56.59
JMFINANCIL,EQ,02-03-2020,105.7,111.4,117.0,108.25,110.6,109.8,112.53,"13,01,076","14,64,07,784.55","12,760","4,07,703",31.34
JMFINANCIL,EQ,03-03-2020,109.8,110.6,113.55,109.2,111.0,111.2,111.11,"3,61,497","4,01,66,071.45","5,749","1,62,698",45.01
JMFINANCIL,EQ,04-03-2020,111.2,111.0,112.0,105.0,105.9,106.25,107.94,"4,95,387","5,34,71,284.55","12,011","2,29,542",46.34
JMFINANCIL,EQ,05-03-2020,106.25,108.0,115.0,106.0,108.6,110.35,111.81,"16,97,830","18,98,42,499.15","15,765","3,07,387",18.1
JMFINANCIL,EQ,06-03-2020,110.35,101.0,106.1,100.9,103.5,104.2,103.48,"7,90,312","8,17,84,346.35","15,582","3,55,097",44.93
JMFINANCIL,EQ,09-03-2020,104.2,101.0,101.2,92.0,98.0,97.35,97.17,"7,35,869","7,15,03,447.15","10,905","3,30,260",44.88
JMFINANCIL,EQ,11-03-2020,97.35,98.8,102.8,97.1,97.9,99.2,99.79,"12,21,200","12,18,58,717.50","7,986","8,66,086",70.92
JMFINANCIL,EQ,12-03-2020,99.2,88.85,98.0,82.35,90.0,90.0,87.91,"12,09,179","10,62,99,788.05","16,212","6,17,315",51.05
JMFINANCIL,EQ,13-03-2020,90.0,81.25,93.8,80.0,91.0,90.3,88.96,"6,62,614","5,89,48,805.40","12,095","2,96,256",44.71
JMFINANCIL,EQ,16-03-2020,90.3,84.0,86.5,78.2,78.2,79.15,83.24,"4,36,034","3,62,93,826.95","13,405","2,49,931",57.32
JMFINANCIL,EQ,17-03-2020,79.15,81.0,82.8,63.35,69.0,65.3,71.08,"8,94,978","6,36,16,536.00","8,373","4,74,210",52.99
JMFINANCIL,EQ,18-03-2020,65.3,69.4,70.0,65.6,67.4,67.95,67.35,"11,81,804","7,95,89,296.35","17,481","7,78,233",65.85
JMFINANCIL,EQ,19-03-2020,67.95,62.0,68.95,62.0,66.7,67.4,66.61,"6,12,795","4,08,15,224.65","10,824","4,27,345",69.74
JMFINANCIL,EQ,20-03-2020,67.4,64.2,74.0,64.2,72.7,73.15,71.13,"9,11,304","6,48,18,093.75","21,403","6,64,522",72.92
JMFINANCIL,EQ,23-03-2020,73.15,65.85,68.5,65.85,65.85,66.05,66.33,"3,16,443","2,09,89,862.90","3,299","2,42,590",76.66
JMFINANCIL,EQ,24-03-2020,66.05,66.05,72.25,60.4,62.35,62.45,66.02,"2,44,071","1,61,14,455.95","3,790","1,32,218",54.17
JMFINANCIL,EQ,25-03-2020,62.45,62.0,68.5,61.0,68.3,64.2,63.62,"3,39,690","2,16,12,083.95","4,849","1,66,254",48.94
JMFINANCIL,EQ,26-03-2020,64.2,70.6,70.6,65.7,67.2,67.5,69.68,"9,22,814","6,43,00,938.80","9,588","4,53,370",49.13
JMFINANCIL,EQ,27-03-2020,67.5,73.0,74.0,64.95,65.45,65.8,69.61,"5,77,502","4,01,99,607.65","7,352","2,78,329",48.2
JMFINANCIL,EQ,30-03-2020,65.8,62.0,67.3,61.5,63.0,63.5,64.41,"4,22,778","2,72,29,946.75","7,498","2,18,571",51.7
JMFINANCIL,EQ,31-03-2020,63.5,64.5,66.9,63.0,64.5,64.75,65.27,"4,59,838","3,00,15,528.85","9,384","3,10,191",67.46
JMFINANCIL,EQ,01-04-2020,64.75,64.8,64.8,62.75,62.8,63.1,63.45,"1,18,348","75,09,033.25","2,157","73,371",62.0
JMFINANCIL,EQ,03-04-2020,63.1,63.0,63.75,61.5,61.75,62.05,62.23,"2,24,340","1,39,60,929.70","4,065","1,40,184",62.49
JMFINANCIL,EQ,07-04-2020,62.05,64.0,65.7,62.8,63.8,64.3,64.27,"2,31,498","1,48,77,326.00","2,827","1,31,832",56.95
JMFINANCIL,EQ,08-04-2020,64.3,64.3,70.7,64.25,68.35,68.85,67.89,"9,44,017","6,40,85,705.90","8,397","2,56,992",27.22
JMFINANCIL,EQ,09-04-2020,68.85,69.7,71.5,67.9,68.45,68.55,69.62,"5,18,979","3,61,31,430.60","5,750","2,15,182",41.46
JMFINANCIL,EQ,13-04-2020,68.55,69.5,69.5,64.9,67.1,67.0,66.66,"1,90,565","1,27,02,562.40","1,945","90,919",56.32
JMFINANCIL,EQ,15-04-2020,67.0,67.0,70.2,65.5,66.0,65.9,67.78,"4,10,563","2,78,26,736.80","18,312","2,43,305",59.26
JMFINANCIL,EQ,16-04-2020,65.9,65.0,78.05,63.9,75.8,76.15,73.4,"24,52,657","18,00,19,938.30","22,051","4,75,957",19.41
JMFINANCIL,EQ,17-04-2020,76.15,79.75,82.85,76.0,77.7,78.1,79.46,"12,88,626","10,23,89,614.25","14,463","4,33,845",33.67
JMFINANCIL,EQ,20-04-2020,78.1,79.45,79.45,75.6,76.0,76.2,76.8,"3,57,439","2,74,49,641.55","4,047","1,04,558",29.25
JMFINANCIL,EQ,21-04-2020,76.2,73.0,73.0,69.15,69.6,69.55,70.39,"4,29,560","3,02,35,201.55","5,603","2,29,241",53.37
JMFINANCIL,EQ,22-04-2020,69.55,72.2,72.2,66.0,67.2,67.4,67.18,"7,79,035","5,23,38,355.30","8,224","3,51,624",45.14
JMFINANCIL,EQ,23-04-2020,67.4,67.2,75.4,67.2,71.6,71.7,71.96,"14,27,776","10,27,45,329.70","15,233","2,36,549",16.57
JMFINANCIL,EQ,24-04-2020,71.7,69.2,69.9,67.05,67.3,67.3,67.97,"5,32,361","3,61,87,198.65","7,620","2,70,207",50.76
JMFINANCIL,EQ,27-04-2020,67.3,68.1,69.0,64.8,65.65,65.4,66.59,"9,32,398","6,20,89,069.50","9,152","4,34,990",46.65
JMFINANCIL,EQ,28-04-2020,65.4,66.0,67.5,64.5,66.2,66.15,65.99,"9,12,897","6,02,40,435.50","10,917","4,62,144",50.62
JMFINANCIL,EQ,29-04-2020,66.15,66.85,69.35,66.6,67.4,67.3,67.93,"8,87,863","6,03,16,417.35","7,133","3,09,134",34.82
JMFINANCIL,EQ,30-04-2020,67.3,68.35,69.9,65.4,65.7,65.8,67.57,"13,52,444","9,13,86,138.70","17,409","6,63,064",49.03
JMFINANCIL,EQ,04-05-2020,65.8,65.0,65.0,57.45,58.8,58.5,59.53,"21,73,748","12,94,09,464.25","25,032","14,42,210",66.35
JMFINANCIL,EQ,05-05-2020,58.5,60.0,61.9,55.45,57.35,57.05,58.11,"22,28,226","12,94,84,401.20","15,339","11,45,613",51.41
JMFINANCIL,EQ,06-05-2020,57.05,57.65,64.7,57.6,63.0,62.85,62.29,"40,86,384","25,45,46,787.65","35,300","8,93,011",21.85
JMFINANCIL,EQ,07-05-2020,62.85,66.0,67.95,64.2,65.45,65.4,66.02,"41,39,221","27,32,70,601.55","24,862","5,83,375",14.09
JMFINANCIL,EQ,08-05-2020,65.4,66.3,66.5,61.5,64.0,63.95,64.04,"17,83,437","11,42,06,441.90","14,036","7,42,641",41.64
JMFINANCIL,EQ,11-05-2020,63.95,63.95,66.45,63.6,63.95,64.05,64.34,"11,13,394","7,16,32,238.35","11,887","6,78,383",60.93
JMFINANCIL,EQ,12-05-2020,64.05,63.9,64.75,60.35,64.6,64.15,62.93,"9,73,212","6,12,44,086.80","14,699","4,30,258",44.21
JMFINANCIL,EQ,13-05-2020,64.15,69.5,69.5,64.5,67.35,67.05,67.68,"39,61,285","26,80,96,118.50","24,466","11,41,951",28.83
JMFINANCIL,EQ,14-05-2020,67.05,67.0,67.85,63.9,64.1,64.25,65.43,"10,46,329","6,84,64,391.65","10,217","3,90,984",37.37
JMFINANCIL,EQ,15-05-2020,64.25,64.25,66.5,63.0,63.35,63.1,63.82,"6,37,611","4,06,90,441.70","7,686","2,60,644",40.88
JMFINANCIL,EQ,18-05-2020,63.1,64.45,64.45,57.8,61.2,61.05,60.58,"13,65,486","8,27,26,864.60","16,331","4,49,275",32.9
JMFINANCIL,EQ,19-05-2020,61.05,61.5,63.3,60.9,62.5,62.55,62.43,"14,95,078","9,33,35,773.35","19,246","3,00,699",20.11
JMFINANCIL,EQ,20-05-2020,62.55,62.0,65.2,61.1,61.85,63.45,62.98,"19,45,116","12,25,09,128.20","12,064","3,13,627",16.12
JMFINANCIL,EQ,21-05-2020,63.45,61.9,63.55,61.6,63.0,63.05,62.65,"17,08,290","10,70,19,993.10","7,962","3,29,739",19.3
JMFINANCIL,EQ,22-05-2020,63.05,63.05,64.3,62.0,63.05,63.0,63.25,"13,80,628","8,73,18,344.10","9,040","3,13,861",22.73
JMFINANCIL,EQ,26-05-2020,63.0,63.6,63.65,60.2,60.7,60.5,61.31,"8,01,387","4,91,34,561.90","6,826","2,35,877",29.43
JMFINANCIL,EQ,27-05-2020,60.5,60.7,61.8,59.2,60.6,60.5,60.53,"8,77,997","5,31,48,548.35","5,602","1,89,866",21.62
JMFINANCIL,EQ,28-05-2020,60.5,61.1,62.2,60.5,60.9,60.75,61.35,"5,35,835","3,28,75,264.50","4,728","1,44,224",26.92
JMFINANCIL,EQ,29-05-2020,60.75,60.75,64.5,60.55,63.55,63.9,62.73,"10,97,957","6,88,75,253.85","8,468","4,98,542",45.41
JMFINANCIL,EQ,01-06-2020,63.9,65.0,66.95,64.3,65.25,65.4,65.82,"8,06,763","5,31,05,151.15","7,896","3,44,681",42.72
JMFINANCIL,EQ,02-06-2020,65.4,65.5,68.9,65.1,67.75,67.95,67.28,"14,47,287","9,73,67,754.45","9,115","4,82,247",33.32
JMFINANCIL,EQ,03-06-2020,67.95,70.25,75.1,70.2,72.9,73.0,73.05,"65,59,119","47,91,57,704.75","30,987","11,76,863",17.94
JMFINANCIL,EQ,04-06-2020,73.0,72.7,73.9,70.1,70.65,70.45,71.63,"9,52,620","6,82,39,015.70","6,676","3,07,642",32.29
JMFINANCIL,EQ,05-06-2020,70.45,70.5,70.5,68.1,68.95,69.0,68.94,"14,15,731","9,75,98,895.60","9,473","5,15,279",36.4
JMFINANCIL,EQ,08-06-2020,69.0,72.3,74.0,70.7,72.15,71.9,72.39,"14,47,129","10,47,54,877.40","8,230","6,83,208",47.21
JMFINANCIL,EQ,09-06-2020,71.9,72.3,75.0,70.5,71.0,71.0,72.62,"38,73,478","28,12,79,737.90","27,280","18,68,090",48.23
JMFINANCIL,EQ,10-06-2020,71.0,72.95,76.3,72.0,73.4,73.45,74.13,"34,89,621","25,87,00,439.65","25,214","14,39,498",41.25
JMFINANCIL,EQ,11-06-2020,73.45,73.9,74.9,72.6,74.25,74.0,74.13,"16,52,252","12,24,79,401.20","17,975","6,78,397",41.06
JMFINANCIL,EQ,12-06-2020,74.0,72.0,75.0,70.75,73.15,74.4,73.66,"15,47,193","11,39,64,285.80","13,345","6,12,060",39.56
JMFINANCIL,EQ,15-06-2020,74.4,74.4,74.5,72.6,73.0,73.0,73.3,"5,83,356","4,27,62,083.10","5,471","3,24,924",55.7
JMFINANCIL,EQ,16-06-2020,73.0,74.5,74.6,69.6,71.65,71.95,72.19,"9,66,421","6,97,67,660.85","5,697","5,79,092",59.92
JMFINANCIL,EQ,17-06-2020,71.95,71.3,72.25,70.1,70.25,70.35,71.17,"10,63,748","7,57,03,423.00","6,144","5,27,318",49.57
JMFINANCIL,EQ,18-06-2020,70.35,70.7,70.9,69.6,70.3,70.0,70.05,"14,04,962","9,84,11,415.45","6,892","10,14,645",72.22
JMFINANCIL,EQ,19-06-2020,70.0,71.5,74.0,70.5,72.35,72.25,72.07,"12,28,225","8,85,14,091.00","8,098","5,27,677",42.96
JMFINANCIL,EQ,22-06-2020,72.25,72.8,73.7,71.5,73.0,73.0,72.92,"16,74,188","12,20,74,221.15","23,230","8,83,599",52.78
JMFINANCIL,EQ,23-06-2020,73.0,73.25,74.3,72.0,72.1,72.35,73.09,"12,21,048","8,92,48,665.85","13,399","5,52,411",45.24
JMFINANCIL,EQ,24-06-2020,72.35,72.9,75.4,71.15,71.9,71.95,73.5,"16,21,324","11,91,70,278.65","13,688","6,05,082",37.32
JMFINANCIL,EQ,25-06-2020,71.95,71.5,78.9,71.1,75.0,75.4,74.91,"61,63,854","46,17,41,041.50","28,210","24,35,510",39.51
JMFINANCIL,EQ,26-06-2020,75.4,76.1,76.35,72.0,73.6,73.4,74.28,"18,18,534","13,50,86,247.25","12,547","7,68,104",42.24
JMFINANCIL,EQ,29-06-2020,73.4,72.9,72.9,70.2,71.2,71.0,71.03,"8,74,197","6,20,95,831.70","5,167","4,07,230",46.58
JMFINANCIL,EQ,30-06-2020,71.0,71.5,73.5,69.3,70.2,70.0,70.3,"18,82,551","13,23,38,219.10","9,398","11,84,995",62.95
JMFINANCIL,EQ,01-07-2020,70.0,70.5,71.5,69.2,70.5,69.95,70.12,"7,46,815","5,23,66,636.40","6,624","3,87,861",51.94
JMFINANCIL,EQ,02-07-2020,69.95,71.5,73.9,71.1,73.25,73.0,72.81,"16,05,440","11,68,98,851.50","11,768","6,24,552",38.9
JMFINANCIL,EQ,03-07-2020,73.0,73.65,74.9,72.15,73.3,73.15,73.58,"11,27,272","8,29,43,974.25","7,271","4,04,355",35.87
JMFINANCIL,EQ,06-07-2020,73.15,73.9,74.6,73.6,74.0,74.05,74.13,"11,07,392","8,20,92,387.20","14,318","6,58,927",59.5
JMFINANCIL,EQ,07-07-2020,74.05,74.5,75.2,73.65,74.7,74.8,74.63,"19,72,093","14,71,79,570.10","18,189","8,45,943",42.9
JMFINANCIL,EQ,08-07-2020,74.8,75.0,81.0,74.8,77.9,78.25,79.36,"75,81,514","60,16,72,165.90","40,774","32,33,685",42.65
JMFINANCIL,EQ,09-07-2020,78.25,78.85,81.0,78.15,80.7,80.35,80.01,"25,64,012","20,51,54,356.35","15,197","13,56,429",52.9
JMFINANCIL,EQ,10-07-2020,80.35,80.2,84.25,79.65,82.15,82.05,82.54,"42,85,344","35,37,10,924.40","27,066","15,47,642",36.11
JMFINANCIL,EQ,13-07-2020,82.05,82.75,84.1,80.7,83.0,83.2,82.86,"22,76,695","18,86,38,971.25","16,354","10,78,705",47.38
JMFINANCIL,EQ,14-07-2020,83.2,82.8,86.0,80.35,81.1,81.05,83.83,"46,43,115","38,92,33,156.50","27,162","13,07,645",28.16
JMFINANCIL,EQ,15-07-2020,81.05,81.75,82.8,77.0,77.9,78.1,80.71,"12,39,627","10,00,45,984.90","11,748","4,36,873",35.24
JMFINANCIL,EQ,16-07-2020,78.1,78.25,78.6,73.4,74.45,74.15,74.5,"18,29,789","13,63,25,405.85","9,848","9,39,916",51.37
JMFINANCIL,EQ,17-07-2020,74.15,74.75,77.5,74.0,77.0,76.9,76.35,"11,09,608","8,47,15,627.60","14,691","4,95,907",44.69
JMFINANCIL,EQ,20-07-2020,76.9,78.1,82.7,77.35,82.3,82.05,80.54,"24,10,786","19,41,55,126.75","12,846","8,94,260",37.09
JMFINANCIL,EQ,21-07-2020,82.05,82.0,82.6,77.8,79.05,78.6,79.83,"21,03,282","16,79,07,506.40","19,872","11,73,286",55.78
JMFINANCIL,EQ,22-07-2020,78.6,79.0,81.35,77.5,80.0,80.05,79.51,"12,23,840","9,73,08,310.45","7,542","4,22,650",34.53
JMFINANCIL,EQ,23-07-2020,80.05,80.5,81.0,78.9,79.4,79.35,79.93,"6,07,278","4,85,37,854.55","3,983","2,15,729",35.52
JMFINANCIL,EQ,24-07-2020,79.35,78.95,79.85,77.1,77.5,77.45,78.0,"5,12,783","3,99,97,406.25","8,562","2,35,095",45.85
JMFINANCIL,EQ,27-07-2020,77.45,78.15,79.7,77.15,78.6,78.65,78.5,"12,23,931","9,60,76,350.90","8,237","5,34,185",43.65
JMFINANCIL,EQ,28-07-2020,78.65,80.0,81.9,79.3,79.7,79.8,80.66,"14,62,436","11,79,63,189.15","8,979","4,00,658",27.4
JMFINANCIL,EQ,29-07-2020,79.8,80.3,80.5,78.7,79.25,79.05,79.62,"5,65,371","4,50,12,240.45","7,133","2,43,420",43.05
JMFINANCIL,EQ,30-07-2020,79.05,79.6,79.85,75.55,77.1,77.15,77.58,"8,28,158","6,42,48,228.85","10,387","2,97,324",35.9
JMFINANCIL,EQ,31-07-2020,77.15,76.0,78.0,74.05,74.6,74.7,75.92,"9,26,913","7,03,69,024.55","13,484","5,47,443",59.06
JMFINANCIL,EQ,03-08-2020,74.7,74.75,75.15,73.7,74.0,74.05,74.2,"8,91,776","6,61,70,591.90","9,286","6,51,613",73.07
JMFINANCIL,EQ,04-08-2020,74.05,74.5,75.35,73.55,73.8,73.8,73.97,"6,50,796","4,81,36,357.20","4,608","4,56,089",70.08
JMFINANCIL,EQ,05-08-2020,73.8,74.1,75.0,72.95,73.8,73.9,73.84,"7,83,061","5,78,20,900.65","9,236","5,09,945",65.12
JMFINANCIL,EQ,06-08-2020,73.9,74.7,75.4,74.0,74.05,74.2,74.49,"3,65,842","2,72,52,616.70","4,242","1,86,502",50.98
JMFINANCIL,EQ,07-08-2020,74.2,74.7,74.7,73.1,73.7,73.7,73.71,"4,00,261","2,95,03,311.85","4,260","2,37,245",59.27
JMFINANCIL,EQ,10-08-2020,73.7,74.4,74.4,73.25,73.8,73.65,73.72,"3,75,981","2,77,18,955.20","4,692","2,23,127",59.35
JMFINANCIL,EQ,11-08-2020,73.65,74.2,77.9,73.9,76.5,76.5,76.27,"11,12,322","8,48,33,069.50","11,389","5,64,418",50.74
JMFINANCIL,EQ,12-08-2020,76.5,75.0,79.6,75.0,79.5,77.25,76.9,"14,11,520","10,85,51,572.95","7,469","10,15,852",71.97
JMFINANCIL,EQ,13-08-2020,77.25,79.6,80.9,77.9,79.0,78.65,78.92,"15,42,284","12,17,21,651.65","16,074","10,08,091",65.36
JMFINANCIL,EQ,14-08-2020,78.65,78.65,79.85,76.1,77.3,77.15,78.19,"6,98,677","5,46,29,659.25","7,614","4,22,204",60.43
JMFINANCIL,EQ,17-08-2020,77.15,77.95,84.2,77.35,83.0,82.9,82.37,"49,75,270","40,98,24,751.85","25,207","20,51,114",41.23
JMFINANCIL,EQ,18-08-2020,82.9,83.6,85.4,80.7,82.95,82.7,83.27,"28,83,380","24,00,84,973.85","16,802","11,14,096",38.64
JMFINANCIL,EQ,19-08-2020,82.7,86.85,86.9,82.55,83.15,83.15,84.21,"37,11,665","31,25,71,864.20","20,358","17,50,236",47.16
JMFINANCIL,EQ,20-08-2020,83.15,82.0,82.95,81.05,81.7,81.85,82.22,"6,38,512","5,24,98,910.95","3,921","3,29,881",51.66
JMFINANCIL,EQ,21-08-2020,81.85,82.0,83.0,81.2,81.45,81.4,81.94,"6,48,042","5,31,02,079.65","4,239","3,23,271",49.88
JMFINANCIL,EQ,24-08-2020,81.4,82.0,83.2,81.7,82.6,82.65,82.42,"6,81,629","5,61,80,278.00","8,592","3,91,167",57.39
JMFINANCIL,EQ,25-08-2020,82.65,82.9,83.55,80.5,80.95,81.0,81.9,"5,67,894","4,65,10,762.00","7,246","3,45,424",60.83
JMFINANCIL,EQ,26-08-2020,81.0,81.65,85.1,80.5,82.75,82.75,83.42,"26,42,174","22,04,08,539.75","14,309","10,36,176",39.22
JMFINANCIL,EQ,27-08-2020,82.75,84.45,84.45,81.45,81.9,81.7,82.71,"8,61,338","7,12,44,513.90","5,665","4,80,490",55.78
JMFINANCIL,EQ,28-08-2020,81.7,82.2,83.6,81.05,81.55,81.4,82.48,"8,87,242","7,31,80,997.40","5,747","3,40,465",38.37
JMFINANCIL,EQ,31-08-2020,81.4,81.9,84.5,80.15,81.25,81.65,82.27,"50,41,758","41,47,71,386.55","46,013","35,99,757",71.4
JMFINANCIL,EQ,01-09-2020,81.65,81.6,82.25,78.25,79.8,79.55,79.78,"6,88,690","5,49,40,430.20","16,723","3,10,756",45.12
JMFINANCIL,EQ,02-09-2020,79.55,79.8,80.55,78.5,79.5,79.7,79.74,"21,35,233","17,02,67,868.90","3,926","19,31,301",90.45
JMFINANCIL,EQ,03-09-2020,79.7,80.35,82.9,79.95,82.0,81.65,80.88,"28,85,921","23,34,23,976.45","7,021","22,00,156",76.24
JMFINANCIL,EQ,04-09-2020,81.65,80.95,85.8,80.35,82.8,83.05,83.68,"36,52,910","30,56,72,198.90","20,131","17,20,254",47.09
JMFINANCIL,EQ,07-09-2020,83.05,83.6,84.8,81.1,82.0,82.15,82.41,"10,86,499","8,95,36,355.95","7,518","5,58,591",51.41
JMFINANCIL,EQ,08-09-2020,82.15,82.7,82.7,81.1,81.5,81.55,81.58,"3,81,254","3,11,03,958.65","3,876","2,27,743",59.74
JMFINANCIL,EQ,09-09-2020,81.55,80.0,81.0,77.0,79.7,79.35,78.96,"7,61,505","6,01,28,345.40","6,337","4,74,252",62.28
JMFINANCIL,EQ,10-09-2020,79.35,79.7,83.5,79.7,82.5,82.4,82.13,"13,35,840","10,97,10,156.65","11,074","6,81,924",51.05
JMFINANCIL,EQ,11-09-2020,82.4,85.1,85.45,82.05,82.6,82.85,83.38,"28,01,836","23,36,18,821.45","15,165","13,27,690",47.39
JMFINANCIL,EQ,14-09-2020,82.85,82.85,84.5,82.6,84.25,84.15,83.84,"10,74,285","9,00,69,027.80","23,002","5,77,280",53.74
JMFINANCIL,EQ,15-09-2020,84.15,84.4,84.55,82.85,84.0,83.85,83.78,"6,13,579","5,14,04,629.70","7,208","3,03,094",49.4
JMFINANCIL,EQ,16-09-2020,83.85,84.3,84.65,82.8,83.65,83.3,83.66,"5,03,040","4,20,84,974.70","8,000","2,39,510",47.61
JMFINANCIL,EQ,17-09-2020,83.3,82.8,83.85,79.9,80.7,80.85,82.61,"8,70,907","7,19,43,578.80","8,081","6,22,320",71.46
JMFINANCIL,EQ,18-09-2020,80.85,81.75,83.15,81.2,82.0,82.05,82.16,"19,00,779","15,61,66,274.15","20,959","15,75,037",82.86
JMFINANCIL,EQ,21-09-2020,82.05,82.75,83.35,78.6,79.55,79.45,81.14,"5,24,962","4,25,95,777.30","4,505","2,25,925",43.04
JMFINANCIL,EQ,22-09-2020,79.45,80.5,82.2,77.2,79.95,80.35,80.0,"28,52,141","22,81,63,921.80","13,966","21,13,492",74.1
JMFINANCIL,EQ,23-09-2020,80.35,80.9,81.75,75.05,76.2,75.85,77.43,"8,59,819","6,65,78,285.40","5,833","4,57,756",53.24
JMFINANCIL,EQ,24-09-2020,75.85,74.1,78.0,73.0,76.9,75.65,74.98,"4,58,163","3,43,53,074.80","8,704","2,17,878",47.55
JMFINANCIL,EQ,25-09-2020,75.65,76.7,77.9,76.2,76.9,76.95,77.19,"3,59,627","2,77,58,435.60","3,550","1,73,615",48.28
JMFINANCIL,EQ,28-09-2020,76.95,77.3,78.85,77.3,77.4,77.55,77.91,"2,79,639","2,17,87,236.35","4,180","1,22,848",43.93
JMFINANCIL,EQ,29-09-2020,77.55,78.0,78.0,75.45,75.65,76.0,76.19,"5,26,256","4,00,97,285.10","4,101","1,30,272",24.75
JMFINANCIL,EQ,30-09-2020,76.0,76.0,77.9,74.65,77.9,77.25,76.16,"4,71,249","3,58,88,480.35","4,674","2,03,996",43.29
JMFINANCIL,EQ,01-10-2020,77.25,77.65,79.0,76.6,76.9,76.85,77.58,"3,17,941","2,46,65,541.60","5,666","1,19,470",37.58
JMFINANCIL,EQ,05-10-2020,76.85,77.2,78.05,76.2,77.15,77.05,77.03,"2,92,514","2,25,31,887.35","2,960","1,25,968",43.06
JMFINANCIL,EQ,06-10-2020,77.05,77.7,80.6,77.35,80.2,80.0,79.44,"7,15,286","5,68,21,564.80","7,656","3,15,236",44.07
JMFINANCIL,EQ,07-10-2020,80.0,79.9,80.4,78.55,79.0,79.0,79.38,"2,26,972","1,80,17,583.50","2,556","1,03,014",45.39
JMFINANCIL,EQ,08-10-2020,79.0,79.7,82.4,79.05,82.0,81.95,79.88,"27,16,820","21,70,18,948.60","7,147","23,23,837",85.54
JMFINANCIL,EQ,09-10-2020,81.95,82.45,83.0,80.6,82.0,82.05,81.94,"11,85,249","9,71,21,377.15","10,796","5,69,371",48.04
JMFINANCIL,EQ,12-10-2020,82.05,83.2,83.7,79.2,80.25,80.25,82.27,"20,19,576","16,61,41,819.05","8,987","13,18,815",65.3
JMFINANCIL,EQ,13-10-2020,80.25,80.0,80.4,77.1,77.65,77.5,78.65,"4,60,776","3,62,39,818.05","4,810","1,97,712",42.91
JMFINANCIL,EQ,14-10-2020,77.5,77.5,78.7,77.1,78.45,78.3,77.8,"1,97,316","1,53,50,518.35","3,665","62,247",31.55
JMFINANCIL,EQ,15-10-2020,78.3,78.8,79.05,75.95,76.2,76.25,77.31,"3,33,972","2,58,19,328.05","4,050","1,79,377",53.71
JMFINANCIL,EQ,16-10-2020,76.25,76.4,77.65,75.95,76.4,76.35,76.56,"1,95,127","1,49,38,357.90","1,944","89,110",45.67
JMFINANCIL,EQ,19-10-2020,76.35,76.0,77.05,74.8,76.4,75.85,75.83,"4,19,205","3,17,87,744.15","4,058","2,38,092",56.8
JMFINANCIL,EQ,20-10-2020,75.85,75.6,77.9,75.0,77.5,77.25,75.71,"5,90,767","4,47,27,381.15","2,898","3,49,439",59.15
JMFINANCIL,EQ,21-10-2020,77.25,76.6,78.45,76.6,78.05,78.1,77.9,"2,76,507","2,15,40,106.90","2,016","1,39,284",50.37
JMFINANCIL,EQ,22-10-2020,78.1,77.25,78.8,77.25,78.3,77.9,78.18,"1,23,596","96,63,119.20","1,340","51,748",41.87
JMFINANCIL,EQ,23-10-2020,77.9,77.9,80.3,77.65,80.3,79.35,78.52,"15,05,919","11,82,40,931.10","4,732","11,98,492",79.59
JMFINANCIL,EQ,26-10-2020,79.35,81.1,86.8,78.1,79.65,80.2,83.32,"66,27,067","55,21,55,457.55","39,405","12,11,654",18.28
JMFINANCIL,EQ,27-10-2020,80.2,78.7,81.75,78.5,80.25,80.65,80.21,"11,85,708","9,51,05,069.30","6,332","2,13,547",18.01
JMFINANCIL,EQ,28-10-2020,80.65,80.7,81.9,79.6,80.9,80.95,81.01,"19,52,713","15,81,89,683.60","10,442","8,54,450",43.76
JMFINANCIL,EQ,29-10-2020,80.95,80.3,80.3,77.85,80.0,79.15,79.02,"3,67,480","2,90,37,489.95","5,431","1,84,100",50.1
JMFINANCIL,EQ,30-10-2020,79.15,79.25,81.1,77.1,81.0,79.4,79.15,"12,27,471","9,71,59,325.00","9,705","7,82,184",63.72
JMFINANCIL,EQ,02-11-2020,79.4,80.0,81.8,76.4,76.8,77.1,78.32,"4,14,823","3,24,87,892.95","5,412","2,19,007",52.8
JMFINANCIL,EQ,03-11-2020,77.1,77.6,78.55,75.55,75.75,75.95,76.72,"4,48,030","3,43,73,045.95","4,709","2,54,200",56.74
JMFINANCIL,EQ,04-11-2020,75.95,76.1,76.65,75.1,75.4,75.4,75.82,"2,78,807","2,11,38,134.50","3,241","1,51,655",54.39
JMFINANCIL,EQ,05-11-2020,75.4,76.05,77.2,75.5,77.2,76.75,76.63,"10,30,243","7,89,46,567.00","12,501","7,09,934",68.91
JMFINANCIL,EQ,06-11-2020,76.75,77.05,78.45,74.9,75.6,75.45,76.47,"5,92,234","4,52,90,408.40","4,494","2,86,766",48.42
JMFINANCIL,EQ,09-11-2020,75.45,76.4,77.0,74.45,76.75,76.0,75.13,"14,94,510","11,22,75,933.15","14,167","11,81,773",79.07
JMFINANCIL,EQ,10-11-2020,76.0,79.0,80.0,75.5,75.8,76.15,77.37,"22,87,164","17,69,51,530.05","13,849","7,89,276",34.51
JMFINANCIL,EQ,11-11-2020,76.15,75.8,77.1,75.5,77.0,76.7,76.29,"8,32,339","6,35,00,363.45","9,067","5,16,139",62.01
JMFINANCIL,EQ,12-11-2020,76.7,76.55,76.85,75.5,76.05,75.9,76.01,"31,15,040","23,67,66,840.85","7,835","27,41,595",88.01
JMFINANCIL,EQ,13-11-2020,75.9,75.5,77.65,75.5,76.3,76.2,76.6,"7,11,132","5,44,71,390.50","5,246","3,03,038",42.61
JMFINANCIL,EQ,14-11-2020,76.2,76.9,77.15,76.25,76.45,76.6,76.75,"1,03,421","79,37,473.80","1,005","63,935",61.82
JMFINANCIL,EQ,17-11-2020,76.6,76.8,78.65,76.7,78.45,78.15,77.72,"15,65,619","12,16,83,101.90","7,423","8,05,389",51.44
JMFINANCIL,EQ,18-11-2020,78.15,78.65,81.75,78.65,80.15,80.5,80.35,"77,53,804","62,30,21,430.80","16,735","52,55,067",67.77
JMFINANCIL,EQ,19-11-2020,80.5,80.5,82.0,78.1,78.9,78.45,80.26,"16,12,455","12,94,10,957.20","8,812","8,13,788",50.47
JMFINANCIL,EQ,20-11-2020,78.45,79.0,79.65,76.55,76.9,76.9,77.96,"14,61,653","11,39,49,395.50","7,014","10,43,900",71.42
JMFINANCIL,EQ,23-11-2020,76.9,77.65,78.2,76.6,76.9,76.85,77.28,"12,76,668","9,86,58,000.75","4,278","8,04,398",63.01
JMFINANCIL,EQ,24-11-2020,76.85,77.4,78.8,76.55,78.0,78.25,77.63,"7,98,159","6,19,62,911.80","4,441","3,95,321",49.53
JMFINANCIL,EQ,25-11-2020,78.25,78.6,82.45,78.6,80.35,80.45,80.97,"66,69,918","54,00,60,669.40","23,649","31,75,425",47.61
JMFINANCIL,EQ,26-11-2020,80.45,81.4,83.8,79.15,81.95,82.5,81.74,"33,34,297","27,25,49,017.85","14,864","16,52,059",49.55
JMFINANCIL,EQ,27-11-2020,82.5,82.4,83.0,81.2,81.5,82.4,82.11,"18,61,091","15,28,10,417.75","11,045","9,28,409",49.89
JMFINANCIL,EQ,01-12-2020,82.4,82.4,83.3,80.6,82.75,82.55,81.93,"18,89,383","15,47,92,694.25","17,015","10,03,832",53.13
JMFINANCIL,EQ,02-12-2020,82.55,82.7,85.3,80.65,81.95,82.5,83.03,"51,88,941","43,08,32,095.25","15,595","26,30,710",50.7
JMFINANCIL,EQ,03-12-2020,82.5,82.85,83.95,82.1,82.4,82.45,82.98,"16,10,249","13,36,21,252.45","9,887","8,31,971",51.67
JMFINANCIL,EQ,04-12-2020,82.45,83.1,85.5,82.95,84.5,84.7,84.56,"40,43,368","34,19,04,335.10","20,314","19,09,394",47.22
JMFINANCIL,EQ,07-12-2020,84.7,85.0,86.95,84.7,86.05,86.1,86.1,"38,59,354","33,22,74,563.20","13,239","24,92,419",64.58
JMFINANCIL,EQ,08-12-2020,86.1,86.8,87.0,83.5,84.8,84.55,84.86,"20,08,047","17,03,93,401.90","15,561","11,78,449",58.69
JMFINANCIL,EQ,09-12-2020,84.55,85.2,85.7,84.3,85.0,84.85,84.9,"11,89,959","10,10,25,479.45","13,349","6,63,852",55.79
JMFINANCIL,EQ,10-12-2020,84.85,84.7,84.7,81.05,83.95,83.85,82.97,"12,63,883","10,48,68,313.35","11,877","7,01,256",55.48
JMFINANCIL,EQ,11-12-2020,83.85,84.5,85.0,82.0,82.8,82.3,83.42,"10,30,703","8,59,77,106.35","6,186","5,74,690",55.76
JMFINANCIL,EQ,14-12-2020,82.3,82.95,84.5,82.25,82.95,83.25,83.09,"81,49,922","67,71,53,141.00","15,455","65,54,471",80.42
JMFINANCIL,EQ,15-12-2020,83.25,83.6,87.5,82.6,87.25,86.75,85.26,"85,77,935","73,13,85,156.90","34,419","52,11,384",60.75
JMFINANCIL,EQ,16-12-2020,86.75,87.8,93.95,86.3,91.55,91.35,89.67,"2,41,13,380","2,16,22,60,232.65","76,548","1,12,90,347",46.82
JMFINANCIL,EQ,17-12-2020,91.35,92.0,93.55,88.2,89.2,89.5,91.34,"61,12,142","55,83,04,761.50","26,024","33,48,754",54.79
JMFINANCIL,EQ,18-12-2020,89.5,88.9,89.7,86.35,86.85,87.25,87.8,"30,38,470","26,67,84,506.25","24,542","15,15,570",49.88
JMFINANCIL,EQ,21-12-2020,87.25,87.1,87.8,75.55,81.0,80.85,82.5,"43,36,641","35,77,92,520.35","30,331","19,48,586",44.93
JMFINANCIL,EQ,22-12-2020,80.85,81.45,83.0,76.5,82.5,82.2,80.13,"32,34,122","25,91,56,551.65","14,529","16,41,858",50.77
JMFINANCIL,EQ,23-12-2020,82.2,83.0,85.35,81.15,84.1,84.1,83.88,"17,42,785","14,61,81,656.30","27,434","9,23,408",52.98
JMFINANCIL,EQ,24-12-2020,84.1,84.9,85.9,83.8,85.05,85.25,84.99,"15,75,922","13,39,35,245.85","13,908","8,48,557",53.85
JMFINANCIL,EQ,28-12-2020,85.25,85.5,86.0,84.2,84.65,84.8,85.02,"16,91,063","14,37,69,182.30","6,950","11,71,009",69.25
JMFINANCIL,EQ,29-12-2020,84.8,85.4,85.6,83.1,83.45,83.6,83.74,"15,24,611","12,76,72,721.50","4,999","11,45,468",75.13
JMFINANCIL,EQ,30-12-2020,83.6,84.55,84.75,82.7,83.6,83.55,83.49,"10,06,585","8,40,41,578.50","7,496","4,03,279",40.06
JMFINANCIL,EQ,31-12-2020,83.55,83.55,85.8,82.4,84.15,84.45,84.61,"21,55,434","18,23,66,208.70","12,900","12,86,790",59.7
JMFINANCIL,EQ,01-01-2021,84.45,85.0,87.45,84.1,86.1,86.3,86.14,"14,05,431","12,10,57,924.90","8,139","4,95,385",35.25
JMFINANCIL,EQ,04-01-2021,86.3,87.0,88.25,86.05,86.5,87.0,87.2,"15,67,904","13,67,26,717.35","26,290","9,13,189",58.24
JMFINANCIL,EQ,05-01-2021,87.0,86.1,87.7,85.5,87.0,86.85,86.55,"13,40,155","11,59,89,411.85","19,600","7,59,434",56.67
JMFINANCIL,EQ,06-01-2021,86.85,86.9,92.9,86.4,92.5,91.3,89.26,"1,05,53,487","94,20,20,278.25","31,148","59,17,126",56.07
JMFINANCIL,EQ,07-01-2021,91.3,93.1,95.75,92.6,93.7,94.45,94.36,"52,09,867","49,15,96,284.80","24,499","20,30,864",38.98
JMFINANCIL,EQ,08-01-2021,94.45,94.65,97.5,94.55,94.6,94.9,95.94,"35,38,539","33,94,85,916.95","14,887","15,05,417",42.54
JMFINANCIL,EQ,11-01-2021,94.9,95.5,95.55,90.1,93.0,93.05,92.37,"16,45,873","15,20,36,983.00","10,377","7,44,716",45.25
JMFINANCIL,EQ,12-01-2021,93.05,92.9,94.35,91.05,92.3,92.25,92.97,"11,28,530","10,49,16,388.45","6,436","4,22,280",37.42
JMFINANCIL,EQ,13-01-2021,92.25,92.75,93.2,90.25,90.9,90.95,91.56,"16,73,091","15,31,84,449.60","21,022","7,45,503",44.56
JMFINANCIL,EQ,14-01-2021,90.95,91.65,91.65,88.1,88.4,88.45,89.66,"11,92,764","10,69,47,351.15","12,122","6,86,814",57.58
JMFINANCIL,EQ,15-01-2021,88.45,88.9,89.55,86.6,87.2,87.05,88.11,"9,80,767","8,64,15,766.35","10,849","4,22,994",43.13
JMFINANCIL,EQ,18-01-2021,87.05,87.05,87.65,83.0,83.7,84.05,84.89,"14,81,928","12,58,06,323.20","13,857","8,14,665",54.97
JMFINANCIL,EQ,19-01-2021,84.05,85.0,87.3,84.6,86.4,86.2,85.45,"21,43,191","18,31,37,451.85","11,115","12,26,346",57.22
JMFINANCIL,EQ,20-01-2021,86.2,86.0,89.85,85.7,89.1,89.25,88.32,"12,03,312","10,62,71,916.75","7,958","4,64,702",38.62
JMFINANCIL,EQ,21-01-2021,89.25,89.7,90.4,86.2,87.0,86.65,87.95,"11,37,265","10,00,22,334.50","8,289","4,22,765",37.17
JMFINANCIL,EQ,22-01-2021,86.65,86.4,88.0,84.25,86.0,86.25,86.08,"8,37,301","7,20,72,062.45","4,873","3,50,225",41.83
JMFINANCIL,EQ,25-01-2021,86.25,87.3,88.7,81.0,83.25,83.05,84.05,"15,93,689","13,39,47,848.10","12,907","6,85,701",43.03
JMFINANCIL,EQ,27-01-2021,83.05,82.1,84.35,80.1,81.0,80.65,82.22,"7,47,663","6,14,76,322.90","9,975","2,93,091",39.2
JMFINANCIL,EQ,28-01-2021,80.65,79.65,81.85,79.65,80.5,80.5,80.55,"31,33,252","25,23,84,630.60","10,515","27,52,437",87.85
JMFINANCIL,EQ,29-01-2021,80.5,81.4,82.6,79.8,80.0,80.0,80.32,"12,35,318","9,92,26,113.05","4,845","8,30,957",67.27
JMFINANCIL,EQ,01-02-2021,80.0,80.1,84.05,80.1,83.8,83.2,82.3,"9,24,433","7,60,82,761.15","7,244","4,17,621",45.18
JMFINANCIL,EQ,02-02-2021,83.2,83.9,89.15,83.4,87.65,87.7,87.06,"18,41,264","16,02,96,917.05","11,472","9,68,811",52.62
JMFINANCIL,EQ,03-02-2021,87.7,87.35,88.5,85.55,86.15,86.35,87.17,"12,38,932","10,79,99,534.15","6,451","5,33,459",43.06
JMFINANCIL,EQ,04-02-2021,86.35,85.6,87.7,85.35,87.05,86.85,86.49,"19,01,952","16,44,98,292.10","4,361","2,47,533",13.01
JMFINANCIL,EQ,05-02-2021,86.85,87.2,87.65,84.2,84.7,84.95,86.03,"6,22,070","5,35,14,474.95","4,375","2,54,372",40.89
JMFINANCIL,EQ,08-02-2021,84.95,85.25,88.3,85.25,88.0,88.0,87.12,"11,64,110","10,14,16,347.35","5,353","6,90,988",59.36
JMFINANCIL,EQ,09-02-2021,88.0,88.0,88.5,86.6,88.1,88.05,87.86,"8,03,710","7,06,17,428.35","10,263","3,55,588",44.24
JMFINANCIL,EQ,10-02-2021,88.05,87.5,90.7,87.5,90.25,90.2,89.82,"18,10,254","16,26,04,026.25","13,487","7,18,160",39.67
JMFINANCIL,EQ,11-02-2021,90.2,89.15,91.7,89.15,91.0,91.05,91.01,"8,35,435","7,60,36,813.90","4,895","3,51,939",42.13
JMFINANCIL,EQ,12-02-2021,91.05,91.0,92.5,89.75,92.4,92.1,91.5,"11,69,015","10,69,63,529.85","7,618","5,19,667",44.45
JMFINANCIL,EQ,15-02-2021,92.1,92.9,93.7,91.0,92.0,91.7,92.69,"11,84,374","10,97,78,157.55","9,591","5,35,426",45.21
JMFINANCIL,EQ,16-02-2021,91.7,92.2,94.1,89.9,92.8,93.4,92.03,"11,27,430","10,37,57,901.75","10,063","4,44,117",39.39
JMFINANCIL,EQ,17-02-2021,93.4,93.7,93.7,91.55,92.05,92.4,92.44,"8,02,874","7,42,15,299.85","6,074","3,62,838",45.19
JMFINANCIL,EQ,18-02-2021,92.4,92.6,93.5,88.5,89.0,89.4,90.79,"11,56,187","10,49,67,138.15","10,032","5,80,933",50.25
JMFINANCIL,EQ,19-02-2021,89.4,89.5,95.0,89.0,92.0,91.75,92.98,"33,07,092","30,75,03,365.55","27,782","11,80,794",35.7
JMFINANCIL,EQ,22-02-2021,91.75,92.0,92.4,89.1,91.15,90.8,91.02,"8,84,152","8,04,71,753.90","4,726","4,93,467",55.81
JMFINANCIL,EQ,23-02-2021,90.8,91.2,91.75,89.6,90.35,90.0,90.58,"7,25,435","6,57,08,693.45","3,224","4,35,464",60.03
JMFINANCIL,EQ,24-02-2021,90.0,90.65,94.2,81.25,93.75,92.65,91.63,"3,66,864","3,36,15,770.00","2,511","1,55,526",42.39
JMFINANCIL,EQ,25-02-2021,92.65,93.75,94.75,92.15,92.5,92.55,93.41,"10,58,937","9,89,15,848.95","6,191","4,58,464",43.29
JMFINANCIL,EQ,26-02-2021,92.55,91.7,92.8,89.5,90.3,90.9,91.02,"8,68,231","7,90,29,976.95","6,993","4,70,367",54.18
JMFINANCIL,EQ,01-03-2021,90.9,91.5,94.0,91.0,91.6,91.5,92.29,"7,92,668","7,31,53,983.70","4,231","2,42,658",30.61
JMFINANCIL,EQ,02-03-2021,91.5,92.0,93.1,91.8,92.5,92.65,92.53,"10,42,991","9,65,04,164.45","4,854","6,93,829",66.52
JMFINANCIL,EQ,03-03-2021,92.65,93.0,98.95,92.75,96.9,97.0,97.08,"46,73,526","45,36,99,402.25","23,756","17,28,366",36.98
JMFINANCIL,EQ,04-03-2021,97.0,95.0,98.3,94.75,96.8,97.0,96.96,"21,65,884","21,00,03,998.85","11,284","6,95,153",32.1
JMFINANCIL,EQ,05-03-2021,97.0,97.7,98.0,93.35,94.95,94.25,95.76,"12,91,128","12,36,38,805.65","7,530","5,63,530",43.65
JMFINANCIL,EQ,08-03-2021,94.25,95.0,96.9,92.15,92.6,92.6,94.37,"10,39,786","9,81,28,366.85","7,684","5,10,042",49.05
JMFINANCIL,EQ,09-03-2021,92.6,93.1,101.7,92.5,97.75,97.55,98.33,"63,31,209","62,25,59,509.85","41,387","22,60,010",35.7
JMFINANCIL,EQ,10-03-2021,97.55,98.45,98.45,94.0,94.5,94.55,95.55,"23,78,594","22,72,65,960.40","10,880","14,85,398",62.45
JMFINANCIL,EQ,12-03-2021,94.55,95.7,101.65,94.0,94.65,94.55,98.14,"59,06,767","57,96,89,519.50","44,704","12,96,613",21.95
JMFINANCIL,EQ,15-03-2021,94.55,95.25,98.0,92.9,97.2,96.75,95.45,"23,64,242","22,56,76,270.60","13,196","9,96,208",42.14
JMFINANCIL,EQ,16-03-2021,96.75,97.6,100.7,96.35,96.85,97.6,98.15,"34,11,607","33,48,57,626.35","21,430","8,62,407",25.28
JMFINANCIL,EQ,17-03-2021,97.6,97.15,98.4,94.8,95.1,95.05,95.82,"9,29,100","8,90,27,958.65","5,348","3,89,186",41.89
JMFINANCIL,EQ,18-03-2021,95.05,95.6,99.0,93.2,94.1,94.1,94.63,"14,28,293","13,51,56,726.05","8,754","7,04,389",49.32
JMFINANCIL,EQ,19-03-2021,94.1,93.2,95.3,76.9,88.9,89.35,91.43,"16,07,492","14,69,70,322.55","9,421","5,90,122",36.71
JMFINANCIL,EQ,22-03-2021,89.35,89.4,94.25,86.05,93.0,93.15,90.35,"23,42,659","21,16,65,582.40","14,314","6,65,576",28.41
JMFINANCIL,EQ,23-03-2021,93.15,95.0,95.0,90.55,90.75,91.2,92.62,"6,39,494","5,92,32,580.45","5,300","2,28,218",35.69
JMFINANCIL,EQ,24-03-2021,91.2,90.8,92.15,88.1,89.45,89.15,90.43,"4,41,920","3,99,63,745.00","3,717","1,66,989",37.79
JMFINANCIL,EQ,25-03-2021,89.15,89.5,89.5,86.35,87.0,87.15,87.58,"6,33,857","5,55,12,998.45","7,040","3,43,361",54.17
JMFINANCIL,EQ,26-03-2021,87.15,87.6,89.9,87.1,88.2,87.9,88.54,"11,46,971","10,15,55,108.05","10,321","7,36,812",64.24
JMFINANCIL,EQ,30-03-2021,87.9,88.4,89.8,86.35,87.05,87.45,87.81,"4,07,567","3,57,90,402.00","4,441","1,91,101",46.89
JMFINANCIL,EQ,31-03-2021,87.45,87.4,88.2,84.2,84.85,84.55,85.4,"8,42,988","7,19,90,975.15","8,366","5,04,275",59.82
JMFINANCIL,EQ,01-04-2021,84.55,85.1,86.5,84.25,85.0,85.4,85.26,"9,13,377","7,78,71,965.10","6,884","3,96,473",43.41
JMFINANCIL,EQ,05-04-2021,85.4,85.0,85.35,82.5,84.2,83.7,83.78,"5,07,171","4,24,93,153.65","4,480","2,23,320",44.03
JMFINANCIL,EQ,06-04-2021,83.7,84.3,86.8,84.1,84.75,84.75,85.51,"9,83,989","8,41,39,640.65","6,124","2,70,003",27.44
JMFINANCIL,EQ,07-04-2021,84.75,84.85,86.8,84.85,85.7,85.5,85.66,"5,78,733","4,95,77,144.85","5,102","1,60,241",27.69
JMFINANCIL,EQ,08-04-2021,85.5,86.0,86.7,85.4,85.6,85.7,86.0,"3,30,525","2,84,24,715.30","2,643","1,44,831",43.82
JMFINANCIL,EQ,09-04-2021,85.7,85.7,85.95,84.0,84.0,84.2,84.84,"4,86,433","4,12,70,287.60","3,546","2,22,236",45.69
JMFINANCIL,EQ,12-04-2021,84.2,83.1,83.5,78.65,80.5,79.9,80.7,"13,13,014","10,59,63,746.00","17,546","9,28,712",70.73
JMFINANCIL,EQ,13-04-2021,79.9,80.0,81.8,80.0,80.45,80.35,80.6,"7,10,114","5,72,34,410.95","10,672","3,01,694",42.49
JMFINANCIL,EQ,15-04-2021,80.35,80.7,81.3,77.2,78.0,77.85,78.62,"6,65,080","5,22,89,889.95","8,062","4,23,395",63.66
JMFINANCIL,EQ,16-04-2021,77.85,80.35,80.35,78.35,79.0,78.65,78.89,"4,50,402","3,55,30,690.05","7,645","2,24,165",49.77
JMFINANCIL,EQ,19-04-2021,78.65,77.1,78.0,76.05,77.8,76.95,76.63,"4,48,242","3,43,46,793.30","5,651","2,54,522",56.78
JMFINANCIL,EQ,20-04-2021,76.95,77.4,81.0,77.4,79.2,79.55,78.97,"6,29,415","4,97,05,898.70","6,419","2,95,070",46.88
JMFINANCIL,EQ,22-04-2021,79.55,78.8,81.0,78.6,79.75,79.8,79.8,"66,14,890","52,78,35,578.00","6,827","58,10,695",87.84
JMFINANCIL,EQ,23-04-2021,79.8,80.4,81.8,79.35,80.4,80.05,79.94,"62,04,539","49,59,84,791.70","7,456","52,52,225",84.65
JMFINANCIL,EQ,26-04-2021,80.05,81.4,81.4,79.55,80.15,80.15,80.31,"2,91,187","2,33,85,204.95","2,632","1,35,662",46.59
JMFINANCIL,EQ,27-04-2021,80.15,82.85,84.0,81.7,82.6,82.7,82.52,"10,26,209","8,46,84,911.55","7,180","2,73,290",26.63
JMFINANCIL,EQ,28-04-2021,82.7,83.3,83.3,81.9,82.0,82.15,82.44,"4,44,384","3,66,33,960.80","3,996","2,09,327",47.1
JMFINANCIL,EQ,29-04-2021,82.15,82.2,85.35,81.35,81.85,82.25,83.71,"14,54,277","12,17,31,564.65","8,604","4,95,865",34.1
JMFINANCIL,EQ,30-04-2021,82.25,81.5,82.7,80.0,80.3,80.35,81.26,"6,82,802","5,54,87,635.60","6,641","3,54,381",51.9
JMFINANCIL,EQ,03-05-2021,80.35,80.0,80.9,79.1,79.6,79.4,79.94,"6,09,332","4,87,09,636.40","4,380","3,50,507",57.52
JMFINANCIL,EQ,04-05-2021,79.4,80.5,82.9,80.1,81.5,81.1,81.39,"9,16,033","7,45,60,200.80","5,797","3,13,696",34.25
JMFINANCIL,EQ,05-05-2021,81.1,82.7,82.85,78.5,80.7,80.55,81.69,"9,33,117","7,62,29,658.50","6,025","4,41,927",47.36
JMFINANCIL,EQ,06-05-2021,80.55,81.7,84.9,80.6,82.3,82.4,82.8,"42,05,545","34,82,34,311.75","23,681","11,24,000",26.73
JMFINANCIL,EQ,07-05-2021,82.4,82.85,83.5,80.15,81.15,81.1,82.02,"13,93,946","11,43,37,234.15","8,959","7,93,905",56.95
JMFINANCIL,EQ,10-05-2021,81.1,81.85,82.45,80.4,80.95,80.85,81.41,"9,98,522","8,12,91,488.70","6,738","4,93,431",49.42
JMFINANCIL,EQ,11-05-2021,80.85,80.0,81.8,80.0,80.9,80.8,80.93,"9,53,673","7,71,77,886.85","5,737","3,73,661",39.18
JMFINANCIL,EQ,12-05-2021,80.8,81.0,81.6,80.1,80.25,80.45,80.91,"7,71,464","6,24,22,412.50","4,567","4,13,910",53.65
JMFINANCIL,EQ,14-05-2021,80.45,80.85,81.25,79.0,79.45,79.3,79.93,"6,61,551","5,28,80,134.25","6,262","3,70,526",56.01
JMFINANCIL,EQ,17-05-2021,79.3,80.45,80.8,79.5,79.85,79.8,80.11,"7,86,492","6,30,07,086.85","6,273","4,16,066",52.9
JMFINANCIL,EQ,18-05-2021,79.8,80.0,81.25,79.8,80.1,80.2,80.28,"11,41,598","9,16,46,743.10","16,206","5,68,214",49.77
JMFINANCIL,EQ,19-05-2021,80.2,80.2,80.6,79.5,79.9,80.05,79.98,"9,02,447","7,21,73,707.80","15,439","4,38,581",48.6
JMFINANCIL,EQ,20-05-2021,80.05,80.05,80.45,79.35,79.95,79.85,79.78,"7,17,426","5,72,33,745.75","11,717","3,97,899",55.46
JMFINANCIL,EQ,21-05-2021,79.85,80.3,85.9,79.75,84.45,84.35,83.59,"53,79,644","44,97,05,976.25","26,563","19,88,590",36.97
JMFINANCIL,EQ,24-05-2021,84.35,85.25,85.3,83.35,84.1,83.85,84.2,"15,49,086","13,04,38,283.20","20,039","7,57,769",48.92
JMFINANCIL,EQ,25-05-2021,83.85,84.45,84.55,81.3,82.1,82.0,82.71,"13,23,371","10,94,60,189.60","16,261","7,79,264",58.88
JMFINANCIL,EQ,26-05-2021,82.0,82.3,86.8,81.75,85.4,85.25,85.36,"36,09,107","30,80,87,928.05","19,531","11,08,439",30.71
JMFINANCIL,EQ,27-05-2021,85.25,85.65,87.95,84.3,87.5,87.5,86.61,"25,01,903","21,66,78,884.00","13,700","11,77,332",47.06
JMFINANCIL,EQ,28-05-2021,87.5,88.2,90.75,87.55,88.25,87.95,89.6,"66,75,972","59,81,46,832.55","30,826","14,22,813",21.31
JMFINANCIL,EQ,31-05-2021,87.95,88.9,89.5,86.5,88.25,88.05,88.18,"8,83,397","7,78,99,955.00","12,099","3,76,133",42.58
JMFINANCIL,EQ,01-06-2021,88.05,88.7,88.7,85.0,86.1,85.55,86.22,"8,85,171","7,63,22,415.20","7,378","3,80,224",42.95
JMFINANCIL,EQ,02-06-2021,85.55,86.0,86.8,85.3,86.65,86.35,86.11,"6,66,376","5,73,84,429.65","6,291","3,34,623",50.22
JMFINANCIL,EQ,03-06-2021,86.35,87.0,89.45,86.75,87.3,87.5,88.11,"13,80,792","12,16,63,296.85","9,040","4,75,837",34.46
JMFINANCIL,EQ,04-06-2021,87.5,88.2,93.45,87.0,92.75,92.5,91.34,"63,83,712","58,30,91,939.25","33,726","20,74,229",32.49
JMFINANCIL,EQ,07-06-2021,92.5,93.0,93.2,90.55,90.8,90.85,91.68,"18,49,003","16,95,24,022.75","18,561","8,71,539",47.14
JMFINANCIL,EQ,08-06-2021,90.85,91.4,96.75,90.1,95.0,95.05,94.4,"61,86,102","58,39,94,563.10","28,010","19,40,407",31.37
JMFINANCIL,EQ,09-06-2021,95.05,95.95,99.35,91.85,92.85,92.55,96.46,"54,16,786","52,25,28,914.15","30,948","20,64,331",38.11
JMFINANCIL,EQ,10-06-2021,92.55,93.95,96.3,93.65,95.1,95.1,94.89,"20,51,455","19,46,61,020.70","11,948","5,29,748",25.82
JMFINANCIL,EQ,11-06-2021,95.1,95.1,96.95,92.1,93.05,93.15,94.07,"13,73,858","12,92,32,755.90","9,178","5,31,987",38.72
JMFINANCIL,EQ,14-06-2021,93.15,93.85,94.7,90.85,93.25,93.1,93.01,"13,30,552","12,37,59,975.45","10,309","3,44,543",25.89
JMFINANCIL,EQ,15-06-2021,93.1,93.7,97.4,93.45,96.95,96.35,96.18,"31,97,393","30,75,23,198.35","20,322","9,21,700",28.83
JMFINANCIL,EQ,16-06-2021,96.35,96.95,96.95,94.0,94.3,94.35,95.18,"9,53,517","9,07,59,473.85","7,095","4,20,867",44.14
JMFINANCIL,EQ,17-06-2021,94.35,93.75,97.85,92.9,96.0,96.1,96.45,"36,72,493","35,42,10,760.35","18,506","14,45,701",39.37
JMFINANCIL,EQ,18-06-2021,96.1,96.75,99.6,93.5,94.5,94.15,96.4,"59,17,935","57,04,97,299.40","26,162","26,98,400",45.6
JMFINANCIL,EQ,21-06-2021,94.15,93.15,95.0,91.85,92.0,93.0,93.52,"11,95,504","11,18,06,889.00","6,347","5,11,125",42.75
JMFINANCIL,EQ,22-06-2021,93.0,93.2,95.4,93.2,94.15,94.25,94.1,"12,03,036","11,32,10,792.70","6,694","3,49,623",29.06
JMFINANCIL,EQ,23-06-2021,94.25,94.95,94.95,91.35,91.6,91.9,93.12,"9,93,288","9,24,90,610.65","8,603","4,93,743",49.71
JMFINANCIL,EQ,24-06-2021,91.9,92.1,93.4,91.2,92.25,91.85,92.28,"4,67,239","4,31,17,979.40","3,700","2,17,725",46.6
JMFINANCIL,EQ,25-06-2021,91.85,92.4,93.25,90.5,91.0,91.3,92.08,"8,07,601","7,43,67,180.35","6,161","4,15,196",51.41
JMFINANCIL,EQ,28-06-2021,91.3,91.95,92.55,90.9,91.0,91.5,91.72,"4,37,984","4,01,72,753.40","3,507","1,76,193",40.23
JMFINANCIL,EQ,29-06-2021,91.5,91.55,92.35,88.9,89.35,89.35,90.62,"8,32,208","7,54,17,590.20","7,815","4,18,161",50.25
JMFINANCIL,EQ,30-06-2021,89.35,89.95,90.9,88.2,88.95,88.5,89.55,"6,36,610","5,70,11,217.20","4,183","2,78,320",43.72
JMFINANCIL,EQ,01-07-2021,88.5,89.5,94.7,89.15,90.5,90.45,92.19,"38,71,145","35,68,98,146.10","18,944","9,40,034",24.28
JMFINANCIL,EQ,02-07-2021,90.45,91.0,91.8,89.5,90.1,90.15,90.71,"11,23,856","10,19,48,841.75","8,379","3,93,131",34.98
JMFINANCIL,EQ,05-07-2021,90.15,90.9,93.9,90.35,92.0,91.9,92.23,"32,57,819","30,04,79,932.70","16,992","15,55,944",47.76
JMFINANCIL,EQ,06-07-2021,91.9,92.55,94.3,91.1,91.8,91.75,93.08,"26,10,447","24,29,89,380.10","11,384","9,96,273",38.16
JMFINANCIL,EQ,07-07-2021,91.75,91.45,96.75,91.3,96.45,96.15,95.3,"78,38,449","74,69,76,947.90","35,523","20,36,502",25.98
JMFINANCIL,EQ,08-07-2021,96.15,96.0,97.2,92.6,92.85,92.95,94.22,"24,46,542","23,05,19,908.60","10,648","9,41,713",38.49
JMFINANCIL,EQ,09-07-2021,92.95,92.8,94.85,92.35,93.05,93.3,93.83,"33,93,516","31,84,20,939.05","18,195","9,29,106",27.38
JMFINANCIL,EQ,12-07-2021,93.3,93.3,97.4,93.2,94.55,94.7,95.08,"28,94,780","27,52,23,293.00","13,888","8,80,443",30.41
JMFINANCIL,EQ,13-07-2021,94.7,95.0,96.7,93.0,95.0,95.5,94.84,"36,20,122","34,33,29,648.00","16,360","16,34,885",45.16
JMFINANCIL,EQ,14-07-2021,95.5,97.0,107.25,95.55,106.9,106.2,103.5,"4,12,71,250","4,27,16,92,235.65","1,56,500","64,30,118",15.58
JMFINANCIL,EQ,15-07-2021,106.2,107.2,111.15,105.55,106.75,107.75,108.74,"2,46,40,531","2,67,93,52,896.60","90,565","53,84,635",21.85
JMFINANCIL,EQ,16-07-2021,107.75,107.1,117.7,106.3,111.3,111.75,112.82,"2,65,15,888","2,99,16,52,833.75","1,12,336","46,33,958",17.48
JMFINANCIL,EQ,19-07-2021,111.75,110.0,114.4,107.15,109.35,109.65,111.0,"90,97,565","1,00,98,58,462.90","44,500","24,21,972",26.62
JMFINANCIL,EQ,20-07-2021,109.65,109.2,110.35,101.15,101.8,102.15,104.75,"66,22,158","69,36,58,581.10","36,714","18,94,700",28.61
JMFINANCIL,EQ,22-07-2021,102.15,103.65,107.8,103.2,107.0,106.6,106.07,"58,85,345","62,42,61,433.70","28,433","14,15,195",24.05
JMFINANCIL,EQ,23-07-2021,106.6,107.45,107.6,102.0,102.45,102.3,103.82,"35,48,731","36,84,12,706.30","17,616","11,34,847",31.98
JMFINANCIL,EQ,26-07-2021,102.3,102.6,108.4,102.1,106.85,106.45,106.35,"82,55,469","87,79,63,185.70","38,455","29,69,229",35.97
JMFINANCIL,EQ,27-07-2021,106.45,107.3,111.85,105.0,107.9,106.9,108.32,"66,61,067","72,14,96,010.15","34,058","20,67,101",31.03
JMFINANCIL,EQ,28-07-2021,106.9,107.85,108.7,102.3,104.25,104.0,105.87,"55,38,906","58,64,26,062.80","24,480","20,36,449",36.77
JMFINANCIL,EQ,29-07-2021,104.0,107.8,109.25,103.55,104.1,104.35,105.84,"66,52,487","70,41,18,557.55","40,609","24,91,743",37.46
JMFINANCIL,EQ,30-07-2021,104.35,106.5,108.2,105.2,106.0,105.9,106.32,"46,10,828","49,02,04,451.55","18,788","22,00,313",47.72
JMFINANCIL,EQ,02-08-2021,105.9,107.45,107.45,102.0,102.4,102.35,104.08,"47,72,202","49,66,81,831.65","22,498","24,80,192",51.97
JMFINANCIL,EQ,03-08-2021,102.35,103.0,104.4,102.5,103.15,103.1,103.31,"34,02,134","35,14,84,570.10","15,337","12,44,062",36.57
JMFINANCIL,EQ,04-08-2021,103.1,104.0,104.0,97.6,98.15,98.1,100.87,"40,97,801","41,33,38,221.50","21,254","16,57,800",40.46
JMFINANCIL,EQ,05-08-2021,98.1,98.7,99.2,94.55,96.3,96.2,96.05,"47,17,660","45,31,54,820.70","23,504","18,67,874",39.59
JMFINANCIL,EQ,06-08-2021,96.2,96.2,102.6,96.2,99.85,101.05,100.45,"60,30,447","60,57,85,453.25","29,192","14,48,393",24.02
JMFINANCIL,EQ,09-08-2021,101.05,101.1,103.7,99.1,101.05,101.25,101.96,"81,94,145","83,54,49,555.15","23,442","35,00,884",42.72
JMFINANCIL,EQ,10-08-2021,101.25,101.15,102.85,95.95,98.35,97.55,99.5,"41,70,630","41,49,71,163.90","18,275","20,11,125",48.22
JMFINANCIL,EQ,11-08-2021,97.55,98.45,100.1,92.05,94.65,94.25,94.42,"44,42,971","41,94,89,878.10","23,820","13,92,108",31.33
JMFINANCIL,EQ,12-08-2021,94.25,95.15,98.0,94.65,97.65,97.4,96.47,"21,07,127","20,32,82,796.65","12,493","6,00,339",28.49
JMFINANCIL,EQ,13-08-2021,97.4,97.4,98.75,95.5,96.45,95.95,96.93,"24,02,570","23,28,76,399.85","14,695","8,62,608",35.9
JMFINANCIL,EQ,16-08-2021,95.95,96.45,98.5,96.2,97.75,98.0,97.45,"17,31,352","16,87,26,326.30","10,033","6,11,084",35.3
JMFINANCIL,EQ,17-08-2021,98.0,97.5,97.5,93.6,94.9,94.65,94.97,"36,28,175","34,45,72,494.30","22,099","22,83,298",62.93
JMFINANCIL,EQ,18-08-2021,94.65,95.9,96.7,91.7,91.8,92.2,93.39,"21,19,124","19,79,07,368.25","16,461","9,53,555",45.0
JMFINANCIL,EQ,20-08-2021,92.2,90.25,91.9,89.25,90.45,90.1,90.38,"19,38,160","17,51,73,336.25","14,023","8,71,671",44.97
JMFINANCIL,EQ,23-08-2021,90.1,91.6,91.6,85.2,85.55,85.9,87.71,"17,42,301","15,28,15,647.55","15,224","6,58,422",37.79
JMFINANCIL,EQ,24-08-2021,85.9,86.5,91.4,85.7,90.3,90.6,89.04,"23,97,637","21,34,79,184.40","18,338","7,21,835",30.11
JMFINANCIL,EQ,25-08-2021,90.6,89.0,92.4,89.0,89.85,90.1,90.86,"22,15,156","20,12,75,630.95","13,722","7,62,988",34.44
JMFINANCIL,EQ,26-08-2021,90.1,90.2,93.85,86.8,90.6,90.25,91.2,"25,97,243","23,68,74,709.05","15,393","11,68,496",44.99
JMFINANCIL,EQ,27-08-2021,90.25,90.3,90.3,87.65,89.85,89.5,88.94,"24,19,951","21,52,41,348.35","10,449","11,60,377",47.95
JMFINANCIL,EQ,30-08-2021,89.5,90.5,92.5,89.7,91.8,91.8,91.53,"30,28,563","27,72,09,877.95","19,448","10,35,061",34.18
JMFINANCIL,EQ,31-08-2021,91.8,92.6,93.2,90.75,92.7,92.45,92.42,"42,60,722","39,37,79,512.85","25,428","18,39,806",43.18
JMFINANCIL,EQ,01-09-2021,92.45,93.05,94.25,90.8,91.25,91.6,92.76,"22,05,582","20,45,94,581.75","14,848","7,67,312",34.79
JMFINANCIL,EQ,02-09-2021,91.6,92.0,93.25,89.15,90.4,90.3,91.83,"20,45,706","18,78,49,125.05","11,040","9,81,692",47.99
JMFINANCIL,EQ,03-09-2021,90.3,90.4,92.3,90.4,91.2,91.25,91.3,"12,97,717","11,84,81,538.90","8,568","5,40,196",41.63
JMFINANCIL,EQ,06-09-2021,91.25,91.7,91.7,89.9,90.25,90.1,90.33,"10,97,399","9,91,23,841.70","8,319","5,86,191",53.42
JMFINANCIL,EQ,07-09-2021,90.1,90.55,90.65,88.5,89.75,89.5,89.44,"8,57,955","7,67,32,627.20","6,219","3,02,452",35.25
JMFINANCIL,EQ,08-09-2021,89.5,89.5,90.7,88.9,89.65,89.55,89.73,"11,62,686","10,43,26,850.60","7,646","3,65,239",31.41
JMFINANCIL,EQ,09-09-2021,89.55,89.65,90.15,89.0,89.75,89.5,89.64,"6,88,420","6,17,07,118.30","4,972","2,65,742",38.6
JMFINANCIL,EQ,13-09-2021,89.5,90.0,90.0,88.05,88.45,88.45,88.77,"11,77,726","10,45,44,804.55","11,360","6,92,241",58.78
JMFINANCIL,EQ,14-09-2021,88.45,88.95,90.7,88.6,89.55,89.65,89.75,"10,73,705","9,63,64,650.10","7,228","5,18,694",48.31
JMFINANCIL,EQ,15-09-2021,89.65,89.95,94.6,89.1,91.55,91.45,92.56,"36,40,957","33,70,06,902.30","21,152","12,47,334",34.26
JMFINANCIL,EQ,16-09-2021,91.45,92.1,94.5,91.25,91.4,91.4,92.4,"32,02,659","29,59,32,082.65","15,724","15,99,099",49.93
JMFINANCIL,EQ,17-09-2021,91.4,92.3,92.8,89.15,91.2,90.55,90.75,"21,28,755","19,31,82,887.65","14,767","11,11,276",52.2
JMFINANCIL,EQ,20-09-2021,90.55,89.55,91.45,89.0,89.75,89.9,90.43,"12,13,226","10,97,14,570.70","7,240","5,44,525",44.88
JMFINANCIL,EQ,21-09-2021,89.9,89.85,90.7,88.5,89.6,89.8,89.53,"13,57,971","12,15,79,956.20","10,450","6,29,942",46.39
JMFINANCIL,EQ,22-09-2021,89.8,90.2,91.5,89.65,90.0,90.05,90.48,"10,70,192","9,68,28,418.20","8,754","4,94,970",46.25
JMFINANCIL,EQ,23-09-2021,90.05,90.9,92.2,89.65,91.75,91.5,91.09,"31,30,241","28,51,21,551.85","15,671","19,04,802",60.85
JMFINANCIL,EQ,24-09-2021,91.5,92.0,93.1,90.0,92.2,92.3,92.13,"21,26,452","19,59,19,402.75","12,709","8,06,257",37.92
JMFINANCIL,EQ,27-09-2021,92.3,92.8,94.25,92.45,93.5,93.0,93.49,"22,91,411","21,42,20,613.75","17,141","11,38,866",49.7
JMFINANCIL,EQ,28-09-2021,93.0,93.5,94.2,92.15,92.95,93.05,93.12,"19,21,033","17,88,83,367.50","13,554","9,50,979",49.5
JMFINANCIL,EQ,29-09-2021,93.05,92.8,93.4,91.4,92.0,92.0,92.31,"13,49,908","12,46,09,611.00","9,627","7,22,876",53.55
JMFINANCIL,EQ,30-09-2021,92.0,92.5,93.15,92.0,92.2,92.55,92.62,"12,61,499","11,68,33,982.05","8,354","4,25,151",33.7
JMFINANCIL,EQ,01-10-2021,92.55,91.85,92.95,91.3,91.75,92.05,92.13,"10,26,546","9,45,71,769.45","7,872","3,98,253",38.8
JMFINANCIL,EQ,04-10-2021,92.05,92.05,94.2,92.05,92.8,92.75,93.32,"14,42,469","13,46,09,279.65","7,845","7,15,485",49.6
JMFINANCIL,EQ,05-10-2021,92.75,92.7,93.9,92.4,92.8,92.8,92.93,"7,13,631","6,63,19,590.10","5,490","2,80,016",39.24
JMFINANCIL,EQ,06-10-2021,92.8,93.25,93.8,90.8,90.95,91.2,92.67,"16,67,396","15,45,17,438.25","7,416","9,87,529",59.23
JMFINANCIL,EQ,07-10-2021,91.2,91.5,91.8,90.0,90.35,90.3,90.93,"13,79,042","12,53,95,611.20","7,096","7,77,744",56.4
JMFINANCIL,EQ,08-10-2021,90.3,90.5,92.35,90.5,91.75,91.35,91.4,"10,73,757","9,81,37,154.50","6,481","5,40,152",50.3
JMFINANCIL,EQ,11-10-2021,91.35,92.3,93.5,91.9,92.5,92.7,92.9,"14,04,254","13,04,56,346.55","8,256","6,35,766",45.27
JMFINANCIL,EQ,12-10-2021,92.7,92.95,93.8,92.2,92.8,92.75,92.87,"17,91,470","16,63,80,970.20","9,238","9,70,928",54.2
JMFINANCIL,EQ,13-10-2021,92.75,93.4,96.9,93.0,94.0,93.9,94.84,"54,22,691","51,42,79,790.20","24,439","23,19,118",42.77
JMFINANCIL,EQ,14-10-2021,93.9,96.0,96.1,93.5,93.8,93.95,94.2,"18,28,489","17,22,40,438.65","8,065","10,72,523",58.66
JMFINANCIL,EQ,18-10-2021,93.95,94.4,96.4,93.8,94.3,94.15,94.98,"21,55,695","20,47,55,716.75","12,847","9,24,000",42.86
JMFINANCIL,EQ,19-10-2021,94.15,95.0,95.85,90.3,92.0,91.8,93.31,"18,71,651","17,46,44,462.60","9,982","8,13,981",43.49
JMFINANCIL,EQ,20-10-2021,91.8,92.3,92.8,89.9,91.15,90.9,91.39,"12,95,583","11,84,03,774.80","8,533","5,09,380",39.32
JMFINANCIL,EQ,21-10-2021,90.9,91.2,91.75,90.35,90.9,91.05,91.06,"7,50,754","6,83,63,652.85","6,029","2,44,785",32.61
JMFINANCIL,EQ,22-10-2021,91.05,91.0,91.85,88.95,90.1,89.85,90.54,"7,74,794","7,01,47,288.45","6,618","3,59,389",46.39
JMFINANCIL,EQ,25-10-2021,89.85,90.0,90.8,87.5,90.0,90.1,89.31,"11,16,455","9,97,12,960.30","10,388","4,95,939",44.42
JMFINANCIL,EQ,26-10-2021,90.1,90.75,91.5,89.25,90.3,90.4,90.49,"5,90,643","5,34,45,883.65","4,710","2,41,804",40.94
JMFINANCIL,EQ,27-10-2021,90.4,90.7,91.3,88.7,88.9,88.9,89.95,"6,66,337","5,99,40,221.80","5,523","3,41,702",51.28
JMFINANCIL,EQ,28-10-2021,88.9,89.6,90.85,88.2,90.2,90.1,89.75,"9,72,495","8,72,82,500.85","6,005","5,93,613",61.04
JMFINANCIL,EQ,29-10-2021,90.1,87.7,88.95,86.35,88.75,87.9,87.81,"11,17,084","9,80,87,273.20","9,291","5,16,070",46.2
JMFINANCIL,EQ,01-11-2021,87.9,88.0,89.0,85.55,85.7,85.9,86.56,"16,34,450","14,14,83,382.60","15,249","10,46,611",64.03
JMFINANCIL,EQ,02-11-2021,85.9,85.0,85.85,82.25,83.0,83.05,83.81,"31,94,443","26,77,30,476.30","21,752","17,04,791",53.37
JMFINANCIL,EQ,03-11-2021,83.05,84.65,84.75,83.3,83.95,83.9,83.97,"8,70,986","7,31,34,252.80","7,884","4,27,123",49.04
JMFINANCIL,EQ,04-11-2021,83.9,84.8,84.9,84.05,84.8,84.7,84.63,"1,87,459","1,58,64,823.25","1,955","1,29,321",68.99
JMFINANCIL,EQ,08-11-2021,84.7,85.0,85.4,82.55,83.35,83.25,83.31,"19,18,810","15,98,61,187.20","12,589","9,81,493",51.15
JMFINANCIL,EQ,09-11-2021,83.25,83.75,84.9,83.5,84.9,84.65,84.35,"9,49,539","8,00,97,155.80","8,618","5,17,378",54.49
JMFINANCIL,EQ,10-11-2021,84.65,84.85,85.9,83.2,83.5,83.85,84.44,"15,58,397","13,15,83,289.30","7,454","10,82,495",69.46
JMFINANCIL,EQ,11-11-2021,83.85,83.85,85.0,82.0,82.15,82.55,83.4,"12,67,405","10,56,99,910.50","11,560","7,98,352",62.99
JMFINANCIL,EQ,12-11-2021,82.55,83.15,83.25,81.5,81.95,82.2,82.24,"11,97,492","9,84,87,543.95","10,971","7,17,009",59.88
JMFINANCIL,EQ,15-11-2021,82.2,82.2,82.95,80.75,81.2,81.0,81.48,"11,01,496","8,97,52,557.40","7,133","7,35,857",66.81
JMFINANCIL,EQ,16-11-2021,81.0,81.0,81.8,79.0,79.6,79.7,80.5,"8,02,696","6,46,13,466.30","7,021","4,90,904",61.16
JMFINANCIL,EQ,17-11-2021,79.7,79.7,81.55,79.7,81.4,81.2,80.91,"8,09,257","6,54,73,552.15","5,907","4,16,014",51.41
JMFINANCIL,EQ,18-11-2021,81.2,82.0,82.45,78.7,79.5,79.35,79.68,"12,08,765","9,63,11,038.85","8,198","6,62,703",54.82
JMFINANCIL,EQ,22-11-2021,79.35,79.6,79.65,76.8,77.95,77.65,77.89,"9,53,186","7,42,45,858.65","6,830","5,15,911",54.12
JMFINANCIL,EQ,23-11-2021,77.65,77.3,79.85,76.7,77.95,77.9,78.05,"12,97,010","10,12,29,698.45","9,697","6,40,988",49.42
JMFINANCIL,EQ,24-11-2021,77.9,78.25,79.2,77.0,77.35,77.15,77.98,"10,24,300","7,98,79,869.50","9,215","6,01,389",58.71
JMFINANCIL,EQ,25-11-2021,77.15,77.25,77.85,76.65,77.0,76.95,77.17,"5,18,630","4,00,23,314.65","8,126","2,62,991",50.71
JMFINANCIL,EQ,26-11-2021,76.95,76.8,78.7,74.0,74.1,74.6,75.98,"19,70,366","14,97,11,380.50","20,714","12,35,334",62.7
JMFINANCIL,EQ,29-11-2021,74.6,74.6,74.6,64.9,71.5,71.0,71.86,"23,17,350","16,65,32,560.60","21,902","11,89,483",51.33
JMFINANCIL,EQ,30-11-2021,71.0,72.35,72.9,70.6,71.2,71.15,71.62,"13,76,308","9,85,66,092.35","8,489","7,00,320",50.88
JMFINANCIL,EQ,01-12-2021,71.15,72.0,72.1,70.2,71.05,70.8,70.93,"13,57,363","9,62,83,556.45","15,200","6,37,129",46.94
JMFINANCIL,EQ,02-12-2021,70.8,71.2,71.75,69.7,70.2,70.1,70.35,"25,59,693","18,00,70,518.50","28,052","15,88,853",62.07
JMFINANCIL,EQ,03-12-2021,70.1,70.35,70.85,69.5,69.85,69.8,70.08,"14,66,833","10,27,90,844.15","17,791","9,02,965",61.56
JMFINANCIL,EQ,06-12-2021,69.8,70.3,72.3,68.4,68.5,68.5,69.98,"22,62,809","15,83,43,506.95","14,310","11,81,578",52.22
JMFINANCIL,EQ,07-12-2021,68.5,69.4,70.7,69.1,69.95,70.05,70.02,"23,23,360","16,26,73,800.50","13,865","16,74,607",72.08
JMFINANCIL,EQ,08-12-2021,70.05,70.95,72.2,69.5,71.6,70.85,70.66,"26,81,103","18,94,35,176.55","19,731","14,93,656",55.71
JMFINANCIL,EQ,09-12-2021,70.85,71.5,78.7,71.5,77.5,77.7,76.56,"1,09,75,298","84,03,15,718.75","48,728","24,85,140",22.64
JMFINANCIL,EQ,10-12-2021,77.7,77.5,77.7,75.05,75.5,75.35,76.07,"23,97,894","18,24,19,261.65","14,213","10,12,460",42.22
JMFINANCIL,EQ,13-12-2021,75.35,76.05,76.85,73.5,73.9,73.7,74.82,"18,33,702","13,72,05,986.25","14,000","9,24,655",50.43
JMFINANCIL,EQ,14-12-2021,73.7,73.55,74.4,71.8,72.45,72.1,72.78,"16,62,951","12,10,35,966.85","10,326","8,68,955",52.25
JMFINANCIL,EQ,15-12-2021,72.1,72.05,72.95,71.3,71.7,71.6,71.88,"13,47,147","9,68,32,889.00","11,280","6,90,087",51.23
JMFINANCIL,EQ,16-12-2021,71.6,72.4,73.8,71.5,71.85,71.7,72.38,"24,80,951","17,95,66,032.10","10,354","12,57,425",50.68
JMFINANCIL,EQ,17-12-2021,71.7,71.65,73.3,71.3,73.1,72.9,72.51,"26,26,039","19,04,08,401.95","14,712","13,27,977",50.57
JMFINANCIL,EQ,20-12-2021,72.9,72.75,72.75,69.75,71.2,71.9,70.68,"23,47,753","16,59,38,907.35","13,159","13,46,606",57.36
JMFINANCIL,EQ,21-12-2021,71.9,72.75,72.75,71.7,72.5,72.55,72.32,"8,93,811","6,46,39,024.85","5,828","4,16,595",46.61
JMFINANCIL,EQ,22-12-2021,72.55,72.7,72.95,71.5,71.55,71.7,72.07,"12,33,836","8,89,23,923.85","8,092","7,54,776",61.17
JMFINANCIL,EQ,23-12-2021,71.7,71.8,73.4,71.75,73.0,73.0,72.65,"15,30,916","11,12,15,280.80","10,084","9,06,213",59.19
JMFINANCIL,EQ,24-12-2021,73.0,73.3,74.25,72.2,73.1,73.2,72.92,"6,11,192","4,45,65,362.40","3,659","2,82,953",46.3
JMFINANCIL,EQ,27-12-2021,73.2,72.2,73.45,71.65,73.2,73.1,72.59,"8,17,749","5,93,62,466.00","4,402","4,57,463",55.94
JMFINANCIL,EQ,28-12-2021,73.1,73.2,74.0,72.3,72.65,72.75,72.79,"12,28,736","8,94,44,805.85","11,537","6,68,810",54.43
JMFINANCIL,EQ,29-12-2021,72.75,73.0,73.9,72.75,73.35,73.1,73.28,"7,10,974","5,21,00,515.60","6,294","3,69,022",51.9
JMFINANCIL,EQ,30-12-2021,73.1,74.1,74.1,73.2,73.6,73.5,73.55,"5,88,443","4,32,77,997.95","5,541","3,14,814",53.5
JMFINANCIL,EQ,31-12-2021,73.5,73.4,76.55,73.1,74.4,74.4,74.69,"17,00,739","12,70,30,181.10","8,491","8,96,941",52.74
JMFINANCIL,EQ,03-01-2022,74.4,75.0,76.2,74.95,75.5,75.4,75.48,"11,03,221","8,32,75,748.45","8,740","5,32,780",48.29
JMFINANCIL,EQ,04-01-2022,75.4,76.3,76.3,73.9,74.25,74.2,74.87,"6,36,286","4,76,40,567.15","8,372","2,84,059",44.64
JMFINANCIL,EQ,05-01-2022,74.2,73.6,74.8,73.2,73.4,73.4,73.72,"7,41,056","5,46,31,195.25","5,100","4,04,529",54.59
JMFINANCIL,EQ,06-01-2022,73.4,73.0,73.6,72.6,73.35,73.1,73.08,"6,11,905","4,47,18,333.60","3,623","3,09,546",50.59
JMFINANCIL,EQ,07-01-2022,73.1,72.75,73.9,72.5,72.8,72.85,73.14,"8,69,620","6,36,08,158.75","7,005","4,79,059",55.09
JMFINANCIL,EQ,10-01-2022,72.85,73.4,76.5,72.75,76.5,74.65,74.62,"35,35,998","26,38,59,630.95","11,481","26,15,627",73.97
JMFINANCIL,EQ,11-01-2022,74.65,77.0,77.5,75.6,76.25,76.0,76.46,"17,54,573","13,41,48,973.35","9,708","7,47,179",42.58
JMFINANCIL,EQ,12-01-2022,76.0,76.5,79.45,76.5,77.25,77.45,78.14,"25,57,889","19,98,82,070.90","16,596","10,59,640",41.43
JMFINANCIL,EQ,13-01-2022,77.45,77.95,78.0,76.3,76.85,76.6,77.01,"8,04,697","6,19,67,044.75","4,901","3,30,005",41.01
JMFINANCIL,EQ,14-01-2022,76.6,76.9,76.9,75.5,76.05,76.05,76.16,"7,64,325","5,82,09,100.25","5,899","4,35,161",56.93
JMFINANCIL,EQ,17-01-2022,76.05,77.55,78.55,76.65,77.25,77.2,77.57,"14,11,330","10,94,76,261.90","12,807","7,31,006",51.80
JMFINANCIL,EQ,18-01-2022,77.2,77.95,78.2,75.3,75.75,75.8,76.7,"8,18,170","6,27,56,616.65","7,008","4,46,003",54.51
JMFINANCIL,EQ,19-01-2022,75.8,75.6,75.95,74.5,74.7,74.7,75.0,"4,99,209","3,74,38,891.85","4,287","2,58,509",51.78
JMFINANCIL,EQ,20-01-2022,74.7,74.0,76.05,74.0,74.65,74.75,75.13,"5,47,147","4,11,05,764.40","5,358","2,96,513",54.19
JMFINANCIL,EQ,21-01-2022,74.75,74.5,75.1,72.8,73.3,73.35,73.83,"6,94,619","5,12,82,327.60","6,365","3,67,962",52.97
JMFINANCIL,EQ,24-01-2022,73.35,73.35,74.35,70.4,70.8,70.95,71.64,"9,20,314","6,59,30,854.60","8,936","4,85,235",52.72
JMFINANCIL,EQ,25-01-2022,70.95,70.4,71.7,69.45,71.3,71.35,70.95,"7,85,854","5,57,58,713.75","8,785","3,33,444",42.43
JMFINANCIL,EQ,27-01-2022,71.35,71.0,71.7,70.0,70.65,70.7,70.62,"5,70,326","4,02,77,053.75","6,131","2,87,715",50.45
JMFINANCIL,EQ,28-01-2022,70.7,71.0,72.5,71.0,71.75,71.7,71.95,"5,87,853","4,22,94,769.50","6,426","2,94,873",50.16
JMFINANCIL,EQ,31-01-2022,71.7,72.55,73.85,72.15,73.8,73.35,73.07,"7,70,342","5,62,92,030.25","5,769","4,31,347",55.99
JMFINANCIL,EQ,01-02-2022,73.35,74.35,74.35,71.3,72.35,72.35,72.66,"6,63,355","4,81,96,340.40","6,514","3,84,616",57.98
JMFINANCIL,EQ,02-02-2022,72.35,72.85,73.95,72.5,73.0,73.0,73.1,"9,22,006","6,73,98,132.50","11,152","3,97,411",43.10
JMFINANCIL,EQ,03-02-2022,73.0,73.2,74.65,72.75,73.4,73.45,73.71,"5,76,248","4,24,73,433.35","5,359","2,53,912",44.06
JMFINANCIL,EQ,04-02-2022,73.45,73.45,74.3,72.6,72.8,72.7,73.32,"3,39,833","2,49,17,463.60","3,314","1,79,124",52.71
JMFINANCIL,EQ,07-02-2022,72.7,73.0,73.9,72.05,73.55,73.4,72.94,"4,36,110","3,18,11,199.50","4,279","2,30,943",52.96
JMFINANCIL,EQ,08-02-2022,73.4,74.3,74.3,70.35,70.85,71.05,71.58,"13,43,268","9,61,55,032.10","10,185","5,23,120",38.94
JMFINANCIL,EQ,09-02-2022,71.05,70.85,72.3,70.85,71.9,71.8,71.64,"4,82,211","3,45,45,251.60","3,664","2,16,919",44.98
JMFINANCIL,EQ,10-02-2022,71.8,72.5,73.7,71.3,71.6,71.6,72.25,"9,01,262","6,51,13,128.75","10,675","4,26,763",47.35
JMFINANCIL,EQ,11-02-2022,71.6,71.0,71.9,69.75,70.2,70.0,70.57,"7,68,967","5,42,62,242.20","7,241","4,67,037",60.74
JMFINANCIL,EQ,14-02-2022,70.0,69.1,70.15,67.15,67.7,67.6,68.56,"6,34,250","4,34,84,848.30","5,867","3,54,222",55.85
JMFINANCIL,EQ,15-02-2022,67.6,68.45,69.2,66.5,68.7,68.7,67.74,"6,01,550","4,07,46,932.80","6,522","2,31,223",38.44
JMFINANCIL,EQ,16-02-2022,68.7,69.95,71.5,68.8,69.05,69.35,70.37,"8,02,304","5,64,56,756.10","6,104","2,20,488",27.48
JMFINANCIL,EQ,17-02-2022,69.35,69.35,70.25,68.25,68.45,68.5,69.1,"3,39,632","2,34,70,016.50","3,965","1,75,457",51.66
JMFINANCIL,EQ,18-02-2022,68.5,67.85,68.9,67.55,68.4,67.9,68.11,"3,33,415","2,27,09,000.90","2,373","1,78,881",53.65
JMFINANCIL,EQ,21-02-2022,67.9,68.8,68.8,66.3,66.3,66.8,67.23,"4,38,766","2,94,96,890.40","3,802","2,65,414",60.49
JMFINANCIL,EQ,22-02-2022,66.8,65.0,65.75,63.05,64.7,64.3,64.83,"8,13,758","5,27,54,780.05","9,429","4,53,202",55.69
JMFINANCIL,EQ,23-02-2022,64.3,64.95,65.9,63.5,65.05,64.9,64.64,"8,50,184","5,49,53,043.05","8,692","4,35,080",51.17
JMFINANCIL,EQ,24-02-2022,64.9,62.5,63.15,60.2,61.45,61.25,61.62,"11,62,094","7,16,11,959.80","12,681","7,02,350",60.44
JMFINANCIL,EQ,25-02-2022,61.25,62.75,70.4,62.35,68.4,69.2,66.85,"20,92,248","13,98,68,512.85","13,209","8,47,471",40.51
JMFINANCIL,EQ,28-02-2022,69.2,68.45,69.0,64.25,67.9,68.1,66.1,"28,86,179","19,07,72,011.80","24,139","14,47,619",50.16
JMFINANCIL,EQ,02-03-2022,68.1,65.0,67.55,65.0,65.8,65.95,66.18,"7,92,358","5,24,36,277.40","6,978","3,76,915",47.57
JMFINANCIL,EQ,03-03-2022,65.95,66.3,67.5,65.0,65.25,65.2,65.93,"4,85,991","3,20,42,014.25","4,372","2,44,383",50.29
JMFINANCIL,EQ,04-03-2022,65.2,64.0,64.9,63.65,64.0,63.95,64.14,"4,18,879","2,68,68,604.50","3,703","2,42,665",57.93
JMFINANCIL,EQ,07-03-2022,63.95,62.95,62.95,60.15,61.5,61.8,61.47,"7,10,871","4,36,96,840.75","8,874","3,89,366",54.77
JMFINANCIL,EQ,08-03-2022,61.8,61.2,63.25,61.2,61.6,61.6,61.78,"6,81,669","4,21,13,808.15","5,062","4,25,179",62.37
JMFINANCIL,EQ,09-03-2022,61.6,62.5,63.85,62.15,63.25,63.25,63.12,"5,69,539","3,59,51,474.15","4,594","2,90,026",50.92
JMFINANCIL,EQ,10-03-2022,63.25,64.7,65.25,62.5,65.0,65.0,64.58,"6,89,312","4,45,12,917.85","4,382","3,81,385",55.33
JMFINANCIL,EQ,11-03-2022,65.0,65.7,67.25,64.25,66.5,66.6,65.83,"8,55,453","5,63,17,181.70","6,038","4,12,232",48.19
JMFINANCIL,EQ,14-03-2022,66.6,66.6,67.3,65.1,65.3,65.25,65.62,"9,42,674","6,18,61,813.95","4,554","6,92,973",73.51
JMFINANCIL,EQ,15-03-2022,65.25,66.0,66.15,64.45,64.7,64.6,65.27,"7,14,846","4,66,60,877.10","4,803","4,33,317",60.62
JMFINANCIL,EQ,16-03-2022,64.6,65.05,65.8,64.6,65.55,65.5,65.26,"7,35,798","4,80,20,767.65","4,444","4,84,974",65.91
JMFINANCIL,EQ,17-03-2022,65.5,66.3,68.1,65.9,67.9,67.8,67.05,"58,53,675","39,24,62,249.90","7,298","50,88,183",86.92
JMFINANCIL,EQ,21-03-2022,67.8,68.2,69.0,66.5,66.6,66.7,67.52,"6,72,277","4,53,91,434.90","5,070","3,61,002",53.70
JMFINANCIL,EQ,22-03-2022,66.7,67.2,67.8,65.1,66.9,66.65,65.93,"12,79,548","8,43,60,385.20","4,628","9,35,676",73.13
JMFINANCIL,EQ,23-03-2022,66.65,67.0,67.55,66.25,66.6,66.5,66.8,"5,45,140","3,64,14,819.85","4,116","3,06,096",56.15
JMFINANCIL,EQ,24-03-2022,66.5,66.5,68.75,65.55,65.9,66.1,67.08,"10,67,099","7,15,81,956.10","8,812","4,96,598",46.54
JMFINANCIL,EQ,25-03-2022,66.1,66.3,71.85,66.3,69.4,69.75,69.69,"30,29,836","21,11,43,985.00","23,389","10,20,082",33.67
JMFINANCIL,EQ,28-03-2022,69.75,69.5,69.5,66.7,66.95,67.0,68.04,"10,91,169","7,42,41,684.55","6,187","5,95,263",54.55
JMFINANCIL,EQ,29-03-2022,67.0,67.5,67.9,65.1,65.75,65.7,66.56,"8,98,704","5,98,16,791.05","4,773","4,93,085",54.87
JMFINANCIL,EQ,30-03-2022,65.7,66.45,67.45,64.6,65.05,65.15,66.28,"8,32,280","5,51,66,928.50","5,366","4,71,889",56.70
JMFINANCIL,EQ,31-03-2022,65.15,65.15,68.35,64.8,67.7,67.6,66.73,"23,83,814","15,90,60,111.10","11,691","8,08,528",33.92
JMFINANCIL,EQ,01-04-2022,67.6,68.0,69.7,67.65,68.6,68.3,68.68,"8,28,361","5,68,95,475.80","6,361","3,53,243",42.64
JMFINANCIL,EQ,04-04-2022,68.3,68.85,71.35,68.7,69.85,70.15,70.25,"13,96,014","9,80,69,271.20","8,664","5,53,575",39.65
JMFINANCIL,EQ,05-04-2022,70.15,70.6,73.6,70.2,72.15,72.05,72.37,"15,66,560","11,33,65,823.90","8,424","6,68,962",42.70
JMFINANCIL,EQ,06-04-2022,72.05,72.6,72.65,70.2,70.75,70.5,71.18,"10,56,401","7,51,90,596.60","5,369","5,27,110",49.90
JMFINANCIL,EQ,07-04-2022,70.5,70.85,71.35,69.8,70.3,70.45,70.51,"13,33,218","9,39,98,573.30","8,167","8,73,670",65.53
JMFINANCIL,EQ,08-04-2022,70.45,70.9,70.95,70.05,70.6,70.4,70.57,"6,47,088","4,56,61,871.50","6,752","3,74,798",57.92
JMFINANCIL,EQ,11-04-2022,70.4,70.8,70.8,70.0,70.2,70.2,70.42,"5,16,771","3,63,92,268.15","2,528","3,03,039",58.64
JMFINANCIL,EQ,12-04-2022,70.2,70.0,70.25,68.6,69.3,69.2,69.31,"5,88,898","4,08,17,128.15","4,208","3,35,359",56.95
JMFINANCIL,EQ,13-04-2022,69.2,69.75,75.3,69.7,70.8,71.0,71.84,"62,19,802","44,68,49,821.50","23,382","28,92,680",46.51
JMFINANCIL,EQ,18-04-2022,71.0,71.4,71.7,70.25,71.15,70.9,71.01,"9,83,685","6,98,49,226.10","6,633","3,54,527",36.04
JMFINANCIL,EQ,19-04-2022,70.9,71.0,72.4,69.05,69.05,69.95,71.07,"8,36,026","5,94,19,997.35","5,747","4,27,816",51.17
JMFINANCIL,EQ,20-04-2022,69.95,70.2,71.2,68.95,69.65,69.35,70.25,"6,34,959","4,46,03,157.90","4,850","2,89,389",45.58
JMFINANCIL,EQ,21-04-2022,69.35,70.3,72.4,70.25,71.55,71.4,71.55,"10,05,761","7,19,61,435.20","5,919","4,45,941",44.34
JMFINANCIL,EQ,22-04-2022,71.4,70.95,72.1,70.5,70.65,70.95,71.3,"8,90,227","6,34,76,227.95","8,032","3,75,964",42.23
JMFINANCIL,EQ,25-04-2022,70.95,70.0,70.0,68.6,69.3,69.1,69.09,"5,10,440","3,52,64,090.40","5,111","2,57,152",50.38
JMFINANCIL,EQ,26-04-2022,69.1,70.0,70.35,68.3,68.95,68.7,69.16,"4,18,279","2,89,28,159.45","3,646","2,14,206",51.21
JMFINANCIL,EQ,27-04-2022,68.7,68.55,69.3,67.8,68.35,68.2,68.32,"4,79,383","3,27,51,243.80","3,509","2,56,187",53.44
JMFINANCIL,EQ,28-04-2022,68.2,68.95,78.35,68.35,75.85,75.65,75.43,"1,87,25,573","1,41,23,91,818.75","63,854","43,55,769",23.26
JMFINANCIL,EQ,29-04-2022,75.65,75.65,80.0,74.35,76.75,76.85,77.57,"98,66,231","76,53,61,329.95","38,655","19,26,141",19.52
JMFINANCIL,EQ,02-05-2022,76.85,75.4,76.55,70.75,71.0,71.6,73.42,"34,52,936","25,35,18,445.25","13,688","13,02,621",37.73
JMFINANCIL,EQ,04-05-2022,71.6,71.55,73.6,66.5,68.1,67.5,70.47,"46,36,475","32,67,37,093.55","24,689","13,90,974",30.00
JMFINANCIL,EQ,05-05-2022,67.5,68.9,70.9,67.85,69.0,68.75,68.79,"21,11,404","14,52,49,871.90","8,210","6,27,000",29.70
JMFINANCIL,EQ,06-05-2022,68.75,67.0,68.5,65.75,68.0,67.25,66.71,"13,80,972","9,21,21,281.25","7,568","4,20,823",30.47
JMFINANCIL,EQ,09-05-2022,67.25,68.0,68.4,65.75,66.35,66.65,66.56,"8,90,674","5,92,80,724.65","5,808","2,94,977",33.12
JMFINANCIL,EQ,10-05-2022,66.65,66.85,67.75,65.1,65.4,65.55,66.5,"7,78,395","5,17,59,724.90","4,747","3,42,134",43.95
JMFINANCIL,EQ,11-05-2022,65.55,66.1,66.25,63.0,63.55,63.85,64.37,"9,78,487","6,29,87,065.15","6,756","4,43,104",45.28
JMFINANCIL,EQ,12-05-2022,63.85,63.35,63.95,62.0,63.2,62.75,62.65,"6,24,263","3,91,07,588.35","5,872","2,35,139",37.67
JMFINANCIL,EQ,13-05-2022,62.75,63.6,66.2,62.4,62.8,62.9,64.24,"8,09,498","5,20,01,650.35","6,962","2,74,266",33.88
JMFINANCIL,EQ,16-05-2022,62.9,63.9,65.85,62.25,65.8,65.2,64.19,"8,45,883","5,42,97,031.10","7,038","2,46,507",29.14
JMFINANCIL,EQ,17-05-2022,65.2,65.1,67.0,65.05,66.6,66.45,66.34,"6,10,987","4,05,35,347.30","6,027","2,88,604",47.24
JMFINANCIL,EQ,18-05-2022,66.45,67.2,67.5,65.7,66.7,66.4,66.7,"4,57,310","3,05,02,009.05","4,703","2,34,461",51.27
JMFINANCIL,EQ,19-05-2022,66.4,64.15,67.0,63.8,65.5,65.8,65.84,"10,10,562","6,65,31,981.45","8,650","3,85,784",38.18
JMFINANCIL,EQ,20-05-2022,65.8,66.4,68.0,66.2,67.55,67.55,67.16,"5,67,992","3,81,48,604.15","6,003","2,65,743",46.79
JMFINANCIL,EQ,23-05-2022,67.55,67.8,68.3,65.65,66.2,65.95,67.06,"4,49,336","3,01,34,552.20","3,522","2,01,322",44.80
JMFINANCIL,EQ,24-05-2022,65.95,66.25,66.75,64.45,64.6,64.6,65.17,"3,78,610","2,46,72,707.80","3,542","1,77,688",46.93
JMFINANCIL,EQ,25-05-2022,64.6,64.0,64.05,61.0,61.1,61.35,62.13,"9,69,938","6,02,57,931.25","7,357","4,25,725",43.89
JMFINANCIL,EQ,26-05-2022,61.35,62.4,62.65,57.15,60.65,60.95,60.17,"10,14,006","6,10,14,962.90","8,406","3,92,491",38.71
JMFINANCIL,EQ,27-05-2022,60.95,62.0,62.3,61.2,61.6,61.7,61.67,"4,37,979","2,70,08,057.10","3,196","1,23,303",28.15
JMFINANCIL,EQ,30-05-2022,61.7,63.0,63.75,62.35,63.3,63.15,62.93,"4,57,634","2,87,97,541.35","3,468","1,70,223",37.20
JMFINANCIL,EQ,31-05-2022,63.15,63.4,66.4,63.0,65.6,65.55,64.85,"9,06,696","5,87,95,415.95","6,209","6,23,140",68.73
JMFINANCIL,EQ,01-06-2022,65.55,65.6,66.55,64.2,64.7,64.6,65.37,"3,07,486","2,01,01,378.85","4,510","1,24,252",40.41
JMFINANCIL,EQ,02-06-2022,64.6,64.2,65.45,64.2,64.9,64.9,64.95,"3,49,995","2,27,33,160.25","4,296","1,59,724",45.64
JMFINANCIL,EQ,03-06-2022,64.9,65.8,66.2,63.1,63.8,63.7,64.71,"2,59,780","1,68,09,259.00","2,993","1,16,278",44.76
JMFINANCIL,EQ,06-06-2022,63.7,64.0,64.65,62.75,64.45,64.2,63.77,"2,17,126","1,38,45,540.90","3,278","70,127",32.30
JMFINANCIL,EQ,07-06-2022,64.2,64.0,64.35,63.0,63.25,63.35,63.48,"1,37,371","87,20,773.35","2,029","57,584",41.92
JMFINANCIL,EQ,08-06-2022,63.35,62.65,64.2,62.65,63.0,63.0,63.24,"2,54,778","1,61,12,618.30","3,255","90,303",35.44
JMFINANCIL,EQ,09-06-2022,63.0,62.75,63.95,62.75,63.8,63.5,63.2,"1,72,321","1,08,91,228.05","1,776","77,744",45.12
JMFINANCIL,EQ,10-06-2022,63.5,63.1,63.5,62.6,63.05,63.15,63.14,"2,44,047","1,54,08,899.00","6,144","1,48,696",60.93
JMFINANCIL,EQ,13-06-2022,63.15,62.4,62.55,60.5,61.0,61.05,61.42,"3,02,042","1,85,51,278.00","3,327","1,63,180",54.03
JMFINANCIL,EQ,14-06-2022,61.05,60.9,61.85,60.5,60.95,61.05,61.08,"2,02,806","1,23,88,263.30","2,735","90,154",44.45
JMFINANCIL,EQ,15-06-2022,61.05,61.55,61.55,60.8,60.85,61.05,61.03,"1,82,935","1,11,65,103.10","1,988","88,123",48.17
JMFINANCIL,EQ,16-06-2022,61.05,61.85,61.85,57.4,57.85,58.2,59.46,"3,65,828","2,17,53,201.90","3,911","2,00,300",54.75
JMFINANCIL,EQ,17-06-2022,58.2,58.4,59.3,57.1,58.1,57.85,58.23,"3,49,472","2,03,50,448.40","4,222","1,57,525",45.08
JMFINANCIL,EQ,20-06-2022,57.85,58.0,59.3,57.25,57.8,58.8,58.1,"5,36,843","3,11,92,172.15","4,062","3,09,717",57.69
JMFINANCIL,EQ,21-06-2022,58.8,59.1,60.35,58.2,59.2,59.4,59.29,"4,28,363","2,53,95,683.60","6,625","2,13,385",49.81
JMFINANCIL,EQ,22-06-2022,59.4,59.0,59.5,58.3,58.4,58.5,58.68,"3,32,729","1,95,25,136.30","5,122","1,56,835",47.14
JMFINANCIL,EQ,23-06-2022,58.5,58.6,59.65,58.1,59.5,59.4,58.95,"3,47,759","2,04,98,993.90","5,338","1,95,075",56.09
JMFINANCIL,EQ,24-06-2022,59.4,60.3,60.55,59.1,59.25,59.4,59.73,"3,31,168","1,97,80,755.10","3,903","2,14,886",64.89
JMFINANCIL,EQ,27-06-2022,59.4,59.75,60.4,59.75,59.95,60.0,60.08,"2,20,013","1,32,17,324.65","1,946","1,61,581",73.44
JMFINANCIL,EQ,28-06-2022,60.0,58.7,60.5,58.7,60.0,60.15,59.81,"1,44,124","86,20,079.75","1,831","63,797",44.27
JMFINANCIL,EQ,29-06-2022,60.15,58.7,62.9,58.7,61.1,61.0,60.22,"2,21,047","1,33,12,287.60","2,251","99,522",45.02
JMFINANCIL,EQ,30-06-2022,61.0,60.5,62.0,60.5,61.4,60.95,61.22,"2,22,855","1,36,43,455.70","3,043","99,459",44.63
JMFINANCIL,EQ,01-07-2022,60.95,61.5,61.5,59.5,59.65,59.7,60.3,"3,68,055","2,21,93,844.80","5,035","1,57,973",42.92
JMFINANCIL,EQ,04-07-2022,59.7,60.5,61.4,59.8,61.3,61.1,60.76,"2,58,496","1,57,05,383.75","2,936","1,41,087",54.58
JMFINANCIL,EQ,05-07-2022,61.1,61.55,62.7,61.3,61.75,61.5,62.05,"2,28,553","1,41,82,154.65","2,749","1,22,450",53.58
JMFINANCIL,EQ,06-07-2022,61.5,61.95,62.05,60.6,61.5,61.5,61.31,"2,03,616","1,24,83,207.45","2,354","95,831",47.06
JMFINANCIL,EQ,07-07-2022,61.5,60.8,62.75,60.7,62.2,61.95,61.71,"2,33,948","1,44,36,947.20","3,110","1,12,244",47.98
JMFINANCIL,EQ,08-07-2022,61.95,62.1,62.25,61.1,61.85,61.55,61.64,"1,65,480","1,01,99,414.35","1,705","89,607",54.15
JMFINANCIL,EQ,11-07-2022,61.55,61.55,67.0,60.9,64.15,64.05,63.74,"8,70,038","5,54,56,318.50","8,122","3,28,047",37.70
JMFINANCIL,EQ,12-07-2022,64.05,64.4,64.7,62.6,62.85,63.05,63.52,"2,79,511","1,77,54,121.65","2,916","1,36,664",48.89
JMFINANCIL,EQ,13-07-2022,63.05,63.45,63.65,62.1,62.7,62.35,62.69,"1,36,203","85,37,940.30","1,701","62,262",45.71
JMFINANCIL,EQ,14-07-2022,62.35,62.35,62.75,61.6,62.2,62.2,62.12,"1,10,327","68,53,510.15","3,231","50,489",45.76
JMFINANCIL,EQ,15-07-2022,62.2,62.75,62.75,61.5,62.1,62.15,62.07,"1,75,560","1,08,96,607.85","1,917","1,01,062",57.57
JMFINANCIL,EQ,18-07-2022,62.15,62.5,63.6,61.65,62.25,62.7,62.87,"2,38,329","1,49,84,575.70","2,438","1,38,934",58.30
JMFINANCIL,EQ,19-07-2022,62.7,62.25,62.75,61.75,61.9,62.0,62.13,"4,37,258","2,71,66,999.45","5,459","2,74,725",62.83
JMFINANCIL,EQ,20-07-2022,62.0,62.85,63.0,61.9,62.1,62.05,62.35,"6,07,189","3,78,56,981.75","4,610","4,24,745",69.95
JMFINANCIL,EQ,21-07-2022,62.05,62.35,64.9,62.05,64.45,64.35,64.0,"7,12,308","4,55,85,138.00","5,882","3,18,276",44.68
JMFINANCIL,EQ,22-07-2022,64.35,64.45,66.5,63.6,64.7,64.95,65.2,"6,62,776","4,32,10,241.15","5,076","2,92,485",44.13
JMFINANCIL,EQ,25-07-2022,64.95,65.55,65.55,62.55,64.9,63.55,64.04,"3,55,580","2,27,69,764.15","3,760","2,04,610",57.54
JMFINANCIL,EQ,26-07-2022,63.55,63.1,65.3,62.8,63.1,63.15,63.82,"4,69,525","2,99,65,179.40","3,890","2,34,388",49.92
JMFINANCIL,EQ,27-07-2022,63.15,63.3,63.85,62.35,62.75,62.8,62.94,"2,80,813","1,76,73,821.20","2,187","1,69,822",60.48
JMFINANCIL,EQ,28-07-2022,62.8,63.2,63.9,62.75,63.1,63.1,63.27,"3,88,039","2,45,49,654.05","3,098","2,38,965",61.58
JMFINANCIL,EQ,29-07-2022,63.1,63.6,64.5,63.1,63.65,63.6,63.75,"4,80,384","3,06,22,767.30","4,978","2,92,029",60.79
JMFINANCIL,EQ,01-08-2022,63.6,63.95,65.7,63.7,64.35,64.5,64.68,"7,51,676","4,86,17,332.15","6,226","4,27,484",56.87
JMFINANCIL,EQ,02-08-2022,64.5,64.8,66.4,63.2,65.55,65.7,65.49,"5,64,993","3,69,99,215.85","4,900","2,93,637",51.97
JMFINANCIL,EQ,03-08-2022,65.7,63.4,64.4,62.1,62.5,62.65,63.2,"10,20,502","6,44,96,469.05","5,746","6,30,046",61.74
JMFINANCIL,EQ,04-08-2022,62.65,63.3,63.3,61.25,61.45,61.45,61.89,"8,24,424","5,10,26,356.55","5,479","5,57,287",67.60
JMFINANCIL,EQ,05-08-2022,61.45,62.0,62.5,61.0,61.4,61.35,61.9,"5,81,041","3,59,64,289.05","4,434","3,48,578",59.99
JMFINANCIL,EQ,08-08-2022,61.35,61.85,62.05,61.3,61.75,61.55,61.61,"4,24,723","2,61,67,499.45","2,710","2,67,394",62.96
JMFINANCIL,EQ,10-08-2022,61.55,62.7,63.7,62.05,62.9,62.95,63.03,"8,78,135","5,53,52,681.00","6,193","4,14,020",47.15
JMFINANCIL,EQ,11-08-2022,62.95,64.0,64.0,63.2,63.8,63.75,63.7,"3,25,099","2,07,09,976.60","2,962","2,05,810",63.31
JMFINANCIL,EQ,12-08-2022,63.75,63.8,67.3,62.85,65.45,65.7,65.55,"17,17,392","11,25,82,798.20","10,173","7,56,514",44.05
JMFINANCIL,EQ,16-08-2022,65.7,66.1,66.1,64.7,65.1,64.95,65.06,"3,62,081","2,35,58,167.80","2,715","2,07,093",57.20
JMFINANCIL,EQ,17-08-2022,64.95,65.1,66.7,65.1,65.65,65.7,65.88,"5,52,115","3,63,70,981.15","3,704","2,96,460",53.70
JMFINANCIL,EQ,18-08-2022,65.7,65.65,68.5,65.4,66.7,66.7,67.57,"13,95,999","9,43,21,335.50","8,566","6,24,625",44.74
JMFINANCIL,EQ,19-08-2022,66.7,66.6,66.85,65.2,65.5,65.45,65.98,"2,98,403","1,96,87,598.65","3,489","1,81,274",60.75
JMFINANCIL,EQ,22-08-2022,65.45,65.7,66.2,63.2,63.25,63.3,63.98,"6,83,523","4,37,29,223.10","5,929","3,73,763",54.68
JMFINANCIL,EQ,23-08-2022,63.3,62.55,64.4,62.55,64.3,63.9,63.84,"4,00,283","2,55,53,882.50","3,036","1,87,860",46.93
JMFINANCIL,EQ,24-08-2022,63.9,64.3,66.1,64.1,64.9,64.45,64.79,"5,65,216","3,66,20,214.40","3,275","3,40,037",60.16
JMFINANCIL,EQ,25-08-2022,64.45,65.8,65.8,64.65,64.85,65.05,65.28,"9,40,576","6,13,99,886.25","3,938","5,90,263",62.76
JMFINANCIL,EQ,26-08-2022,65.05,65.45,65.8,64.4,64.55,64.6,65.21,"8,28,869","5,40,54,389.40","3,398","5,76,075",69.50
JMFINANCIL,EQ,29-08-2022,64.6,61.5,65.4,61.5,63.8,63.65,64.19,"9,18,599","5,89,65,190.10","5,719","3,79,373",41.30
JMFINANCIL,EQ,30-08-2022,63.65,64.15,65.25,63.75,64.0,64.0,64.19,"8,05,100","5,16,75,427.75","3,489","5,36,562",66.65
JMFINANCIL,EQ,01-09-2022,64.0,63.5,64.9,63.5,64.0,63.9,64.24,"4,76,517","3,06,10,028.65","3,007","2,81,449",59.06
JMFINANCIL,EQ,02-09-2022,63.9,64.3,65.0,63.55,63.9,63.9,64.33,"4,12,495","2,65,33,764.80","2,653","2,37,321",57.53
JMFINANCIL,EQ,05-09-2022,63.9,64.0,65.8,63.5,65.0,65.05,64.85,"8,65,215","5,61,06,255.50","4,529","3,65,284",42.22
JMFINANCIL,EQ,06-09-2022,65.05,65.1,65.95,63.9,63.95,64.1,64.84,"6,95,779","4,51,16,717.90","4,365","4,55,740",65.50
JMFINANCIL,EQ,07-09-2022,64.1,63.7,65.75,63.4,64.0,64.05,64.45,"16,74,096","10,78,96,891.05","7,977","8,33,568",49.79
JMFINANCIL,EQ,08-09-2022,64.05,64.9,65.65,64.5,64.95,64.95,64.99,"12,04,643","7,82,93,957.05","3,467","7,41,269",61.53
JMFINANCIL,EQ,09-09-2022,64.95,65.35,66.4,65.05,65.5,65.25,65.85,"15,47,454","10,19,00,653.65","5,908","6,87,159",44.41
JMFINANCIL,EQ,12-09-2022,65.25,65.1,68.2,64.95,67.0,66.9,66.93,"26,88,080","17,99,10,553.50","10,058","9,65,709",35.93
JMFINANCIL,EQ,13-09-2022,66.9,67.05,67.6,66.4,66.5,66.6,67.17,"12,97,774","8,71,68,401.40","8,339","7,59,074",58.49
JMFINANCIL,EQ,14-09-2022,66.6,65.9,66.0,64.55,65.0,64.8,65.11,"19,96,734","13,00,06,227.05","10,436","11,77,301",58.96
JMFINANCIL,EQ,15-09-2022,64.8,65.0,69.6,65.0,67.85,67.9,68.38,"58,26,021","39,83,96,424.40","22,228","19,82,138",34.02
JMFINANCIL,EQ,16-09-2022,67.9,68.0,70.8,65.05,67.0,66.85,68.86,"50,72,375","34,92,65,618.50","17,772","20,08,986",39.61
JMFINANCIL,EQ,19-09-2022,66.85,67.2,68.85,67.0,67.55,67.6,67.99,"11,15,103","7,58,14,900.40","6,085","5,30,584",47.58
JMFINANCIL,EQ,20-09-2022,67.6,67.85,70.5,67.8,69.3,69.3,69.74,"20,11,432","14,02,71,361.20","7,584","7,60,696",37.82
JMFINANCIL,EQ,21-09-2022,69.3,69.95,69.95,66.15,67.5,67.5,68.02,"11,22,208","7,63,36,442.00","6,477","5,33,482",47.54
JMFINANCIL,EQ,22-09-2022,67.5,67.5,72.1,67.5,71.0,71.45,70.39,"41,73,005","29,37,25,845.00","16,163","18,23,450",43.70
JMFINANCIL,EQ,23-09-2022,71.45,71.55,76.4,71.55,75.0,75.05,74.62,"1,14,91,530","85,75,41,589.50","37,979","44,47,000",38.70
JMFINANCIL,EQ,26-09-2022,75.05,75.0,76.5,71.6,75.0,75.15,74.06,"44,94,398","33,28,54,608.10","18,797","16,15,824",35.95
JMFINANCIL,EQ,27-09-2022,75.15,75.3,76.5,74.2,75.1,75.05,75.13,"28,14,492","21,14,64,849.70","9,189","12,70,296",45.13
JMFINANCIL,EQ,28-09-2022,75.05,74.0,76.1,73.1,74.0,73.9,74.34,"16,97,021","12,61,56,352.75","4,743","11,08,190",65.30
JMFINANCIL,EQ,29-09-2022,73.9,74.8,75.95,71.6,72.95,72.95,73.05,"13,62,597","9,95,36,461.50","6,741","4,72,383",34.67
JMFINANCIL,EQ,30-09-2022,72.95,72.15,75.7,71.6,75.1,75.25,74.53,"12,92,988","9,63,67,626.35","5,576","5,21,247",40.31
JMFINANCIL,EQ,03-10-2022,75.25,75.25,75.25,71.1,71.5,71.4,72.64,"14,51,834","10,54,65,600.60","8,338","6,82,105",46.98
JMFINANCIL,BL,03-10-2022,78.75,75.25,75.25,75.25,75.25,75.25,75.25,"14,90,848","11,21,86,312.00",1,-,-
JMFINANCIL,EQ,04-10-2022,71.4,72.3,73.5,71.0,71.5,71.75,72.19,"10,65,372","7,69,12,980.60","5,803","4,58,221",43.01
JMFINANCIL,EQ,06-10-2022,71.75,74.6,74.6,71.2,71.9,71.8,72.24,"9,69,967","7,00,72,845.50","4,646","3,19,310",32.92
JMFINANCIL,EQ,07-10-2022,71.8,71.8,72.2,70.2,70.6,70.6,70.91,"6,33,019","4,48,88,646.75","3,571","3,17,037",50.08
JMFINANCIL,EQ,10-10-2022,70.6,70.0,70.2,68.4,69.65,68.95,69.17,"7,50,393","5,19,07,187.25","4,662","3,57,387",47.63
JMFINANCIL,EQ,11-10-2022,68.95,69.4,71.5,67.2,67.6,67.7,69.95,"15,24,834","10,66,56,858.90","8,844","3,92,631",25.75
JMFINANCIL,EQ,12-10-2022,67.7,68.0,68.8,67.25,67.85,67.6,67.94,"5,45,049","3,70,27,974.85","3,312","2,64,782",48.58
JMFINANCIL,EQ,13-10-2022,67.6,67.7,68.35,66.8,67.0,66.95,67.31,"4,08,035","2,74,65,387.00","6,804","2,11,507",51.84
JMFINANCIL,EQ,14-10-2022,66.95,69.0,69.65,67.55,68.2,68.45,68.66,"23,50,766","16,14,09,636.00","15,276","10,58,045",45.01
JMFINANCIL,EQ,17-10-2022,68.45,68.45,69.0,67.65,68.4,68.65,68.36,"4,38,802","2,99,94,811.20","4,163","2,17,710",49.61
JMFINANCIL,EQ,18-10-2022,68.65,69.2,69.95,68.0,68.75,68.45,68.52,"6,57,331","4,50,37,423.60","4,620","2,80,891",42.73
JMFINANCIL,EQ,19-10-2022,68.45,68.7,71.0,68.15,68.4,68.95,69.71,"10,31,148","7,18,77,147.05","6,548","4,74,520",46.02
JMFINANCIL,EQ,20-10-2022,68.95,68.6,68.95,67.15,68.4,68.2,67.7,"7,44,478","5,04,00,791.80","5,064","3,36,110",45.15
JMFINANCIL,EQ,21-10-2022,68.2,68.55,69.35,66.5,67.5,67.05,67.67,"6,63,477","4,48,94,701.20","4,398","2,19,815",33.13
JMFINANCIL,EQ,24-10-2022,67.05,68.1,69.9,67.2,69.25,69.1,68.7,"2,47,141","1,69,77,745.80","1,963","1,78,793",72.34
JMFINANCIL,EQ,25-10-2022,69.1,69.45,71.25,68.1,70.6,70.45,69.82,"9,60,653","6,70,75,376.10","5,098","3,80,298",39.59
JMFINANCIL,EQ,27-10-2022,70.45,70.45,71.0,69.2,69.35,69.5,70.04,"13,60,379","9,52,86,450.95","7,587","8,13,194",59.78
JMFINANCIL,EQ,28-10-2022,69.5,69.85,70.1,68.3,68.95,68.85,68.86,"7,01,658","4,83,16,333.35","4,243","3,98,368",56.78
JMFINANCIL,EQ,31-10-2022,68.85,69.1,70.15,68.05,68.6,68.45,68.95,"3,97,899","2,74,35,061.55","4,091","2,06,869",51.99
JMFINANCIL,EQ,01-11-2022,68.45,70.0,71.5,68.6,68.95,69.1,70.19,"15,98,222","11,21,72,894.15","9,232","5,42,835",33.96
JMFINANCIL,EQ,02-11-2022,69.1,69.45,69.8,68.15,68.35,68.4,68.71,"3,83,292","2,63,37,804.55","2,758","1,65,685",43.23
JMFINANCIL,EQ,03-11-2022,68.4,68.3,70.4,68.05,69.95,69.6,69.09,"6,55,321","4,52,76,596.40","4,097","2,91,509",44.48
JMFINANCIL,EQ,04-11-2022,69.6,70.8,71.85,69.3,69.95,69.95,70.45,"22,06,209","15,54,26,124.30","7,461","11,88,999",53.89
JMFINANCIL,EQ,07-11-2022,69.95,70.3,78.0,70.25,77.95,77.2,75.62,"93,48,300","70,69,14,792.65","32,996","35,32,576",37.79
JMFINANCIL,EQ,09-11-2022,77.2,78.15,78.3,73.55,74.65,74.25,75.46,"19,60,473","14,79,33,694.15","11,916","7,06,722",36.05
JMFINANCIL,EQ,10-11-2022,74.25,74.0,76.0,71.7,72.7,72.95,73.83,"12,82,809","9,47,15,807.90","9,171","4,37,996",34.14
JMFINANCIL,EQ,11-11-2022,72.95,73.1,75.5,71.75,73.15,73.35,73.45,"15,08,926","11,08,34,150.25","11,052","5,99,005",39.70
JMFINANCIL,EQ,14-11-2022,73.35,73.75,74.9,72.05,74.5,73.8,73.65,"13,16,040","9,69,28,653.35","10,719","6,24,704",47.47
JMFINANCIL,EQ,15-11-2022,73.8,74.0,74.2,71.1,71.9,71.75,72.26,"9,66,247","6,98,16,194.75","6,250","5,01,614",51.91
JMFINANCIL,EQ,16-11-2022,71.75,71.5,72.9,71.5,72.2,72.45,72.22,"6,62,060","4,78,11,763.85","4,096","3,67,742",55.55
JMFINANCIL,EQ,17-11-2022,72.45,72.2,72.2,70.2,70.9,70.6,71.0,"6,35,364","4,51,12,255.50","3,520","3,91,244",61.58
JMFINANCIL,EQ,18-11-2022,70.6,71.0,73.25,70.5,72.5,72.4,71.95,"9,90,654","7,12,81,741.55","7,268","4,22,939",42.69
JMFINANCIL,EQ,21-11-2022,72.4,72.4,73.1,70.7,70.95,70.85,71.64,"7,17,070","5,13,72,609.55","4,958","3,66,397",51.10
JMFINANCIL,EQ,22-11-2022,70.85,71.1,72.0,70.5,71.45,71.45,71.28,"4,22,291","3,00,99,520.80","3,516","1,93,797",45.89
JMFINANCIL,EQ,23-11-2022,71.45,71.8,71.85,70.7,71.3,71.15,71.34,"8,90,953","6,35,57,383.65","4,529","4,78,820",53.74
JMFINANCIL,EQ,24-11-2022,71.15,70.85,71.7,70.5,71.0,71.1,71.14,"6,84,754","4,87,13,818.00","3,722","4,23,932",61.91
JMFINANCIL,EQ,25-11-2022,71.1,71.3,75.25,70.85,73.45,73.55,73.32,"64,29,630","47,14,37,647.60","23,424","28,01,796",43.58
JMFINANCIL,EQ,28-11-2022,73.55,73.5,77.45,73.5,75.45,75.75,75.62,"42,08,098","31,82,11,496.75","18,588","20,30,365",48.25
JMFINANCIL,EQ,29-11-2022,75.75,76.0,76.6,74.25,74.7,74.75,75.59,"22,36,022","16,90,18,531.25","14,552","12,17,682",54.46
JMFINANCIL,EQ,30-11-2022,74.75,74.75,76.15,74.05,74.3,74.35,74.82,"19,03,653","14,24,29,554.65","9,473","9,04,714",47.53
JMFINANCIL,EQ,01-12-2022,74.35,75.0,77.5,74.15,75.95,75.95,76.06,"35,66,328","27,12,56,437.15","12,427","21,39,392",59.99
JMFINANCIL,EQ,02-12-2022,75.95,76.2,79.95,75.75,79.5,79.55,78.44,"59,02,227","46,29,45,120.35","21,502","27,18,735",46.06
JMFINANCIL,EQ,05-12-2022,79.55,80.5,84.9,80.1,80.7,80.75,82.16,"1,22,92,400","1,00,99,36,590.25","41,465","43,61,846",35.48
JMFINANCIL,EQ,06-12-2022,80.75,80.5,81.45,79.25,80.7,80.7,80.47,"33,47,653","26,93,73,862.30","14,455","13,94,707",41.66
JMFINANCIL,EQ,07-12-2022,80.7,80.9,81.05,78.3,80.0,79.7,79.81,"24,58,526","19,62,21,255.20","15,252","12,02,131",48.90
JMFINANCIL,EQ,08-12-2022,79.7,80.0,81.2,76.0,78.65,78.5,79.7,"15,97,515","12,73,18,117.85","9,163","7,57,641",47.43
JMFINANCIL,EQ,09-12-2022,78.5,79.15,81.6,76.2,77.8,77.9,79.21,"34,77,123","27,54,15,497.10","16,366","15,75,201",45.30
JMFINANCIL,EQ,12-12-2022,77.9,78.05,79.85,77.2,79.25,79.35,78.75,"14,95,523","11,77,73,603.60","7,545","6,80,092",45.48
JMFINANCIL,EQ,13-12-2022,79.35,79.9,84.2,79.45,81.45,81.65,82.27,"47,89,806","39,40,37,328.05","19,764","20,41,418",42.62
JMFINANCIL,EQ,14-12-2022,81.65,82.2,84.5,80.7,83.5,83.5,83.35,"42,97,090","35,81,66,455.15","16,912","17,39,467",40.48
JMFINANCIL,EQ,15-12-2022,83.5,83.95,84.3,80.45,80.95,81.0,82.48,"19,62,190","16,18,37,232.90","9,111","9,43,742",48.10
JMFINANCIL,EQ,16-12-2022,81.0,80.5,82.5,78.35,82.2,81.85,80.95,"25,10,849","20,32,64,273.25","11,118","9,59,681",38.22
JMFINANCIL,EQ,19-12-2022,81.85,82.0,82.45,80.6,80.7,80.9,81.38,"11,65,922","9,48,77,602.70","8,187","5,32,687",45.69
JMFINANCIL,EQ,20-12-2022,80.9,80.9,81.2,79.2,80.5,80.4,80.03,"12,83,634","10,27,31,942.35","5,618","5,05,170",39.35
JMFINANCIL,EQ,21-12-2022,80.4,80.9,81.9,74.65,75.5,75.8,78.19,"26,77,693","20,93,76,409.25","12,746","11,80,475",44.09
JMFINANCIL,EQ,22-12-2022,75.8,76.55,76.8,72.25,72.7,72.9,73.41,"19,66,513","14,43,54,022.45","10,457","8,90,841",45.30
JMFINANCIL,EQ,23-12-2022,72.9,72.9,72.9,67.2,68.1,67.8,69.72,"20,49,280","14,28,75,166.35","8,645","9,00,745",43.95
JMFINANCIL,EQ,26-12-2022,67.8,68.2,70.3,68.2,70.1,69.9,69.48,"21,72,723","15,09,50,469.35","9,235","9,46,960",43.58
JMFINANCIL,EQ,27-12-2022,69.9,71.15,71.75,69.75,70.75,70.6,70.88,"12,83,303","9,09,56,655.80","5,135","5,62,642",43.84
JMFINANCIL,EQ,28-12-2022,70.6,70.4,72.25,70.1,70.85,71.05,71.43,"9,95,803","7,11,32,706.50","4,255","3,49,002",35.05
JMFINANCIL,EQ,29-12-2022,71.05,71.2,71.2,69.9,70.45,70.2,70.37,"6,24,539","4,39,47,595.40","3,544","2,85,916",45.78
JMFINANCIL,EQ,30-12-2022,70.2,71.0,73.4,71.0,71.75,71.5,72.07,"12,18,773","8,78,30,931.20","5,051","4,55,075",37.34
JMFINANCIL,EQ,02-01-2023,71.5,71.95,74.5,71.35,74.25,74.2,73.27,"13,21,690","9,68,41,325.50","5,323","6,29,018",47.59
JMFINANCIL,EQ,03-01-2023,74.2,74.2,74.9,73.1,73.5,73.35,74.02,"8,89,011","6,58,03,849.50","4,473","3,72,800",41.93
JMFINANCIL,EQ,04-01-2023,73.35,73.8,73.9,70.85,71.5,71.4,71.85,"9,52,816","6,84,64,515.60","5,457","3,63,256",38.12
JMFINANCIL,EQ,05-01-2023,71.4,71.95,73.0,71.0,71.75,71.7,71.88,"5,41,401","3,89,13,377.80","3,630","2,34,918",43.39
JMFINANCIL,EQ,06-01-2023,71.7,71.8,72.3,69.5,70.55,70.45,70.87,"7,68,626","5,44,72,256.30","4,427","3,54,857",46.17
JMFINANCIL,EQ,09-01-2023,70.45,71.0,72.35,70.15,70.9,71.0,71.27,"10,03,720","7,15,32,782.75","6,441","2,57,162",25.62
JMFINANCIL,EQ,10-01-2023,71.0,71.5,72.1,70.0,70.7,70.3,70.73,"5,49,314","3,88,55,240.65","2,785","2,31,431",42.13
JMFINANCIL,EQ,11-01-2023,70.3,70.7,71.3,70.2,70.35,70.4,70.75,"6,92,624","4,90,01,369.40","3,865","2,72,924",39.4
JMFINANCIL,EQ,12-01-2023,70.4,70.8,71.55,70.0,70.45,70.3,70.66,"8,84,259","6,24,83,721.55","3,991","3,88,869",43.98
JMFINANCIL,EQ,13-01-2023,70.3,70.65,71.25,69.85,71.1,70.95,70.5,"6,62,024","4,66,74,891.15","4,160","3,38,303",51.1
JMFINANCIL,EQ,16-01-2023,70.95,71.45,72.55,70.55,70.85,71.0,71.63,"8,50,302","6,09,06,185.00","3,782","3,11,539",36.64
JMFINANCIL,EQ,17-01-2023,71.0,71.05,72.2,70.85,71.3,71.45,71.58,"6,13,334","4,39,01,659.55","3,083","2,67,453",43.61
JMFINANCIL,EQ,18-01-2023,71.45,71.3,73.0,71.3,72.4,72.4,72.43,"8,03,295","5,81,79,814.10","3,898","4,14,771",51.63
JMFINANCIL,EQ,19-01-2023,72.4,72.35,73.15,71.5,72.6,72.55,72.66,"7,44,737","5,41,12,232.00","4,014","4,45,319",59.8
JMFINANCIL,EQ,20-01-2023,72.55,72.7,73.0,71.05,71.65,71.7,72.28,"4,18,452","3,02,44,885.70","1,909","2,36,327",56.48
JMFINANCIL,EQ,23-01-2023,71.7,72.05,72.3,70.0,70.2,70.45,70.95,"7,90,009","5,60,54,860.25","4,745","3,84,787",48.71
JMFINANCIL,EQ,24-01-2023,70.45,70.55,71.0,69.65,69.95,69.85,70.14,"4,14,766","2,90,93,217.05","3,829","1,97,040",47.51
JMFINANCIL,EQ,25-01-2023,69.85,70.0,70.0,66.8,68.1,68.35,68.27,"9,55,614","6,52,39,082.65","8,818","4,33,843",45.4
JMFINANCIL,EQ,27-01-2023,68.35,68.2,68.5,66.45,66.6,66.55,66.93,"11,20,477","7,49,98,035.75","5,296","6,62,813",59.15
JMFINANCIL,EQ,30-01-2023,66.55,66.5,67.3,64.55,65.0,64.95,65.57,"12,35,617","8,10,17,799.30","5,006","7,46,436",60.41
JMFINANCIL,EQ,31-01-2023,64.95,65.3,66.5,64.8,65.05,65.3,65.28,"19,73,906","12,88,63,447.00","7,501","14,01,932",71.02
JMFINANCIL,EQ,01-02-2023,65.3,65.55,68.5,64.35,65.0,65.25,66.21,"36,55,834","24,20,65,080.95","16,295","20,58,944",56.32
JMFINANCIL,EQ,02-02-2023,65.25,64.4,65.55,64.4,64.85,64.85,64.96,"8,79,384","5,71,23,408.20","5,013","4,96,187",56.42
JMFINANCIL,EQ,03-02-2023,64.85,65.4,66.6,64.05,64.95,64.95,64.89,"7,29,373","4,73,31,558.70","3,686","4,19,960",57.58
JMFINANCIL,EQ,06-02-2023,64.95,65.2,66.05,64.15,64.8,64.7,64.95,"8,24,354","5,35,38,494.00","4,945","4,73,137",57.39
JMFINANCIL,EQ,07-02-2023,64.7,64.8,65.05,64.2,64.4,64.55,64.69,"7,88,184","5,09,89,866.85","4,050","4,27,667",54.26
JMFINANCIL,EQ,08-02-2023,64.55,64.2,65.45,64.2,65.45,65.1,65.01,"6,58,311","4,27,95,238.15","4,361","3,95,650",60.1
JMFINANCIL,EQ,09-02-2023,65.1,65.35,65.5,64.55,64.8,64.95,64.86,"4,27,891","2,77,53,999.45","2,643","2,33,213",54.5
JMFINANCIL,EQ,10-02-2023,64.95,65.05,65.3,63.5,64.6,64.95,64.76,"12,51,550","8,10,44,880.55","4,309","9,52,851",76.13
JMFINANCIL,EQ,13-02-2023,64.95,65.6,65.6,63.8,64.05,64.15,64.36,"3,85,732","2,48,23,956.40","2,707","2,39,446",62.08
JMFINANCIL,EQ,14-02-2023,64.15,64.0,64.25,62.55,63.5,63.45,63.34,"6,57,304","4,16,36,143.35","3,991","3,77,622",57.45
JMFINANCIL,EQ,15-02-2023,63.45,63.5,63.6,62.55,63.1,63.05,63.02,"3,88,847","2,45,05,414.35","2,811","2,11,081",54.28
JMFINANCIL,EQ,16-02-2023,63.05,63.05,64.5,63.05,64.4,64.3,63.8,"4,08,668","2,60,74,574.95","3,277","2,26,310",55.38
JMFINANCIL,EQ,17-02-2023,64.3,64.45,64.75,62.9,64.5,64.2,63.87,"5,64,954","3,60,85,438.10","3,415","3,44,601",61.0
JMFINANCIL,EQ,20-02-2023,64.2,64.0,64.7,63.2,64.0,63.85,63.84,"5,79,321","3,69,83,532.75","5,633","3,22,184",55.61
JMFINANCIL,EQ,21-02-2023,63.85,64.0,64.6,63.25,64.0,63.85,64.12,"7,09,566","4,54,94,868.35","7,458","3,62,304",51.06
JMFINANCIL,EQ,22-02-2023,63.85,63.8,65.25,63.25,64.45,64.9,64.57,"12,56,313","8,11,24,630.65","8,570","9,19,926",73.22
JMFINANCIL,EQ,23-02-2023,64.9,65.05,66.05,64.4,65.1,64.95,65.3,"12,90,625","8,42,80,546.10","7,075","9,10,368",70.54
JMFINANCIL,EQ,24-02-2023,64.95,65.0,66.25,64.1,64.85,64.65,65.39,"14,21,609","9,29,51,958.60","9,445","9,76,191",68.67
JMFINANCIL,EQ,27-02-2023,64.65,64.35,65.7,63.8,65.4,64.65,64.33,"6,60,868","4,25,14,719.30","5,972","4,04,054",61.14
JMFINANCIL,EQ,28-02-2023,64.65,64.65,65.65,63.95,65.25,65.3,64.65,"4,11,996","2,66,34,833.95","3,853","2,14,880",52.16
JMFINANCIL,EQ,01-03-2023,65.3,65.3,65.8,64.6,64.8,64.8,64.93,"4,18,448","2,71,67,790.30","2,338","2,80,698",67.08
JMFINANCIL,EQ,02-03-2023,64.8,65.0,65.4,64.5,64.65,64.7,65.03,"1,56,906","1,02,04,202.90","1,359","82,212",52.4
JMFINANCIL,EQ,03-03-2023,64.7,64.8,65.7,64.5,64.8,64.75,65.08,"5,07,172","3,30,04,428.25","3,497","2,37,856",46.9
JMFINANCIL,EQ,06-03-2023,64.75,65.0,65.95,64.6,64.9,64.8,65.28,"4,94,832","3,23,03,061.50","2,302","1,73,081",34.98
JMFINANCIL,EQ,08-03-2023,64.8,65.0,65.1,64.1,64.7,64.75,64.66,"8,80,136","5,69,13,716.70","2,837","6,41,687",72.91
JMFINANCIL,EQ,09-03-2023,64.75,65.0,65.2,64.1,64.4,64.3,64.76,"3,32,677","2,15,43,150.60","2,046","1,52,491",45.84
JMFINANCIL,EQ,10-03-2023,64.3,64.0,64.3,63.2,63.55,63.4,63.77,"4,28,433","2,73,20,471.40","2,666","2,37,627",55.46
JMFINANCIL,EQ,13-03-2023,63.4,63.15,63.8,61.5,62.3,62.05,62.21,"9,36,835","5,82,81,632.05","9,213","6,99,406",74.66
JMFINANCIL,EQ,14-03-2023,62.05,61.3,62.5,60.9,61.3,61.75,61.53,"8,59,037","5,28,55,571.90","8,144","5,21,595",60.72
JMFINANCIL,EQ,15-03-2023,61.75,62.3,62.3,60.5,61.0,60.9,61.12,"10,13,526","6,19,50,342.75","3,365","8,97,088",88.51
JMFINANCIL,EQ,16-03-2023,60.9,60.5,61.0,59.1,59.5,59.35,59.86,"13,43,917","8,04,43,123.00","7,835","9,33,597",69.47
JMFINANCIL,EQ,17-03-2023,59.35,60.0,60.65,59.7,60.3,59.95,60.11,"3,95,982","2,38,04,335.95","3,855","2,23,153",56.35
JMFINANCIL,EQ,20-03-2023,59.95,60.6,60.6,58.85,59.1,59.2,59.51,"3,53,844","2,10,58,984.80","2,902","1,66,483",47.05
JMFINANCIL,EQ,21-03-2023,59.2,59.9,60.3,58.9,60.05,60.05,59.75,"4,27,004","2,55,11,505.65","3,049","2,55,930",59.94
JMFINANCIL,EQ,22-03-2023,60.05,60.15,61.85,60.15,61.35,61.4,61.26,"9,59,992","5,88,11,229.80","7,918","4,39,163",45.75
JMFINANCIL,EQ,23-03-2023,61.4,61.15,62.75,60.85,62.4,62.25,61.87,"6,62,658","4,09,99,251.95","4,111","4,07,756",61.53
JMFINANCIL,EQ,24-03-2023,62.25,62.5,63.3,60.15,61.0,60.8,61.72,"5,36,544","3,31,16,429.35","3,682","3,08,165",57.44
JMFINANCIL,EQ,27-03-2023,60.8,61.0,61.3,59.25,59.8,59.5,60.18,"8,02,139","4,82,74,160.25","5,212","5,02,899",62.69
JMFINANCIL,EQ,28-03-2023,59.5,59.1,60.5,58.3,58.3,58.55,59.08,"10,99,158","6,49,34,148.15","7,102","5,92,910",53.94
JMFINANCIL,EQ,29-03-2023,58.55,57.85,62.1,57.85,60.15,60.7,60.36,"9,83,306","5,93,56,865.00","6,304","4,86,424",49.47
JMFINANCIL,EQ,31-03-2023,60.7,61.0,61.5,59.2,59.2,59.6,60.25,"8,63,153","5,20,09,107.65","5,797","6,11,601",70.86
JMFINANCIL,EQ,03-04-2023,59.6,61.2,61.85,60.0,61.5,61.4,61.05,"4,31,929","2,63,68,291.35","2,523","2,02,542",46.89
JMFINANCIL,EQ,05-04-2023,61.4,62.0,62.75,61.55,62.2,62.5,62.21,"5,91,586","3,68,01,385.10","3,252","3,15,210",53.28
JMFINANCIL,EQ,06-04-2023,62.5,62.05,63.1,61.9,62.45,62.4,62.5,"3,58,392","2,24,00,608.90","2,806","1,50,897",42.1
JMFINANCIL,EQ,10-04-2023,62.4,63.75,63.75,61.95,62.8,62.7,62.63,"3,83,815","2,40,38,831.50","3,273","1,63,913",42.71
JMFINANCIL,EQ,11-04-2023,62.7,62.5,63.0,61.8,62.55,62.35,62.35,"2,83,012","1,76,44,406.20","2,424","1,54,203",54.49
JMFINANCIL,EQ,12-04-2023,62.35,62.35,63.5,62.0,62.55,62.3,62.53,"4,10,902","2,56,94,906.85","2,882","2,11,284",51.42
JMFINANCIL,EQ,13-04-2023,62.3,62.05,64.5,62.05,64.3,64.0,63.69,"10,85,218","6,91,17,575.80","8,534","6,07,809",56.01
JMFINANCIL,EQ,17-04-2023,64.0,63.95,65.65,63.5,65.0,64.65,64.76,"11,07,690","7,17,37,859.70","7,428","5,88,843",53.16
JMFINANCIL,EQ,18-04-2023,64.65,64.95,65.05,63.65,63.95,63.8,64.12,"4,09,172","2,62,37,567.50","3,970","2,44,522",59.76
JMFINANCIL,EQ,19-04-2023,63.8,63.8,64.15,62.25,63.3,62.95,63.3,"7,45,832","4,72,13,682.75","3,907","4,46,221",59.83
JMFINANCIL,EQ,20-04-2023,62.95,63.55,63.65,61.7,62.0,61.9,62.38,"9,28,832","5,79,45,002.80","3,738","5,92,158",63.75
JMFINANCIL,EQ,21-04-2023,61.9,62.1,62.85,60.8,60.9,60.95,61.42,"7,47,312","4,58,99,073.95","3,322","4,44,847",59.53
JMFINANCIL,EQ,24-04-2023,60.95,61.0,61.9,60.85,61.0,61.0,61.12,"7,56,971","4,62,63,365.90","4,164","4,44,195",58.68
JMFINANCIL,EQ,25-04-2023,61.0,60.85,62.55,60.5,61.0,60.9,61.35,"10,64,114","6,52,84,052.05","5,392","6,38,110",59.97
JMFINANCIL,EQ,26-04-2023,60.9,60.9,61.8,59.8,60.0,60.0,60.48,"14,23,546","8,60,98,140.35","5,623","9,24,303",64.93
JMFINANCIL,EQ,27-04-2023,60.0,60.0,61.25,60.0,60.5,60.2,60.45,"13,26,132","8,01,60,818.55","5,961","8,04,673",60.68
JMFINANCIL,EQ,28-04-2023,60.2,60.95,62.95,60.4,60.95,60.65,61.28,"44,67,366","27,37,74,683.80","12,684","26,43,489",59.17
JMFINANCIL,EQ,02-05-2023,60.65,61.0,61.6,60.25,61.0,61.0,61.05,"70,92,261","43,29,72,696.60","17,729","50,48,015",71.18
JMFINANCIL,EQ,03-05-2023,61.0,61.0,62.3,60.95,61.65,61.7,61.75,"18,76,710","11,58,80,794.00","6,607","10,13,560",54.01
JMFINANCIL,EQ,04-05-2023,61.7,62.0,62.85,61.8,62.4,62.35,62.32,"16,45,845","10,25,70,095.85","5,627","9,80,324",59.56
JMFINANCIL,EQ,05-05-2023,62.35,62.7,63.65,61.75,62.0,61.85,62.57,"24,18,340","15,13,25,480.10","7,081","13,78,338",57.0
JMFINANCIL,EQ,08-05-2023,61.85,61.95,62.8,61.95,62.35,62.15,62.27,"9,88,123","6,15,31,825.55","3,543","5,74,093",58.1
JMFINANCIL,EQ,09-05-2023,62.15,62.75,64.75,62.3,63.0,63.3,63.67,"31,94,152","20,33,84,797.05","12,317","16,62,288",52.04
JMFINANCIL,EQ,10-05-2023,63.3,60.85,65.15,60.0,65.05,64.85,62.11,"1,42,94,487","88,78,18,631.95","20,491","85,68,533",59.94
JMFINANCIL,EQ,11-05-2023,64.85,65.25,69.0,64.45,65.2,65.1,66.98,"1,39,33,169","93,32,66,486.50","31,813","53,59,542",38.47
JMFINANCIL,EQ,12-05-2023,65.1,65.5,66.65,64.3,65.9,66.0,65.59,"23,26,707","15,26,18,749.75","10,288","11,85,614",50.96
JMFINANCIL,EQ,15-05-2023,66.0,66.2,66.75,64.35,65.7,66.3,65.31,"21,94,795","14,33,51,720.85","8,458","10,88,615",49.6
JMFINANCIL,EQ,16-05-2023,66.3,66.0,66.0,64.0,64.4,64.2,64.64,"28,51,331","18,42,98,464.00","14,227","15,88,681",55.72
JMFINANCIL,EQ,17-05-2023,64.2,64.6,65.1,63.6,63.7,63.85,64.18,"11,89,465","7,63,41,869.90","5,259","5,71,521",48.05
JMFINANCIL,EQ,18-05-2023,63.85,64.65,66.6,63.7,65.75,66.05,64.92,"89,96,376","58,40,57,172.20","14,359","62,58,527",69.57
JMFINANCIL,EQ,19-05-2023,66.05,65.85,68.7,64.0,68.1,68.05,67.4,"60,77,222","40,95,91,689.90","19,889","24,97,029",41.09
JMFINANCIL,EQ,22-05-2023,68.05,68.45,69.7,66.2,66.6,66.8,67.82,"23,44,174","15,89,91,950.45","7,657","10,89,585",46.48
JMFINANCIL,EQ,23-05-2023,66.8,66.95,67.5,66.0,66.2,66.1,66.48,"13,42,751","8,92,62,205.60","4,582","7,43,458",55.37
JMFINANCIL,EQ,24-05-2023,66.1,66.3,68.6,65.8,67.1,66.85,67.32,"23,68,864","15,94,73,214.85","8,910","10,72,037",45.26
JMFINANCIL,EQ,25-05-2023,66.85,66.95,67.65,66.6,66.9,66.85,67.08,"6,96,715","4,67,32,854.50","2,944","3,66,163",52.56
JMFINANCIL,EQ,26-05-2023,66.85,67.1,72.75,66.5,71.3,71.3,69.8,"1,22,45,727","85,46,97,303.45","25,553","56,21,530",45.91
JMFINANCIL,EQ,29-05-2023,71.3,72.0,72.5,68.9,69.4,69.4,71.02,"35,10,254","24,92,92,300.85","15,051","14,28,084",40.68
JMFINANCIL,EQ,30-05-2023,69.4,69.6,70.45,67.85,68.85,68.85,69.24,"25,09,758","17,37,70,417.50","10,913","9,97,659",39.75
JMFINANCIL,EQ,31-05-2023,68.85,68.85,70.45,68.1,70.05,70.2,69.5,"24,62,155","17,11,13,267.45","11,591","7,93,460",32.23
JMFINANCIL,EQ,01-06-2023,70.2,70.5,70.95,69.65,70.3,70.05,70.35,"17,29,395","12,16,55,311.90","8,805","7,32,104",42.33
JMFINANCIL,EQ,02-06-2023,70.05,70.45,72.6,70.3,71.65,71.85,71.71,"35,99,128","25,80,86,137.40","12,668","14,67,236",40.77
JMFINANCIL,EQ,05-06-2023,71.85,72.25,73.0,71.6,72.1,72.15,72.46,"22,67,175","16,42,83,377.75","12,210","11,17,396",49.29
JMFINANCIL,EQ,06-06-2023,72.15,72.45,73.75,71.45,73.1,73.2,72.5,"21,36,684","15,49,16,040.65","9,079","9,62,262",45.04
JMFINANCIL,EQ,07-06-2023,73.2,73.25,74.6,73.25,73.75,73.95,74.11,"25,34,581","18,78,29,702.85","10,889","13,64,117",53.82
JMFINANCIL,EQ,08-06-2023,73.95,74.3,75.75,71.7,72.25,72.3,73.93,"29,55,541","21,85,01,623.40","11,251","12,76,014",43.17
JMFINANCIL,EQ,09-06-2023,72.3,72.55,74.0,71.5,73.35,73.4,72.85,"23,93,337","17,43,51,089.65","7,682","10,21,022",42.66
JMFINANCIL,EQ,12-06-2023,73.4,73.5,73.7,72.3,72.8,72.85,72.79,"16,50,882","12,01,67,934.35","4,766","9,29,170",56.28
JMFINANCIL,EQ,13-06-2023,72.85,72.9,73.9,72.6,72.6,72.9,73.06,"11,65,016","8,51,20,572.75","4,492","7,23,781",62.13
JMFINANCIL,EQ,14-06-2023,72.9,73.2,73.2,71.7,72.0,71.95,72.34,"8,86,568","6,41,33,185.15","3,998","4,73,600",53.42
JMFINANCIL,EQ,15-06-2023,71.95,72.4,73.4,71.1,71.45,71.45,72.36,"17,97,151","13,00,41,138.30","8,131","9,40,674",52.34
JMFINANCIL,EQ,16-06-2023,71.45,73.35,74.6,72.85,73.5,73.55,73.67,"52,85,370","38,93,48,187.05","18,322","20,83,497",39.42
JMFINANCIL,EQ,19-06-2023,73.55,74.6,75.75,73.8,74.95,75.0,74.87,"37,31,964","27,94,22,449.65","11,181","22,53,142",60.37
JMFINANCIL,EQ,20-06-2023,75.0,75.0,76.1,73.35,74.0,73.85,74.91,"26,38,175","19,76,13,582.25","19,325","11,37,229",43.11
JMFINANCIL,EQ,21-06-2023,73.85,74.0,74.65,73.35,73.8,74.2,73.98,"17,36,747","12,84,80,205.20","18,656","8,82,360",50.81
JMFINANCIL,EQ,22-06-2023,74.2,74.2,75.2,71.5,72.45,72.05,73.31,"21,21,981","15,55,60,114.50","7,078","8,61,774",40.61
JMFINANCIL,EQ,23-06-2023,72.05,72.45,72.95,70.8,71.4,71.5,71.95,"9,60,324","6,90,99,460.85","5,095","4,20,713",43.81
JMFINANCIL,EQ,26-06-2023,71.5,71.55,73.05,71.2,72.9,72.45,71.94,"7,07,772","5,09,18,500.55","3,669","3,69,155",52.16
JMFINANCIL,EQ,27-06-2023,72.45,72.9,73.25,71.9,72.3,72.05,72.35,"8,91,168","6,44,74,292.65","7,910","5,79,671",65.05
JMFINANCIL,EQ,28-06-2023,72.05,72.45,73.45,71.8,72.0,72.15,72.44,"11,04,656","8,00,22,785.55","8,627","6,03,815",54.66
JMFINANCIL,EQ,30-06-2023,72.15,72.75,73.8,72.25,73.25,73.45,73.19,"8,38,972","6,14,03,693.90","4,386","4,99,199",59.5
JMFINANCIL,EQ,03-07-2023,73.45,73.55,74.3,72.85,73.9,73.85,73.77,"11,56,353","8,53,05,369.50","7,186","6,94,975",60.1
JMFINANCIL,EQ,04-07-2023,73.85,74.4,75.5,73.7,74.15,74.15,74.52,"14,19,690","10,57,92,638.10","6,032","6,58,696",46.4
JMFINANCIL,EQ,05-07-2023,74.15,74.4,75.0,73.65,74.35,74.15,74.13,"11,99,880","8,89,42,772.30","7,156","7,30,568",60.89
JMFINANCIL,EQ,06-07-2023,74.15,74.15,75.05,72.95,74.2,73.85,74.0,"11,11,592","8,22,60,206.30","6,576","5,93,621",53.4
JMFINANCIL,EQ,07-07-2023,73.85,73.8,75.35,72.95,74.2,73.95,74.21,"24,73,894","18,35,85,298.75","13,381","11,19,550",45.25
JMFINANCIL,EQ,10-07-2023,73.95,74.5,75.15,73.25,73.3,73.6,74.17,"7,38,512","5,47,77,271.90","4,486","3,96,496",53.69
JMFINANCIL,EQ,11-07-2023,73.6,73.65,75.0,73.65,74.35,74.2,74.29,"7,01,691","5,21,29,765.40","3,998","3,79,118",54.03
JMFINANCIL,EQ,12-07-2023,74.2,74.5,74.8,73.65,74.0,73.95,74.15,"7,28,164","5,39,94,804.85","5,110","3,49,584",48.01
JMFINANCIL,EQ,13-07-2023,73.95,74.05,75.45,74.05,75.0,74.65,74.74,"17,86,944","13,35,48,297.55","7,898","9,24,997",51.76
JMFINANCIL,EQ,14-07-2023,74.65,75.0,77.85,75.0,75.65,75.5,76.52,"42,30,807","32,37,25,808.90","17,428","14,85,644",35.11
JMFINANCIL,EQ,17-07-2023,75.5,76.0,76.25,74.2,74.95,74.9,75.42,"18,55,915","13,99,75,717.00","11,324","10,96,943",59.11
JMFINANCIL,EQ,18-07-2023,74.9,75.25,75.45,74.6,75.0,74.95,74.99,"9,81,112","7,35,68,792.95","7,216","5,02,206",51.19
JMFINANCIL,EQ,19-07-2023,74.95,75.05,75.25,74.35,74.8,74.95,74.87,"10,66,437","7,98,40,725.90","6,459","5,87,945",55.13
JMFINANCIL,EQ,20-07-2023,74.95,74.95,75.2,73.8,74.2,74.1,74.26,"9,98,687","7,41,63,963.55","4,447","6,13,736",61.45
JMFINANCIL,EQ,21-07-2023,74.1,74.0,74.4,73.25,73.45,73.4,73.76,"5,63,687","4,15,80,323.65","3,683","3,20,154",56.8
JMFINANCIL,EQ,24-07-2023,73.4,73.4,73.95,72.4,72.8,72.85,73.32,"6,80,813","4,99,14,632.20","5,184","3,23,344",47.49
JMFINANCIL,EQ,25-07-2023,72.85,72.85,73.45,71.5,72.0,72.15,72.33,"11,50,761","8,32,32,071.10","8,754","6,90,034",59.96
JMFINANCIL,EQ,26-07-2023,72.15,72.4,74.5,72.0,74.1,74.1,73.52,"11,60,341","8,53,06,419.40","5,913","5,04,671",43.49
JMFINANCIL,EQ,27-07-2023,74.1,74.4,75.05,73.7,73.95,73.95,74.44,"5,57,009","4,14,62,450.90","3,651","2,98,205",53.54
JMFINANCIL,EQ,28-07-2023,73.95,74.0,78.8,73.95,76.6,76.8,76.7,"1,21,99,572","93,56,81,597.30","30,351","62,88,334",51.55
JMFINANCIL,EQ,31-07-2023,76.8,77.0,78.7,75.65,77.95,77.85,77.39,"41,32,688","31,98,42,379.45","13,716","23,64,896",57.22
JMFINANCIL,EQ,01-08-2023,77.85,78.0,79.65,77.4,78.2,78.15,78.61,"45,14,184","35,48,42,451.65","15,941","26,32,639",58.32
JMFINANCIL,EQ,02-08-2023,78.15,77.65,83.2,77.45,82.0,82.55,81.71,"1,47,12,843","1,20,21,21,463.15","41,670","56,50,111",38.4
JMFINANCIL,EQ,03-08-2023,82.55,82.0,83.4,79.85,80.0,80.8,81.2,"34,55,420","28,05,73,241.70","14,737","15,11,711",43.75
JMFINANCIL,EQ,04-08-2023,80.8,79.8,79.8,74.6,75.1,75.05,76.42,"79,65,872","60,87,51,321.55","28,214","36,53,075",45.86
JMFINANCIL,EQ,07-08-2023,75.05,75.9,75.9,73.4,75.05,74.65,74.74,"33,89,954","25,33,51,147.05","16,899","18,46,093",54.46
JMFINANCIL,EQ,08-08-2023,74.65,74.8,75.3,72.85,73.6,73.45,73.92,"27,40,733","20,25,82,072.70","12,800","15,41,385",56.24
JMFINANCIL,EQ,09-08-2023,73.45,73.5,75.2,73.5,74.55,74.7,74.47,"11,09,255","8,26,06,580.65","5,980","5,07,804",45.78
JMFINANCIL,EQ,10-08-2023,74.7,74.6,76.9,74.55,76.3,76.15,76.05,"23,85,365","18,14,03,249.90","8,215","12,13,554",50.87
JMFINANCIL,EQ,11-08-2023,76.15,76.5,77.5,74.5,75.0,75.15,76.48,"14,02,822","10,72,83,850.65","6,517","6,59,470",47.01
JMFINANCIL,EQ,14-08-2023,75.15,75.3,75.35,73.3,73.55,73.5,73.95,"17,46,573","12,91,50,553.20","8,314","10,39,462",59.51
JMFINANCIL,EQ,16-08-2023,73.5,73.5,74.6,72.3,72.4,72.5,73.21,"18,74,459","13,72,28,539.40","8,837","11,91,710",63.58
JMFINANCIL,EQ,17-08-2023,72.5,72.95,81.15,72.9,78.25,78.25,78.93,"3,16,54,523","2,49,83,84,056.10","1,00,438","44,59,135",14.09
JMFINANCIL,EQ,18-08-2023,78.25,78.8,83.9,78.6,81.4,81.55,82.34,"3,04,59,151","2,50,79,31,246.05","1,01,183","43,56,460",14.3
JMFINANCIL,EQ,21-08-2023,81.55,83.1,85.8,78.65,80.7,80.7,82.49,"1,84,00,532","1,51,79,41,628.35","74,067","39,19,598",21.3
JMFINANCIL,EQ,22-08-2023,80.7,81.95,82.1,79.6,79.9,79.95,80.74,"46,06,450","37,19,28,972.75","21,473","13,52,390",29.36
JMFINANCIL,EQ,23-08-2023,79.95,81.25,81.3,77.2,78.0,77.85,78.94,"40,55,922","32,01,57,089.45","14,612","16,50,762",40.7
JMFINANCIL,EQ,24-08-2023,77.85,78.1,80.8,77.7,77.9,78.0,79.08,"53,87,489","42,60,22,335.95","17,908","20,87,794",38.75
JMFINANCIL,EQ,25-08-2023,78.0,74.4,78.2,74.4,77.45,76.9,76.92,"32,44,438","24,95,76,042.10","13,022","8,41,179",25.93
JMFINANCIL,EQ,28-08-2023,76.9,77.45,78.5,76.3,76.75,76.55,77.26,"28,32,943","21,88,74,724.30","12,453","7,31,339",25.82
JMFINANCIL,EQ,29-08-2023,76.55,77.1,79.9,76.4,76.95,76.8,77.96,"39,47,038","30,77,02,623.95","14,658","16,90,442",42.83
JMFINANCIL,EQ,30-08-2023,76.8,77.6,78.5,76.65,76.85,76.85,77.22,"29,10,096","22,47,06,579.10","10,752","14,87,295",51.11
JMFINANCIL,EQ,31-08-2023,76.85,77.65,79.0,76.3,78.75,78.2,77.46,"37,81,915","29,29,37,327.75","16,968","20,80,767",55.02
JMFINANCIL,EQ,01-09-2023,78.2,78.6,86.9,78.15,85.8,86.1,84.48,"2,57,69,668","2,17,69,44,055.50","67,756","79,66,265",30.91
JMFINANCIL,EQ,04-09-2023,86.1,87.5,90.4,86.25,89.3,89.65,88.69,"1,38,45,167","1,22,79,42,375.90","46,372","54,11,763",39.09
JMFINANCIL,EQ,05-09-2023,89.65,89.95,89.95,87.7,88.9,89.05,88.8,"53,99,873","47,95,08,906.30","19,987","24,71,447",45.77
JMFINANCIL,EQ,06-09-2023,89.05,89.5,95.9,89.5,93.7,93.9,93.21,"2,83,35,285","2,64,12,13,869.25","71,275","99,32,238",35.05
JMFINANCIL,EQ,07-09-2023,93.9,95.0,95.8,92.55,93.85,93.75,94.36,"1,25,21,952","1,18,16,20,367.05","36,088","48,52,652",38.75
JMFINANCIL,EQ,08-09-2023,93.75,94.5,94.65,91.0,92.3,91.5,92.12,"66,58,869","61,34,19,895.90","20,879","29,21,763",43.88
JMFINANCIL,EQ,11-09-2023,91.5,92.25,93.6,90.0,90.1,90.3,91.65,"57,46,110","52,66,13,267.85","21,327","28,74,572",50.03
JMFINANCIL,EQ,12-09-2023,90.3,90.9,90.9,83.95,85.2,84.95,86.52,"79,35,340","68,65,44,747.65","28,336","32,83,285",41.38
JMFINANCIL,EQ,13-09-2023,84.95,85.45,88.4,83.05,88.4,87.9,86.38,"45,78,109","39,54,76,623.30","22,899","15,68,854",34.27
JMFINANCIL,EQ,14-09-2023,87.9,88.75,89.1,86.75,87.5,87.3,87.59,"24,61,492","21,55,95,075.45","13,023","10,23,981",41.6
JMFINANCIL,EQ,15-09-2023,87.3,87.85,89.7,85.4,86.0,86.0,87.37,"40,07,361","35,01,10,994.30","15,283","20,95,794",52.3
JMFINANCIL,EQ,18-09-2023,86.0,86.6,87.95,85.45,86.2,85.85,86.65,"26,52,078","22,98,08,701.80","12,548","11,77,364",44.39
JMFINANCIL,EQ,20-09-2023,85.85,85.45,85.95,84.05,84.7,84.45,84.84,"15,12,541","12,83,25,571.60","8,281","6,80,436",44.99
JMFINANCIL,EQ,21-09-2023,84.45,84.7,89.0,84.7,85.8,85.65,87.21,"99,87,882","87,10,86,620.50","39,470","23,33,933",23.37
JMFINANCIL,EQ,22-09-2023,85.65,86.0,86.25,84.2,85.5,85.35,85.2,"24,85,629","21,17,82,882.15","10,658","8,61,263",34.65
JMFINANCIL,EQ,25-09-2023,85.35,85.85,87.55,84.8,85.3,85.25,85.91,"28,44,182","24,43,31,588.75","12,248","10,68,743",37.58
JMFINANCIL,EQ,26-09-2023,85.25,85.85,86.35,84.55,85.15,84.8,85.29,"11,37,049","9,69,80,563.40","6,924","4,18,014",36.76
JMFINANCIL,EQ,27-09-2023,84.8,85.0,87.1,83.9,86.85,86.6,85.55,"24,14,069","20,65,31,345.20","9,614","10,07,336",41.73
JMFINANCIL,EQ,28-09-2023,86.6,87.35,87.45,84.65,85.15,84.9,85.9,"18,22,965","15,65,89,389.85","7,973","7,39,218",40.55
JMFINANCIL,EQ,29-09-2023,84.9,85.4,86.95,84.95,86.05,86.35,85.8,"14,69,567","12,60,93,189.20","7,346","5,20,834",35.44
JMFINANCIL,EQ,03-10-2023,86.35,85.9,85.95,83.7,84.15,84.15,84.52,"26,17,246","22,11,97,880.75","11,875","12,19,269",46.59
JMFINANCIL,EQ,04-10-2023,84.15,84.0,86.15,82.75,84.5,84.4,84.65,"24,23,345","20,51,27,837.65","11,437","7,35,302",30.34
JMFINANCIL,EQ,05-10-2023,84.4,84.75,87.1,83.55,86.9,86.35,85.42,"25,07,954","21,42,20,829.65","9,415","10,55,282",42.08
JMFINANCIL,EQ,06-10-2023,86.35,87.15,89.95,86.1,88.25,88.45,88.84,"1,08,23,682","96,15,38,793.60","33,638","35,84,896",33.12
JMFINANCIL,EQ,09-10-2023,88.45,88.3,88.3,85.3,85.95,85.75,86.48,"26,37,958","22,81,20,085.60","12,074","10,25,526",38.88
JMFINANCIL,EQ,10-10-2023,85.75,86.35,87.55,85.9,86.4,86.55,86.65,"14,89,522","12,90,68,943.65","6,824","4,85,553",32.6
JMFINANCIL,EQ,11-10-2023,86.55,87.25,88.4,86.65,87.25,87.3,87.4,"16,82,446","14,70,50,579.40","7,359","7,68,163",45.66
JMFINANCIL,EQ,12-10-2023,87.3,87.35,88.2,86.35,87.1,87.15,87.15,"19,43,412","16,93,72,631.85","7,185","7,61,198",39.17
JMFINANCIL,EQ,13-10-2023,87.15,86.8,90.7,86.55,87.55,87.75,88.83,"51,45,406","45,70,78,931.75","17,627","18,94,274",36.81
JMFINANCIL,EQ,16-10-2023,87.75,88.35,90.3,88.0,88.45,88.25,89.11,"39,50,283","35,20,09,233.85","13,185","15,05,040",38.1
JMFINANCIL,EQ,17-10-2023,88.25,90.5,90.65,87.55,88.3,88.25,89.01,"24,30,722","21,63,69,223.70","8,604","10,94,004",45.01
JMFINANCIL,EQ,18-10-2023,88.25,88.65,92.8,88.05,90.8,90.9,90.73,"1,46,36,724","1,32,80,34,918.65","38,759","39,10,942",26.72
JMFINANCIL,EQ,19-10-2023,90.9,90.6,93.6,90.4,92.15,92.05,92.49,"1,34,81,096","1,24,68,87,807.90","38,296","55,52,326",41.19
JMFINANCIL,EQ,20-10-2023,92.05,91.8,91.8,86.3,86.9,87.1,88.92,"55,06,342","48,96,24,884.15","23,030","19,76,230",35.89
JMFINANCIL,EQ,23-10-2023,87.1,86.9,87.05,80.25,81.15,80.85,82.48,"67,58,651","55,74,24,013.95","24,309","22,69,830",33.58
JMFINANCIL,EQ,25-10-2023,80.85,81.6,82.6,77.75,80.05,80.25,80.52,"59,31,322","47,75,95,805.70","17,722","20,04,029",33.79
JMFINANCIL,EQ,26-10-2023,80.25,79.85,82.1,77.35,81.5,81.45,79.63,"38,19,982","30,41,67,284.95","15,327","8,32,039",21.78
JMFINANCIL,EQ,27-10-2023,81.45,82.2,84.7,81.55,82.95,82.8,83.25,"44,31,891","36,89,70,614.75","14,568","17,53,262",39.56
JMFINANCIL,EQ,30-10-2023,82.8,82.5,84.25,81.5,82.75,82.95,82.96,"24,59,744","20,40,49,284.00","10,922","8,85,698",36.01
JMFINANCIL,EQ,31-10-2023,82.95,83.45,83.7,81.55,82.05,81.75,82.3,"16,63,607","13,69,09,675.60","10,243","5,66,785",34.07
JMFINANCIL,EQ,01-11-2023,81.75,82.15,84.0,81.5,82.3,81.9,82.72,"18,90,166","15,63,61,353.95","9,132","5,82,025",30.79
JMFINANCIL,EQ,02-11-2023,81.9,82.85,83.5,82.05,83.15,82.8,82.81,"11,34,637","9,39,61,035.50","6,834","4,04,839",35.68
JMFINANCIL,EQ,03-11-2023,82.8,83.4,91.4,83.3,88.6,88.7,88.98,"3,11,18,450","2,76,90,07,661.90","75,621","79,29,669",25.48
JMFINANCIL,EQ,06-11-2023,88.7,89.0,89.0,84.65,85.0,84.9,86.22,"67,15,542","57,90,36,082.55","23,233","25,22,436",37.56
JMFINANCIL,EQ,07-11-2023,84.9,85.5,85.9,83.0,83.85,83.35,83.86,"38,21,414","32,04,60,969.30","13,556","18,92,929",49.53
JMFINANCIL,EQ,08-11-2023,83.35,84.3,85.0,83.5,83.85,83.8,84.18,"22,99,060","19,35,26,528.35","9,520","8,90,892",38.75
JMFINANCIL,EQ,09-11-2023,83.8,83.6,84.6,81.3,81.7,81.7,82.84,"29,56,085","24,48,67,380.60","11,044","15,76,679",53.34
JMFINANCIL,EQ,10-11-2023,81.7,81.7,82.5,80.15,81.5,81.05,81.62,"20,82,280","16,99,48,121.40","9,045","8,81,655",42.34
JMFINANCIL,EQ,12-11-2023,81.05,82.5,83.0,82.3,82.85,82.85,82.77,"5,58,057","4,61,91,921.60","3,278","4,12,195",73.86
JMFINANCIL,EQ,13-11-2023,82.85,82.85,82.85,81.5,82.25,82.0,82.2,"10,68,111","8,77,94,604.60","6,209","5,53,212",51.79
JMFINANCIL,EQ,15-11-2023,82.0,82.95,84.05,82.1,83.1,82.65,82.93,"27,61,080","22,89,74,226.05","10,618","12,39,820",44.9
JMFINANCIL,EQ,16-11-2023,82.65,82.75,87.3,82.75,85.2,85.15,85.87,"89,18,462","76,58,20,964.50","29,094","28,93,602",32.45
JMFINANCIL,EQ,17-11-2023,85.15,85.35,85.75,83.8,84.0,84.05,84.48,"28,40,315","23,99,39,134.30","10,474","13,02,010",45.84
JMFINANCIL,EQ,20-11-2023,84.05,84.0,84.6,83.25,83.9,83.75,83.9,"14,46,530","12,13,63,488.15","6,754","7,43,600",51.41
JMFINANCIL,EQ,21-11-2023,83.75,84.0,85.3,83.5,84.25,84.1,84.31,"14,77,410","12,45,63,999.05","7,332","6,12,500",41.46
JMFINANCIL,EQ,22-11-2023,84.1,84.4,85.2,81.9,83.2,83.0,83.65,"22,19,203","18,56,46,455.95","9,953","8,51,423",38.37
JMFINANCIL,EQ,23-11-2023,83.0,83.35,84.05,82.9,83.05,83.15,83.48,"11,94,698","9,97,39,354.50","5,798","5,67,678",47.52
JMFINANCIL,EQ,24-11-2023,83.15,84.0,85.0,83.15,83.35,83.35,83.89,"22,37,680","18,77,24,545.15","8,270","8,71,496",38.95
JMFINANCIL,EQ,28-11-2023,83.35,83.85,84.4,83.25,84.25,84.2,83.91,"14,21,465","11,92,74,769.15","6,126","7,02,777",49.44
JMFINANCIL,EQ,29-11-2023,84.2,84.8,86.45,84.35,84.65,84.75,85.58,"48,74,499","41,71,65,603.20","15,104","19,09,166",39.17
JMFINANCIL,EQ,30-11-2023,84.75,84.85,85.5,83.0,83.7,83.95,84.08,"22,17,672","18,64,70,753.95","18,069","10,15,564",45.79
JMFINANCIL,EQ,01-12-2023,83.95,84.6,85.8,83.0,84.75,84.85,84.81,"25,77,511","21,86,02,339.70","10,425","11,64,325",45.17
JMFINANCIL,EQ,04-12-2023,84.85,86.45,87.3,85.3,87.0,86.9,86.44,"48,20,848","41,67,20,264.45","20,551","29,32,152",60.82
JMFINANCIL,EQ,05-12-2023,86.9,87.25,88.05,86.3,87.0,87.15,86.96,"37,35,293","32,48,08,201.60","14,018","18,64,141",49.91
JMFINANCIL,EQ,06-12-2023,87.15,87.25,87.75,86.1,87.0,86.85,86.77,"35,02,620","30,39,27,179.80","12,289","22,79,720",65.09
JMFINANCIL,EQ,07-12-2023,86.85,86.95,88.9,86.1,88.0,88.05,87.96,"35,73,783","31,43,38,567.55","16,139","17,12,740",47.93
JMFINANCIL,EQ,08-12-2023,88.05,88.9,90.1,87.0,88.1,88.0,88.49,"50,78,616","44,94,02,588.05","20,691","22,88,983",45.07
JMFINANCIL,EQ,11-12-2023,88.0,88.45,88.95,87.5,88.8,88.55,88.2,"20,28,770","17,89,28,544.60","9,941","10,40,016",51.26
JMFINANCIL,EQ,12-12-2023,88.55,89.25,89.7,87.95,88.15,88.25,88.43,"34,52,240","30,52,79,037.10","10,653","24,68,139",71.49
JMFINANCIL,EQ,13-12-2023,88.25,88.5,88.5,86.9,88.2,88.05,87.59,"18,71,860","16,39,59,583.60","9,636","8,52,975",45.57
JMFINANCIL,EQ,14-12-2023,88.05,88.8,90.0,88.5,89.3,89.1,89.39,"43,63,101","39,00,27,554.85","19,427","22,79,073",52.24
JMFINANCIL,EQ,15-12-2023,89.1,89.6,102.0,89.35,101.1,101.15,97.85,"7,33,19,411","7,17,42,21,258.30","1,85,940","1,35,01,211",18.41
JMFINANCIL,EQ,18-12-2023,101.15,101.7,104.9,99.5,101.7,102.1,102.4,"2,97,08,275","3,04,21,58,339.10","95,848","86,66,620",29.17
JMFINANCIL,EQ,19-12-2023,102.1,102.2,104.65,100.3,101.75,102.05,102.47,"1,56,24,135","1,60,10,54,957.10","49,077","51,24,842",32.8
JMFINANCIL,EQ,20-12-2023,102.05,102.6,104.3,94.05,95.7,95.25,99.69,"1,22,18,592","1,21,80,77,921.10","49,336","47,82,883",39.14
JMFINANCIL,EQ,21-12-2023,95.25,94.0,99.7,92.5,99.0,99.15,97.75,"92,75,046","90,66,57,066.50","33,320","27,31,980",29.46
JMFINANCIL,EQ,22-12-2023,99.15,99.75,100.8,95.75,97.65,97.45,98.06,"68,43,594","67,10,78,324.75","24,444","27,05,747",39.54
JMFINANCIL,EQ,26-12-2023,97.45,97.8,98.7,95.7,97.0,96.8,97.01,"34,11,032","33,08,90,017.55","14,603","13,07,205",38.32
JMFINANCIL,EQ,27-12-2023,96.8,97.1,103.25,97.05,100.0,99.95,101.21,"2,14,65,660","2,17,24,70,496.90","68,078","51,33,195",23.91
JMFINANCIL,EQ,28-12-2023,99.95,100.3,100.75,97.3,97.8,97.85,98.39,"56,64,965","55,73,66,514.70","22,038","23,16,411",40.89
JMFINANCIL,EQ,29-12-2023,97.85,98.35,99.1,97.3,98.3,98.3,98.2,"30,39,108","29,84,54,665.90","11,694","11,94,834",39.32
JMFINANCIL,EQ,01-01-2024,98.3,98.7,100.8,97.75,99.9,99.9,99.66,"48,03,515","47,87,08,839.05","18,976","17,80,391",37.06
JMFINANCIL,EQ,02-01-2024,99.9,100.0,102.3,98.9,99.85,99.9,100.47,"64,00,056","64,30,06,493.20","22,358","20,79,749",32.5
JMFINANCIL,EQ,03-01-2024,99.9,100.25,103.5,99.5,100.95,101.1,101.61,"93,84,238","95,35,65,825.50","32,248","38,00,551",40.5
JMFINANCIL,EQ,04-01-2024,101.1,101.7,103.75,101.0,102.35,102.6,102.52,"62,49,300","64,06,96,997.25","23,461","24,69,623",39.52
JMFINANCIL,EQ,05-01-2024,102.6,102.6,104.4,99.3,101.0,101.15,101.95,"62,52,710","63,74,94,564.50","24,181","23,11,750",36.97
JMFINANCIL,EQ,08-01-2024,101.15,101.15,101.3,97.0,98.0,97.95,98.84,"57,49,196","56,82,75,303.65","24,880","28,50,134",49.57
JMFINANCIL,EQ,09-01-2024,97.95,98.6,100.3,97.8,97.95,98.55,99.21,"31,38,910","31,14,17,131.70","14,369","11,90,582",37.93
JMFINANCIL,EQ,10-01-2024,98.55,98.35,99.85,97.3,98.5,98.4,98.14,"31,85,202","31,25,83,115.45","14,586","10,56,811",33.18
JMFINANCIL,EQ,11-01-2024,98.4,99.1,101.2,98.05,98.6,98.5,99.5,"33,36,588","33,19,74,386.95","14,780","12,00,247",35.97
JMFINANCIL,EQ,12-01-2024,98.5,99.2,102.9,99.05,101.15,101.25,101.57,"99,61,708","1,01,18,36,794.45","34,960","41,82,139",41.98
JMFINANCIL,EQ,15-01-2024,101.25,102.0,103.9,100.95,101.65,101.35,102.26,"60,63,934","62,01,11,795.70","23,455","26,74,046",44.1
JMFINANCIL,EQ,16-01-2024,101.35,101.95,110.7,101.0,107.3,107.35,107.21,"5,37,05,327","5,75,79,16,678.05","1,71,712","1,07,82,208",20.08
JMFINANCIL,EQ,17-01-2024,107.35,106.0,107.7,103.1,103.7,103.6,105.26,"99,32,138","1,04,54,71,944.15","40,332","31,62,957",31.85
JMFINANCIL,EQ,18-01-2024,103.6,103.25,106.25,99.1,103.25,103.15,103.09,"98,84,198","1,01,89,99,120.35","40,602","27,33,139",27.65
JMFINANCIL,EQ,19-01-2024,103.15,104.0,112.1,104.0,109.75,109.2,109.2,"2,55,44,892","2,78,95,70,478.60","81,968","72,73,192",28.47
JMFINANCIL,EQ,20-01-2024,109.2,109.95,113.0,109.25,109.75,110.45,111.51,"84,38,913","94,10,12,100.10","33,878","31,44,091",37.26
JMFINANCIL,EQ,23-01-2024,110.45,111.0,112.0,104.25,106.1,106.2,106.31,"1,03,38,292","1,09,90,32,505.90","37,583","45,69,461",44.2
JMFINANCIL,EQ,24-01-2024,106.2,105.55,111.65,104.1,110.0,110.15,108.18,"58,39,590","63,17,04,093.40","30,369","18,44,078",31.58
JMFINANCIL,EQ,25-01-2024,110.15,111.0,114.7,109.1,113.4,113.4,112.71,"1,25,65,965","1,41,62,51,869.15","51,383","41,87,102",33.32
JMFINANCIL,EQ,29-01-2024,113.4,114.2,114.85,111.0,111.35,111.4,112.54,"47,46,136","53,41,53,193.10","23,527","21,77,277",45.87
JMFINANCIL,EQ,30-01-2024,111.4,111.65,114.45,109.0,109.55,109.4,111.72,"48,34,806","54,01,45,641.30","23,979","18,68,031",38.64
JMFINANCIL,EQ,31-01-2024,109.4,110.1,113.85,108.75,112.0,112.0,111.44,"73,77,181","82,21,40,618.80","29,903","28,10,496",38.1
JMFINANCIL,EQ,01-02-2024,112.0,112.5,113.7,109.5,111.0,110.85,111.6,"34,84,143","38,88,15,419.20","22,531","12,40,785",35.61
JMFINANCIL,EQ,02-02-2024,110.85,111.5,114.3,110.8,111.7,111.7,112.19,"43,93,272","49,28,78,908.45","26,890","15,75,316",35.86
JMFINANCIL,EQ,05-02-2024,111.7,112.0,113.2,104.1,108.0,107.85,110.61,"37,86,110","41,87,81,232.10","26,960","15,84,881",41.86
JMFINANCIL,EQ,06-02-2024,107.85,109.0,109.3,106.1,107.3,107.4,107.59,"31,90,663","34,32,82,966.85","22,153","14,63,563",45.87
JMFINANCIL,EQ,07-02-2024,107.4,108.05,111.75,107.9,108.9,109.1,109.39,"36,72,913","40,17,93,895.40","22,835","15,07,779",41.05
JMFINANCIL,EQ,08-02-2024,109.1,109.6,109.85,107.05,107.8,107.55,108.27,"25,77,272","27,90,38,672.55","16,795","10,81,126",41.95
JMFINANCIL,EQ,09-02-2024,107.55,108.1,108.1,100.85,103.85,103.8,103.78,"53,22,870","55,24,04,128.10","26,634","21,24,964",39.92
JMFINANCIL,EQ,12-02-2024,103.8,104.4,105.75,96.35,96.9,97.85,100.45,"40,30,887","40,48,98,189.45","28,222","15,48,716",38.42
JMFINANCIL,EQ,13-02-2024,97.85,102.0,103.7,97.85,99.1,98.9,99.84,"86,73,227","86,59,06,452.45","35,868","24,70,846",28.49
JMFINANCIL,EQ,14-02-2024,98.9,97.95,104.4,97.1,102.7,103.3,102.33,"78,59,986","80,42,90,042.30","26,902","34,77,635",44.24
JMFINANCIL,EQ,15-02-2024,103.3,103.6,105.4,102.8,103.05,103.1,103.99,"27,86,098","28,97,18,484.10","15,767","10,08,508",36.2
JMFINANCIL,EQ,16-02-2024,103.1,103.75,105.9,103.1,103.35,103.5,104.28,"28,12,065","29,32,49,053.00","18,806","11,89,156",42.29
JMFINANCIL,EQ,19-02-2024,103.5,103.85,104.7,101.85,102.65,102.35,103.28,"16,92,113","17,47,63,116.45","10,385","7,54,118",44.57
JMFINANCIL,EQ,20-02-2024,102.35,102.8,103.4,100.45,101.0,100.85,101.64,"19,83,028","20,15,46,492.25","11,020","9,48,744",47.84
JMFINANCIL,EQ,21-02-2024,100.85,101.45,106.0,101.35,102.0,102.75,104.13,"86,96,895","90,55,92,878.95","38,541","28,32,386",32.57
JMFINANCIL,EQ,22-02-2024,102.75,103.15,104.5,101.1,104.0,104.05,103.22,"31,80,984","32,83,52,055.20","18,636","11,23,463",35.32
JMFINANCIL,EQ,23-02-2024,104.05,104.15,105.4,102.15,103.35,103.05,103.24,"27,20,384","28,08,64,352.40","17,468","12,64,813",46.49
JMFINANCIL,EQ,26-02-2024,103.05,103.15,106.5,100.3,101.4,101.0,103.5,"48,79,713","50,50,39,048.85","22,238","20,55,122",42.12
JMFINANCIL,EQ,27-02-2024,101.0,101.75,104.4,100.6,101.9,101.5,102.59,"27,27,427","27,98,14,132.65","13,949","10,61,250",38.91
JMFINANCIL,EQ,28-02-2024,101.5,101.95,102.7,96.25,97.0,96.85,98.69,"41,39,492","40,85,17,074.70","18,758","18,56,636",44.85
JMFINANCIL,EQ,29-02-2024,96.85,97.1,97.35,94.5,97.3,96.3,96.0,"34,18,298","32,81,56,585.65","15,751","15,98,608",46.77
JMFINANCIL,EQ,01-03-2024,96.3,96.9,100.7,96.9,99.25,99.4,98.87,"35,23,113","34,83,26,116.20","19,280","11,64,012",33.04
JMFINANCIL,EQ,02-03-2024,99.4,99.8,100.8,98.4,99.3,98.95,99.57,"3,42,040","3,40,55,989.75","2,928","1,80,174",52.68
JMFINANCIL,EQ,04-03-2024,98.95,99.75,99.9,97.0,97.45,97.45,98.32,"12,24,054","12,03,47,068.60","9,134","6,36,178",51.97
JMFINANCIL,EQ,05-03-2024,97.45,97.45,98.15,94.6,95.5,95.45,96.22,"28,44,794","27,37,23,232.55","14,098","12,59,322",44.27
JMFINANCIL,EQ,06-03-2024,95.45,78.95,87.15,76.4,85.5,85.5,81.27,"8,88,01,484","7,21,68,65,356.15","1,94,711","2,38,44,897",26.85
JMFINANCIL,EQ,07-03-2024,85.5,86.1,88.8,84.15,87.7,87.95,87.07,"2,54,04,275","2,21,19,52,578.00","61,181","50,33,765",19.81
JMFINANCIL,EQ,11-03-2024,87.95,81.5,82.0,78.7,79.35,79.3,80.25,"1,80,38,451","1,44,76,44,752.00","56,572","57,48,669",31.87
JMFINANCIL,EQ,12-03-2024,79.3,79.4,81.5,77.4,79.35,79.25,79.61,"1,17,39,043","93,45,99,940.75","29,031","29,13,199",24.82
JMFINANCIL,EQ,13-03-2024,79.25,79.5,80.45,71.75,72.8,73.2,76.09,"76,27,932","58,03,88,472.65","26,517","27,25,992",35.74
JMFINANCIL,EQ,14-03-2024,73.2,73.0,78.1,71.75,76.7,76.75,75.87,"49,65,976","37,67,52,824.10","17,765","15,49,175",31.2
JMFINANCIL,EQ,15-03-2024,76.75,76.05,78.4,73.75,76.0,75.6,75.45,"41,87,643","31,59,71,459.40","14,195","11,58,437",27.66
JMFINANCIL,EQ,18-03-2024,75.6,76.0,77.45,75.0,76.6,76.9,76.25,"37,22,135","28,38,00,088.25","15,141","14,82,954",39.84
JMFINANCIL,EQ,19-03-2024,76.9,76.95,77.15,73.85,74.45,74.2,75.14,"30,44,766","22,87,95,897.25","11,746","14,29,078",46.94
JMFINANCIL,EQ,20-03-2024,74.2,75.0,75.0,71.5,72.4,72.15,72.68,"42,35,030","30,78,20,391.80","17,296","14,76,244",34.86
JMFINANCIL,EQ,21-03-2024,72.15,73.5,74.85,73.25,73.6,73.8,73.91,"24,65,501","18,22,15,927.25","8,949","11,91,528",48.33
JMFINANCIL,EQ,22-03-2024,73.8,74.2,75.75,73.8,74.0,74.1,74.43,"62,03,990","46,17,62,095.80","11,180","45,97,243",74.1
JMFINANCIL,EQ,26-03-2024,74.1,72.0,72.85,71.0,72.2,71.95,71.85,"70,34,378","50,54,23,828.25","19,141","28,09,593",39.94
JMFINANCIL,EQ,27-03-2024,71.95,72.0,79.85,71.5,77.8,78.6,76.81,"2,48,20,588","1,90,65,32,764.40","50,305","49,60,878",19.99
JMFINANCIL,EQ,28-03-2024,78.6,79.0,79.45,74.05,74.25,74.7,77.03,"62,41,988","48,07,92,615.20","20,891","19,72,266",31.6
JMFINANCIL,EQ,01-04-2024,74.7,75.55,80.6,75.5,79.4,80.05,78.6,"64,52,243","50,71,52,359.75","20,301","17,14,244",26.57
JMFINANCIL,EQ,02-04-2024,80.05,80.1,81.0,78.2,80.0,80.15,79.73,"53,21,929","42,43,24,172.65","16,529","12,98,822",24.41
JMFINANCIL,EQ,03-04-2024,80.15,80.0,81.85,79.3,81.35,81.15,80.88,"36,20,319","29,28,23,563.90","12,997","12,85,318",35.5
JMFINANCIL,EQ,04-04-2024,81.15,82.0,82.25,77.55,78.0,78.05,78.97,"67,20,802","53,07,66,592.30","23,472","37,27,991",55.47
JMFINANCIL,EQ,05-04-2024,78.05,78.15,82.2,78.15,81.05,81.05,80.65,"79,46,314","64,08,91,251.00","23,446","21,70,141",27.31
JMFINANCIL,EQ,08-04-2024,81.05,82.0,83.25,81.6,82.35,82.45,82.49,"50,46,800","41,62,99,670.60","16,934","23,33,757",46.24
JMFINANCIL,EQ,09-04-2024,82.45,83.35,83.55,81.0,81.65,81.6,82.21,"23,62,081","19,41,95,793.30","10,293","8,39,045",35.52
JMFINANCIL,EQ,10-04-2024,81.6,82.15,83.65,81.9,82.55,82.4,82.57,"34,71,533","28,66,56,655.55","10,435","16,79,518",48.38
JMFINANCIL,EQ,12-04-2024,82.4,82.7,84.2,82.2,82.7,82.6,83.2,"26,28,406","21,86,78,145.20","11,123","13,45,744",51.2
JMFINANCIL,EQ,15-04-2024,82.6,79.6,81.2,78.8,79.9,80.05,80.07,"30,85,035","24,70,28,314.65","15,136","13,95,980",45.25
JMFINANCIL,EQ,16-04-2024,80.05,77.55,82.8,77.35,81.8,81.9,81.56,"32,75,771","26,71,56,854.75","13,690","13,51,695",41.26
JMFINANCIL,EQ,18-04-2024,81.9,82.05,82.55,79.4,79.9,79.75,80.92,"20,13,865","16,29,67,454.25","11,643","10,27,574",51.02
JMFINANCIL,EQ,19-04-2024,79.75,79.5,81.15,78.0,81.0,80.8,79.51,"27,77,626","22,08,57,096.40","10,003","9,16,080",32.98
JMFINANCIL,EQ,22-04-2024,80.8,81.95,82.0,80.5,81.6,81.65,81.47,"15,53,174","12,65,41,968.35","8,452","6,14,952",39.59
JMFINANCIL,EQ,23-04-2024,81.65,82.05,82.2,80.95,81.35,81.3,81.37,"18,91,944","15,39,56,281.30","7,533","11,64,324",61.54
JMFINANCIL,EQ,24-04-2024,81.3,81.6,84.15,81.45,83.15,83.0,82.99,"45,05,787","37,39,31,464.45","15,667","20,92,893",46.45
JMFINANCIL,EQ,25-04-2024,83.0,83.55,83.6,81.8,82.3,82.35,82.67,"23,30,830","19,26,84,287.25","9,854","11,37,604",48.81
JMFINANCIL,EQ,26-04-2024,82.35,82.35,83.0,81.7,81.8,81.9,82.06,"13,49,249","11,07,21,428.25","7,118","7,71,991",57.22
JMFINANCIL,EQ,29-04-2024,81.9,82.0,82.5,80.8,81.7,81.5,81.5,"22,09,021","18,00,43,999.20","10,843","13,21,733",59.83
JMFINANCIL,EQ,30-04-2024,81.5,82.35,90.35,82.3,88.7,88.9,88.12,"3,28,45,416","2,89,43,12,661.85","85,502","63,43,254",19.31
JMFINANCIL,EQ,02-05-2024,88.9,89.0,89.15,84.0,85.05,84.45,85.65,"80,28,440","68,76,35,148.35","28,283","35,87,734",44.69
JMFINANCIL,EQ,03-05-2024,84.45,85.8,87.05,83.6,85.7,85.45,85.2,"63,81,464","54,37,09,843.30","19,395","22,72,231",35.61
JMFINANCIL,EQ,06-05-2024,85.45,86.0,86.05,82.5,83.0,83.2,83.54,"28,56,851","23,86,49,195.15","15,188","10,39,828",36.4
JMFINANCIL,EQ,07-05-2024,83.2,83.25,83.3,80.55,81.85,81.95,81.8,"23,95,255","19,59,26,958.85","14,128","8,08,324",33.75
JMFINANCIL,EQ,08-05-2024,81.95,81.35,82.65,80.9,81.6,81.4,81.76,"11,83,333","9,67,51,765.85","6,960","4,15,457",35.11
JMFINANCIL,EQ,09-05-2024,81.4,81.7,82.2,78.7,79.2,79.25,80.0,"20,41,035","16,32,86,045.10","10,128","10,80,061",52.92
JMFINANCIL,EQ,10-05-2024,79.25,79.0,81.2,77.95,80.5,80.15,79.78,"21,84,517","17,42,76,282.85","8,985","5,79,069",26.51
JMFINANCIL,EQ,13-05-2024,80.15,80.25,80.45,77.9,80.1,79.85,79.11,"14,84,181","11,74,18,466.75","8,029","4,66,666",31.44
JMFINANCIL,EQ,14-05-2024,79.85,79.85,80.9,79.2,80.4,80.25,80.15,"14,66,762","11,75,67,536.20","7,656","7,53,235",51.35
JMFINANCIL,EQ,15-05-2024,80.25,80.6,81.9,80.4,80.75,80.75,81.01,"14,67,416","11,88,81,708.05","7,395","5,92,269",40.36
JMFINANCIL,EQ,16-05-2024,80.75,81.0,83.0,80.95,82.45,82.1,82.11,"17,50,168","14,37,02,919.10","7,381","7,23,478",41.34
JMFINANCIL,EQ,17-05-2024,82.1,82.6,83.5,81.2,81.75,81.6,82.02,"24,80,328","20,34,45,230.85","7,590","13,08,513",52.76
JMFINANCIL,EQ,18-05-2024,81.6,82.05,82.7,81.45,81.5,82.0,81.99,"20,89,068","17,12,90,471.45","2,922","18,24,002",87.31
JMFINANCIL,EQ,21-05-2024,82.0,82.2,82.75,80.4,81.85,81.8,81.54,"28,19,734","22,99,20,218.45","13,558","14,26,713",50.6
JMFINANCIL,EQ,22-05-2024,81.8,82.05,82.8,80.8,82.45,82.5,81.96,"23,60,255","19,34,46,463.05","10,638","12,00,960",50.88
JMFINANCIL,EQ,23-05-2024,82.5,81.6,81.95,79.5,80.0,79.9,80.12,"57,82,293","46,32,82,552.50","22,637","29,60,426",51.2
JMFINANCIL,EQ,24-05-2024,79.9,79.9,81.1,77.6,78.15,78.1,79.11,"51,19,047","40,49,70,828.25","14,710","29,34,714",57.33
JMFINANCIL,EQ,27-05-2024,78.1,77.8,82.6,77.0,81.75,82.2,80.22,"1,09,22,935","87,62,78,206.00","33,057","53,03,314",48.55
JMFINANCIL,EQ,28-05-2024,82.2,83.2,85.05,81.6,82.0,81.9,83.53,"66,22,698","55,32,15,812.55","20,809","25,63,388",38.71
JMFINANCIL,EQ,29-05-2024,81.9,82.0,82.05,80.4,81.5,81.1,81.08,"24,54,043","19,89,84,338.30","7,920","12,39,479",50.51
JMFINANCIL,EQ,30-05-2024,81.1,81.55,81.55,79.6,79.9,79.85,80.47,"13,43,899","10,81,43,167.40","7,093","6,29,601",46.85
JMFINANCIL,EQ,31-05-2024,79.85,80.1,80.8,78.1,78.65,78.6,79.23,"20,23,467","16,03,11,338.05","8,556","10,81,404",53.44
JMFINANCIL,EQ,03-06-2024,78.6,80.95,80.95,78.4,79.8,79.7,79.61,"48,41,868","38,54,40,690.10","18,663","24,25,946",50.1
JMFINANCIL,EQ,04-06-2024,79.7,79.95,79.95,69.0,75.3,75.0,74.45,"75,75,959","56,40,35,575.65","27,571","38,48,480",50.8
JMFINANCIL,EQ,05-06-2024,75.0,75.5,77.5,72.9,77.2,76.75,75.33,"43,63,089","32,86,79,842.55","16,333","23,89,299",54.76
JMFINANCIL,EQ,06-06-2024,76.75,78.2,79.35,77.25,78.5,78.3,78.47,"22,12,367","17,36,11,086.70","7,628","9,39,972",42.49
JMFINANCIL,EQ,07-06-2024,78.3,77.25,81.05,76.7,80.0,79.85,79.59,"35,58,916","28,32,60,871.35","12,129","12,26,066",34.45
JMFINANCIL,EQ,10-06-2024,79.85,80.5,80.5,77.82,78.17,77.97,78.99,"41,34,468","32,65,87,951.66","15,121","24,53,288",59.34
JMFINANCIL,EQ,11-06-2024,77.97,78.9,79.07,77.85,78.44,78.49,78.33,"32,44,995","25,41,73,791.71","14,832","18,65,976",57.5
JMFINANCIL,EQ,12-06-2024,78.49,78.99,81.13,78.41,80.34,80.24,79.9,"72,08,144","57,59,54,503.94","26,577","37,17,429",51.57
JMFINANCIL,EQ,13-06-2024,80.24,81.4,85.5,81.23,84.45,84.37,84.39,"1,77,03,981","1,49,39,64,021.60","62,528","63,24,745",35.72
JMFINANCIL,EQ,14-06-2024,84.37,84.9,86.25,83.31,83.5,83.72,84.86,"56,34,441","47,81,14,888.14","24,409","24,20,136",42.95
JMFINANCIL,EQ,18-06-2024,83.72,83.72,85.58,83.61,84.3,84.35,84.38,"30,16,054","25,44,88,505.17","15,454","14,10,540",46.77
JMFINANCIL,EQ,19-06-2024,84.35,84.85,84.89,81.84,82.7,82.47,82.95,"27,31,524","22,65,67,906.07","15,683","12,51,155",45.8
JMFINANCIL,EQ,20-06-2024,82.47,83.09,88.4,82.73,87.48,87.31,86.39,"93,89,842","81,12,00,593.59","43,747","39,17,637",41.72
JMFINANCIL,EQ,21-06-2024,87.31,84.21,86.53,82.56,83.57,83.29,84.02,"1,22,42,682","1,02,86,57,409.15","41,602","40,35,765",32.96
JMFINANCIL,EQ,24-06-2024,83.29,83.32,84.3,82.05,82.7,82.78,82.98,"23,60,486","19,58,81,560.78","13,520","9,69,783",41.08
JMFINANCIL,EQ,25-06-2024,82.78,82.7,85.08,82.4,82.45,82.7,83.31,"25,45,162","21,20,46,997.14","11,992","11,92,902",46.87
JMFINANCIL,EQ,26-06-2024,82.7,83.46,85.0,82.23,84.75,84.68,83.76,"45,34,761","37,98,35,693.36","18,854","23,87,459",52.65
JMFINANCIL,EQ,27-06-2024,84.68,84.68,86.0,84.0,85.6,85.5,85.27,"42,98,902","36,65,80,197.93","20,581","24,69,788",57.45
JMFINANCIL,EQ,28-06-2024,85.5,85.5,89.59,85.08,87.7,87.56,87.9,"72,22,160","63,48,30,375.03","39,477","30,71,303",42.53
JMFINANCIL,EQ,01-07-2024,87.56,88.5,89.48,87.11,89.09,89.09,88.76,"44,78,789","39,75,49,858.99","27,124","24,84,013",55.46
JMFINANCIL,EQ,02-07-2024,89.09,88.45,92.3,88.36,91.0,90.49,90.93,"68,52,564","62,31,17,184.56","40,972","31,46,753",45.92
JMFINANCIL,EQ,03-07-2024,90.49,91.95,92.0,90.21,90.65,90.66,90.82,"19,55,157","17,75,57,993.39","13,003","9,34,114",47.78
JMFINANCIL,EQ,04-07-2024,90.66,91.25,92.29,90.43,92.1,91.76,91.65,"30,23,685","27,71,23,752.90","17,321","17,21,140",56.92
JMFINANCIL,EQ,05-07-2024,91.76,91.76,99.75,91.49,98.69,98.24,95.59,"95,56,887","91,35,66,876.14","47,703","46,62,782",48.79
JMFINANCIL,EQ,08-07-2024,98.24,100.0,101.25,95.45,96.79,96.1,97.87,"81,20,333","79,47,14,585.83","48,435","32,46,716",39.98
JMFINANCIL,EQ,09-07-2024,96.1,96.8,97.57,94.16,94.8,94.84,95.76,"25,34,737","24,27,14,325.27","19,444","10,73,677",42.36
JMFINANCIL,EQ,10-07-2024,94.84,95.0,97.94,92.0,92.79,92.52,95.29,"99,14,712","94,47,80,678.04","38,017","57,01,191",57.5
JMFINANCIL,EQ,11-07-2024,92.52,93.67,94.8,92.58,93.0,93.09,93.6,"24,50,075","22,93,35,737.31","17,261","9,70,349",39.6
JMFINANCIL,EQ,12-07-2024,93.09,93.3,95.5,92.94,94.1,94.06,93.98,"22,86,071","21,48,37,341.95","19,680","8,25,889",36.13
JMFINANCIL,EQ,15-07-2024,94.06,94.2,96.6,91.59,95.15,95.05,94.26,"32,02,472","30,18,64,493.35","23,072","12,27,589",38.33
JMFINANCIL,EQ,16-07-2024,95.05,96.0,101.73,96.0,99.69,99.33,99.96,"1,55,80,780","1,55,73,88,972.96","71,726","51,36,835",32.97
JMFINANCIL,EQ,18-07-2024,99.33,99.26,100.9,96.94,97.65,97.4,98.85,"37,02,746","36,60,34,422.13","25,345","12,45,731",33.64
JMFINANCIL,EQ,19-07-2024,97.4,97.44,97.99,93.31,93.63,93.98,95.14,"25,98,686","24,72,51,881.40","18,129","10,77,114",41.45
JMFINANCIL,EQ,22-07-2024,93.98,92.56,95.81,91.91,95.05,94.99,94.64,"23,63,113","22,36,55,867.32","19,845","12,22,885",51.75
JMFINANCIL,EQ,23-07-2024,94.99,95.05,96.69,89.91,96.5,96.13,94.09,"36,26,381","34,12,03,776.55","30,276","16,42,341",45.29
JMFINANCIL,EQ,24-07-2024,96.13,96.01,100.0,95.86,99.1,99.39,98.42,"36,20,351","35,63,28,683.34","24,087","13,12,583",36.26
JMFINANCIL,EQ,25-07-2024,99.39,96.2,101.0,96.2,100.25,99.94,99.35,"25,06,829","24,90,55,638.01","19,836","8,18,300",32.64
JMFINANCIL,EQ,26-07-2024,99.94,100.0,105.3,99.94,103.2,102.78,103.59,"87,00,592","90,13,18,718.60","44,156","34,59,891",39.77
JMFINANCIL,EQ,29-07-2024,102.78,103.36,104.3,101.6,102.4,102.45,102.78,"33,21,925","34,14,30,198.71","22,116","16,50,488",49.68
JMFINANCIL,EQ,30-07-2024,102.45,102.93,104.5,101.76,103.66,103.61,103.23,"25,31,904","26,13,80,468.04","23,566","12,78,348",50.49
JMFINANCIL,EQ,31-07-2024,103.61,104.5,106.06,103.76,104.57,104.77,104.76,"39,96,234","41,86,51,248.93","22,383","21,64,969",54.18
JMFINANCIL,EQ,01-08-2024,104.77,105.0,105.9,103.09,104.35,103.73,104.33,"23,92,324","24,95,94,943.58","18,225","12,57,654",52.57
JMFINANCIL,EQ,02-08-2024,103.73,103.0,104.39,102.0,103.9,103.31,103.53,"27,05,045","28,00,50,359.29","27,944","13,03,551",48.19
JMFINANCIL,EQ,05-08-2024,103.31,98.99,102.19,96.83,99.35,98.84,99.29,"41,12,857","40,83,69,973.30","29,976","20,52,142",49.9
JMFINANCIL,EQ,06-08-2024,98.84,100.5,101.82,97.0,97.98,98.61,99.69,"24,30,106","24,22,62,749.77","24,374","10,99,099",45.23
JMFINANCIL,EQ,07-08-2024,98.61,97.7,98.46,95.06,97.4,97.88,97.59,"59,23,756","57,81,06,929.75","44,903","35,21,184",59.44
JMFINANCIL,EQ,08-08-2024,97.88,97.59,100.33,97.52,98.4,98.79,99.14,"50,30,614","49,87,12,400.46","31,669","28,52,308",56.7
JMFINANCIL,EQ,09-08-2024,98.79,98.99,100.18,97.0,97.01,97.25,98.07,"15,83,418","15,52,84,127.93","14,554","8,11,734",51.26
JMFINANCIL,EQ,12-08-2024,97.25,97.01,97.2,94.94,96.05,96.11,96.08,"13,48,329","12,95,49,993.42","11,102","6,50,818",48.27
JMFINANCIL,EQ,13-08-2024,96.11,96.3,97.74,93.42,94.0,93.94,95.32,"15,00,423","14,30,25,308.01","12,701","7,14,292",47.61
JMFINANCIL,EQ,14-08-2024,93.94,94.01,95.0,90.11,90.8,90.93,91.81,"24,80,304","22,77,21,310.41","23,726","14,81,557",59.73
JMFINANCIL,EQ,16-08-2024,90.93,91.49,92.34,89.87,91.01,90.78,90.84,"30,92,078","28,08,93,428.88","24,433","18,96,265",61.33
JMFINANCIL,EQ,19-08-2024,90.78,92.15,96.2,91.1,93.0,92.34,93.86,"41,85,659","39,28,78,735.55","28,528","14,96,012",35.74
JMFINANCIL,EQ,20-08-2024,92.34,93.0,96.2,92.21,94.16,94.04,94.06,"45,97,152","43,24,08,282.88","28,236","22,20,559",48.3
JMFINANCIL,EQ,21-08-2024,94.04,94.1,95.55,92.36,92.45,92.63,93.74,"34,17,559","32,03,63,662.02","21,491","18,57,730",54.36
JMFINANCIL,EQ,22-08-2024,92.63,93.65,94.08,91.92,92.69,92.33,92.97,"28,37,784","26,38,40,481.24","14,624","17,01,889",59.97
JMFINANCIL,EQ,23-08-2024,92.33,92.99,93.18,91.41,91.92,91.72,92.1,"18,37,171","16,91,96,217.66","11,102","11,97,871",65.2
JMFINANCIL,EQ,26-08-2024,91.72,93.05,105.9,92.31,102.5,102.55,101.6,"5,78,47,120","5,87,71,29,724.57","2,00,194","88,98,595",15.38
JMFINANCIL,EQ,27-08-2024,102.55,102.55,104.77,100.43,104.5,103.93,102.85,"1,55,96,924","1,60,41,82,235.56","58,551","31,26,942",20.05
JMFINANCIL,EQ,28-08-2024,103.93,104.0,104.0,101.0,101.75,101.85,102.71,"65,10,608","66,87,13,762.60","37,305","27,66,957",42.5
JMFINANCIL,EQ,29-08-2024,101.85,102.0,113.3,101.29,106.9,106.61,109.29,"5,22,36,371","5,70,88,70,235.25","2,22,463","88,98,722",17.04
JMFINANCIL,EQ,30-08-2024,106.61,107.0,109.6,104.41,106.45,106.59,106.86,"99,48,797","1,06,31,22,787.03","56,923","23,69,329",23.82
JMFINANCIL,EQ,02-09-2024,106.59,106.15,112.5,106.09,108.17,107.96,109.78,"1,52,10,217","1,66,97,76,997.18","67,714","35,10,230",23.08
JMFINANCIL,EQ,03-09-2024,107.96,108.35,119.8,107.52,118.3,118.53,115.87,"5,93,55,016","6,87,75,26,143.12","1,86,263","1,01,94,581",17.18
JMFINANCIL,EQ,04-09-2024,118.53,116.5,124.6,115.66,122.01,122.01,121.72,"5,59,94,239","6,81,54,27,887.60","1,91,313","85,45,931",15.26
JMFINANCIL,EQ,05-09-2024,122.01,122.1,133.74,121.71,125.8,125.5,128.62,"7,68,22,509","9,88,09,39,170.89","2,45,343","1,04,29,717",13.58
JMFINANCIL,EQ,06-09-2024,125.5,125.85,129.68,121.25,125.4,124.22,124.48,"2,50,43,065","3,11,74,67,332.51","95,507","41,87,446",16.72
JMFINANCIL,EQ,09-09-2024,124.22,124.8,129.5,122.5,124.28,124.1,125.91,"2,43,24,881","3,06,27,22,451.36","91,340","51,32,256",21.1
JMFINANCIL,EQ,10-09-2024,124.1,125.3,129.3,122.86,125.8,125.01,126.65,"2,14,20,258","2,71,28,59,303.21","85,357","40,03,980",18.69
JMFINANCIL,EQ,11-09-2024,125.01,125.6,132.7,123.86,126.3,126.19,129.36,"3,59,57,988","4,65,16,66,126.53","1,42,717","70,48,740",19.6
JMFINANCIL,EQ,12-09-2024,126.19,127.5,129.95,126.4,127.45,127.76,128.15,"1,53,48,816","1,96,69,34,808.42","55,566","42,66,304",27.8
JMFINANCIL,EQ,13-09-2024,127.76,128.45,134.49,126.6,129.85,129.37,130.58,"2,29,60,964","2,99,83,51,339.65","77,325","52,96,430",23.07
JMFINANCIL,EQ,16-09-2024,129.37,130.5,135.84,129.3,134.5,133.83,132.52,"2,25,92,874","2,99,40,62,438.23","76,074","51,87,926",22.96
JMFINANCIL,EQ,17-09-2024,133.83,134.95,136.5,129.85,131.65,131.58,132.6,"1,39,97,492","1,85,61,10,930.84","51,866","27,97,205",19.98
JMFINANCIL,EQ,18-09-2024,131.58,131.9,132.39,123.92,125.5,125.43,127.27,"1,40,23,375","1,78,47,58,386.28","50,733","46,00,072",32.8
JMFINANCIL,EQ,19-09-2024,125.43,126.05,128.89,120.48,123.11,122.29,123.37,"1,76,70,782","2,18,00,78,885.11","63,205","61,66,202",34.89
JMFINANCIL,EQ,20-09-2024,122.29,123.2,127.15,123.2,126.35,126.23,125.67,"1,04,41,305","1,31,21,26,475.57","46,838","30,47,586",29.19
JMFINANCIL,EQ,23-09-2024,126.23,126.85,129.9,126.85,127.7,127.92,128.42,"1,14,93,240","1,47,59,55,214.83","45,436","46,32,186",40.3
JMFINANCIL,EQ,24-09-2024,127.92,128.25,146.7,127.16,142.0,143.68,138.45,"6,91,68,659","9,57,66,09,550.60","2,18,902","1,36,05,263",19.67
JMFINANCIL,EQ,25-09-2024,143.68,140.2,144.34,137.21,139.35,139.9,140.59,"3,25,94,036","4,58,23,95,788.53","1,15,230","73,72,562",22.62
JMFINANCIL,EQ,26-09-2024,139.9,139.89,142.7,134.5,141.02,141.24,139.16,"2,44,52,218","3,40,26,71,406.84","90,670","37,75,777",15.44
JMFINANCIL,EQ,27-09-2024,141.24,141.24,152.0,139.09,143.65,142.89,146.41,"5,82,74,251","8,53,21,77,063.41","2,19,210","1,18,79,659",20.39
JMFINANCIL,EQ,30-09-2024,142.89,146.0,154.92,143.4,151.25,150.63,150.5,"6,93,83,846","10,44,23,04,039.26","2,43,686","1,41,10,999",20.34
JMFINANCIL,EQ,01-10-2024,150.63,152.0,157.65,149.22,154.25,153.94,153.6,"3,62,50,030","5,56,81,19,598.93","1,39,786","53,24,780",14.69
JMFINANCIL,EQ,03-10-2024,153.94,149.0,153.94,142.37,144.0,143.75,148.51,"2,40,76,971","3,57,55,52,299.92","89,925","67,26,635",27.94
JMFINANCIL,EQ,04-10-2024,143.75,144.87,147.25,139.17,143.29,143.57,144.04,"2,41,33,870","3,47,62,39,112.72","86,261","43,83,260",18.16
JMFINANCIL,EQ,07-10-2024,143.57,144.65,146.87,135.27,138.44,138.17,140.22,"2,06,38,585","2,89,38,94,686.03","92,308","49,21,701",23.85
JMFINANCIL,EQ,08-10-2024,138.17,138.45,144.3,134.68,137.77,137.34,139.21,"2,04,11,136","2,84,14,08,130.98","83,789","41,55,873",20.36
JMFINANCIL,EQ,09-10-2024,137.34,138.8,143.7,138.34,141.25,141.33,141.71,"1,76,20,796","2,49,71,07,005.61","74,924","30,21,398",17.15
JMFINANCIL,EQ,10-10-2024,141.33,142.5,146.45,141.22,144.55,144.99,144.22,"1,55,29,824","2,23,96,36,111.97","66,975","30,75,732",19.81
JMFINANCIL,EQ,11-10-2024,144.99,145.2,160.45,143.2,153.2,153.87,153.15,"5,78,53,330","8,86,01,15,925.47","2,09,434","80,33,152",13.89
JMFINANCIL,EQ,14-10-2024,153.87,154.5,158.6,151.91,155.3,155.61,155.54,"2,17,62,769","3,38,49,13,742.56","92,776","60,07,879",27.61
JMFINANCIL,EQ,15-10-2024,155.61,156.25,165.0,155.8,158.6,158.27,160.1,"3,04,62,957","4,87,72,61,614.92","1,25,963","52,86,900",17.36
JMFINANCIL,EQ,16-10-2024,158.27,158.45,163.0,158.3,161.5,161.96,161.02,"1,83,09,221","2,94,82,01,129.95","80,100","36,10,517",19.72
JMFINANCIL,EQ,17-10-2024,161.96,162.55,162.97,155.0,155.9,155.95,158.25,"1,63,90,743","2,59,37,59,144.16","75,698","32,83,873",20.03
JMFINANCIL,EQ,18-10-2024,155.95,156.0,160.2,150.22,159.6,158.69,154.93,"2,06,69,306","3,20,23,72,334.13","86,675","51,04,129",24.69
JMFINANCIL,EQ,21-10-2024,158.69,164.0,168.75,142.71,147.0,147.05,157.11,"5,58,39,326","8,77,30,23,820.39","2,22,897","1,01,32,834",18.15
JMFINANCIL,EQ,22-10-2024,147.05,148.0,150.99,137.36,138.89,138.36,142.85,"2,47,00,405","3,52,84,96,926.06","1,23,040","60,84,714",24.63
JMFINANCIL,EQ,23-10-2024,138.36,139.99,145.42,136.43,141.6,141.67,141.67,"2,60,15,690","3,68,56,98,517.96","1,13,676","35,26,425",13.55
JMFINANCIL,EQ,24-10-2024,141.67,142.24,142.88,135.7,136.53,136.52,139.4,"1,31,97,567","1,83,97,98,796.77","67,553","27,19,900",20.61
JMFINANCIL,EQ,25-10-2024,136.52,136.5,140.9,132.47,136.45,134.69,136.09,"2,97,28,566","4,04,56,24,880.11","1,30,283","53,49,464",17.99
JMFINANCIL,EQ,28-10-2024,134.69,136.27,140.0,129.8,137.14,137.14,135.48,"1,69,93,058","2,30,22,17,106.29","84,420","26,89,267",15.83
JMFINANCIL,EQ,29-10-2024,137.14,137.41,138.18,133.55,135.89,136.05,135.54,"81,16,365","1,10,00,62,498.74","40,095","12,77,401",15.74
JMFINANCIL,EQ,30-10-2024,136.05,136.0,142.49,135.19,138.2,138.86,139.58,"1,21,55,320","1,69,66,07,057.22","63,050","21,34,180",17.56
JMFINANCIL,EQ,31-10-2024,138.86,138.42,141.39,137.15,139.7,140.29,139.15,"82,56,496","1,14,88,86,406.01","40,136","16,58,583",20.09
JMFINANCIL,EQ,01-11-2024,140.29,140.85,142.6,140.84,141.7,141.82,141.85,"23,82,498","33,79,60,816.56","15,024","8,98,308",37.7
JMFINANCIL,EQ,04-11-2024,141.82,142.01,142.4,134.51,135.48,135.42,137.29,"76,17,810","1,04,58,31,672.88","45,577","18,84,035",24.73
JMFINANCIL,EQ,05-11-2024,135.42,136.2,142.0,135.54,140.4,141.22,139.11,"90,31,528","1,25,63,73,688.70","45,133","17,47,709",19.35
JMFINANCIL,EQ,06-11-2024,141.22,141.3,146.66,141.3,144.6,144.59,144.52,"1,11,41,167","1,61,00,97,788.00","51,326","27,26,936",24.48
JMFINANCIL,EQ,07-11-2024,144.59,144.95,151.49,144.81,148.55,148.2,149.0,"1,43,58,184","2,13,93,86,719.67","79,667","32,19,188",22.42
JMFINANCIL,EQ,08-11-2024,148.2,149.38,149.38,144.65,146.25,145.85,146.68,"74,99,010","1,09,99,64,265.96","57,128","22,28,432",29.72
JMFINANCIL,EQ,11-11-2024,145.85,145.87,147.17,139.06,140.16,140.12,143.26,"73,58,407","1,05,41,54,705.31","37,755","20,01,250",27.2
JMFINANCIL,EQ,12-11-2024,140.12,141.0,142.5,134.23,136.2,135.91,138.66,"64,94,954","90,05,81,982.75","32,863","18,16,721",27.97
JMFINANCIL,EQ,13-11-2024,135.91,135.0,136.7,128.17,130.0,129.35,131.85,"88,06,277","1,16,10,80,788.17","57,288","24,65,954",28.0
JMFINANCIL,EQ,14-11-2024,129.35,130.25,133.8,128.21,129.19,129.05,130.79,"77,38,406","1,01,20,91,163.15","40,902","16,25,561",21.01
JMFINANCIL,EQ,18-11-2024,129.05,129.9,131.64,125.35,129.35,129.77,128.52,"93,58,386","1,20,27,24,265.61","45,743","24,34,400",26.01
JMFINANCIL,EQ,19-11-2024,129.77,130.46,135.49,130.3,131.5,132.06,133.35,"87,29,989","1,16,41,49,595.81","52,755","22,56,848",25.85
JMFINANCIL,EQ,21-11-2024,132.06,132.5,132.5,129.35,132.09,131.91,131.25,"63,75,861","83,68,42,630.86","28,626","13,84,108",21.71
JMFINANCIL,EQ,22-11-2024,131.91,132.58,135.99,132.18,132.81,132.98,133.46,"71,01,898","94,78,38,178.40","29,276","15,00,036",21.12
JMFINANCIL,EQ,25-11-2024,132.98,135.0,136.8,132.31,133.46,133.4,134.79,"43,24,633","58,29,17,385.77","25,954","10,42,518",24.11
JMFINANCIL,EQ,26-11-2024,133.4,133.8,134.53,132.73,132.97,133.0,133.55,"41,66,599","55,64,64,523.11","17,453","12,33,416",29.6
JMFINANCIL,EQ,27-11-2024,133.0,133.7,135.34,131.46,133.83,133.96,133.3,"49,40,691","65,86,11,890.36","27,226","12,82,939",25.97
JMFINANCIL,EQ,28-11-2024,133.96,134.25,139.45,133.29,137.0,136.9,136.99,"99,79,734","1,36,71,12,915.04","64,171","32,27,454",32.34
JMFINANCIL,EQ,29-11-2024,136.9,137.19,137.2,134.06,136.68,136.49,135.81,"42,74,695","58,05,57,292.42","20,363","10,91,009",25.52
JMFINANCIL,EQ,02-12-2024,136.49,136.5,140.2,134.12,138.6,139.22,137.78,"72,79,631","1,00,30,05,626.38","36,722","21,89,912",30.08
JMFINANCIL,EQ,03-12-2024,139.22,139.35,142.7,138.1,139.5,139.55,140.35,"90,23,861","1,26,64,56,901.76","48,540","29,62,397",32.83
JMFINANCIL,EQ,04-12-2024,139.55,140.24,140.45,137.52,138.9,139.23,139.03,"45,03,919","62,61,79,163.44","36,360","13,44,144",29.84
JMFINANCIL,EQ,05-12-2024,139.23,139.5,142.4,137.97,139.23,139.27,140.03,"82,35,983","1,15,32,95,678.68","46,192","31,09,331",37.75
JMFINANCIL,EQ,06-12-2024,139.27,139.9,142.31,138.9,140.09,139.78,140.35,"63,35,422","88,91,51,391.24","30,904","21,17,191",33.42
JMFINANCIL,EQ,09-12-2024,139.78,140.55,148.66,140.39,143.59,143.4,145.47,"1,51,96,143","2,21,05,78,304.95","79,980","43,05,040",28.33
JMFINANCIL,EQ,10-12-2024,143.4,144.2,145.19,139.35,141.0,140.41,141.59,"51,67,137","73,16,02,905.45","26,836","20,54,239",39.76
JMFINANCIL,EQ,11-12-2024,140.41,140.8,142.75,140.1,141.16,140.87,141.03,"32,70,965","46,12,95,125.87","19,721","10,64,929",32.56
JMFINANCIL,EQ,12-12-2024,140.87,141.2,143.87,139.26,139.62,140.02,141.0,"54,50,526","76,85,43,980.21","25,407","14,51,938",26.64
JMFINANCIL,EQ,13-12-2024,140.02,139.3,140.1,135.15,139.9,139.52,137.95,"42,25,126","58,28,37,000.74","33,437","11,48,429",27.18
JMFINANCIL,EQ,16-12-2024,139.52,139.8,141.5,139.21,139.7,139.63,140.24,"24,63,420","34,54,60,227.76","15,442","7,51,062",30.49
JMFINANCIL,EQ,17-12-2024,139.63,139.7,140.59,137.3,138.5,138.0,138.61,"26,73,593","37,05,93,181.83","15,968","11,15,511",41.72
JMFINANCIL,EQ,18-12-2024,138.0,138.35,138.65,134.3,134.9,135.26,135.62,"26,07,677","35,36,56,610.84","24,380","10,35,235",39.7
JMFINANCIL,EQ,19-12-2024,135.26,133.0,134.28,131.27,133.76,132.93,132.56,"24,05,268","31,88,38,354.05","19,803","8,78,315",36.52
JMFINANCIL,EQ,20-12-2024,132.93,133.3,136.75,129.0,130.0,130.94,134.1,"44,77,884","60,04,70,411.57","29,030","14,10,421",31.5
JMFINANCIL,EQ,23-12-2024,130.94,131.1,132.2,125.5,127.25,126.39,128.08,"40,18,422","51,46,97,591.67","32,283","13,54,105",33.7
JMFINANCIL,EQ,24-12-2024,126.39,127.5,127.99,124.07,125.0,124.66,125.89,"30,71,283","38,66,57,275.46","23,764","11,80,084",38.42
JMFINANCIL,EQ,26-12-2024,124.66,125.0,126.04,122.41,124.9,125.2,124.04,"37,48,635","46,49,62,684.54","26,810","13,97,738",37.29
JMFINANCIL,EQ,27-12-2024,125.2,125.25,128.0,125.17,127.2,127.43,127.06,"39,66,309","50,39,65,203.93","21,726","20,25,322",51.06
JMFINANCIL,EQ,30-12-2024,127.43,126.76,131.95,126.22,129.6,129.7,129.73,"44,76,005","58,06,56,362.86","40,574","13,13,242",29.34
JMFINANCIL,EQ,31-12-2024,129.7,130.36,131.0,126.4,129.5,130.0,128.52,"26,66,732","34,27,37,210.42","20,224","7,08,844",26.58
JMFINANCIL,EQ,01-01-2025,130.0,129.56,130.99,127.6,129.8,130.04,129.37,"25,74,249","33,30,37,653.18","17,110","8,70,471",33.81
JMFINANCIL,EQ,02-01-2025,130.04,130.0,133.53,129.55,132.79,132.95,131.97,"25,28,325","33,36,71,749.95","19,686","7,49,003",29.62
JMFINANCIL,EQ,03-01-2025,132.95,133.0,135.22,129.61,129.9,130.21,132.79,"38,50,893","51,13,48,227.50","33,540","15,13,396",39.3
JMFINANCIL,EQ,06-01-2025,130.21,130.21,130.21,120.0,121.99,121.0,123.46,"47,77,100","58,97,68,284.22","45,656","19,29,382",40.39
JMFINANCIL,EQ,07-01-2025,121.0,122.6,125.2,121.8,123.8,124.39,123.65,"22,76,492","28,14,93,731.81","23,274","7,17,425",31.51
JMFINANCIL,EQ,08-01-2025,124.39,124.39,124.84,119.51,121.6,121.89,121.2,"35,36,612","42,86,54,503.02","26,925","14,90,166",42.14
JMFINANCIL,EQ,09-01-2025,121.89,121.88,123.98,121.23,123.17,123.16,122.75,"20,74,390","25,46,28,352.34","21,076","6,33,344",30.53
JMFINANCIL,EQ,10-01-2025,123.16,123.0,123.0,117.5,118.0,118.08,119.46,"22,72,949","27,15,35,107.64","29,555","7,88,358",34.68
JMFINANCIL,EQ,13-01-2025,118.08,114.0,117.74,111.66,112.55,112.88,114.76,"53,35,993","61,23,33,417.63","50,001","20,55,846",38.53
JMFINANCIL,EQ,14-01-2025,112.88,114.5,118.0,113.2,117.55,116.68,115.89,"36,62,899","42,44,89,894.03","25,356","16,36,033",44.66
JMFINANCIL,EQ,15-01-2025,116.68,117.8,119.8,116.33,117.72,117.66,117.9,"19,19,039","22,62,54,508.00","19,510","4,85,802",25.31
JMFINANCIL,EQ,16-01-2025,117.66,118.9,120.9,118.76,119.01,119.36,119.97,"13,71,782","16,45,70,616.07","14,002","5,55,351",40.48
JMFINANCIL,EQ,17-01-2025,119.36,119.6,119.6,115.92,117.49,117.27,117.24,"14,99,072","17,57,57,697.32","12,457","5,73,122",38.23
JMFINANCIL,EQ,20-01-2025,117.27,117.55,122.58,116.88,120.0,120.35,119.45,"24,10,713","28,79,50,556.91","21,391","6,56,466",27.23
JMFINANCIL,EQ,21-01-2025,120.35,120.35,121.48,115.22,116.15,115.99,117.9,"19,87,899","23,43,73,519.56","20,719","7,99,886",40.24
JMFINANCIL,EQ,22-01-2025,115.99,116.39,117.24,111.05,113.2,113.33,113.26,"23,31,200","26,40,32,658.39","21,755","8,97,847",38.51
JMFINANCIL,EQ,23-01-2025,113.33,113.15,116.31,112.75,114.35,114.27,114.7,"15,96,357","18,31,01,692.69","18,749","6,05,834",37.95
JMFINANCIL,EQ,24-01-2025,114.27,114.5,115.49,110.0,110.48,110.36,111.81,"18,86,847","21,09,60,749.65","24,808","7,23,768",38.36
JMFINANCIL,EQ,27-01-2025,110.36,108.2,108.97,105.5,107.0,107.6,106.97,"21,06,130","22,52,88,160.48","23,424","8,95,234",42.51
JMFINANCIL,EQ,28-01-2025,107.6,107.75,109.4,103.07,107.1,107.09,106.4,"35,93,236","38,23,11,937.46","33,711","13,70,893",38.15
JMFINANCIL,EQ,29-01-2025,107.09,102.31,110.89,95.28,109.4,108.69,101.51,"2,16,97,851","2,20,24,71,756.11","1,69,897","46,14,364",21.27
JMFINANCIL,EQ,30-01-2025,108.69,108.7,109.95,105.68,106.99,106.8,107.25,"35,13,585","37,68,23,147.85","33,462","7,76,061",22.09
JMFINANCIL,EQ,31-01-2025,106.8,107.0,110.95,106.61,110.25,110.07,109.38,"34,57,856","37,82,13,903.68","36,713","11,48,828",33.22
JMFINANCIL,EQ,01-02-2025,110.07,109.91,114.9,109.0,111.6,112.31,112.37,"27,83,012","31,27,25,546.73","27,924","6,51,121",23.4
JMFINANCIL,EQ,03-02-2025,112.31,110.1,110.9,106.1,106.44,106.92,108.03,"29,37,078","31,72,95,585.92","36,167","8,70,291",29.63
JMFINANCIL,EQ,04-02-2025,106.92,106.92,109.12,105.5,107.52,107.83,107.49,"28,41,961","30,54,82,077.79","36,279","9,67,180",34.03
JMFINANCIL,EQ,05-02-2025,107.83,108.5,109.95,107.33,109.0,108.95,109.12,"20,17,092","22,00,99,133.86","27,605","7,52,626",37.31
JMFINANCIL,EQ,06-02-2025,108.95,110.0,110.84,107.8,110.65,110.4,109.59,"22,31,922","24,45,90,410.87","21,027","7,04,326",31.56
JMFINANCIL,EQ,07-02-2025,110.4,111.0,118.78,111.0,117.34,117.35,116.26,"1,73,43,645","2,01,64,29,040.64","97,992","23,83,159",13.74
JMFINANCIL,EQ,10-02-2025,117.35,117.0,117.4,108.0,108.72,108.7,110.67,"52,44,796","58,04,32,559.43","43,360","11,72,899",22.36
JMFINANCIL,EQ,11-02-2025,108.7,107.03,108.26,101.99,103.23,103.08,104.15,"39,80,518","41,45,82,439.55","31,083","12,37,511",31.09
JMFINANCIL,EQ,12-02-2025,103.08,103.08,107.5,97.5,102.0,102.09,101.05,"60,64,028","61,27,65,959.30","43,796","19,58,600",32.3
JMFINANCIL,EQ,13-02-2025,102.09,103.05,104.59,100.01,101.8,102.23,102.96,"25,49,353","26,24,89,212.97","22,750","6,99,864",27.45
JMFINANCIL,EQ,14-02-2025,102.23,102.0,102.65,95.39,98.27,98.44,98.29,"80,13,329","78,76,00,073.96","66,807","31,31,944",39.08
JMFINANCIL,EQ,17-02-2025,98.44,96.39,101.28,95.12,100.5,100.48,99.31,"38,87,841","38,61,05,507.44","41,955","9,35,672",24.07
JMFINANCIL,EQ,18-02-2025,100.48,99.17,100.54,96.15,97.02,97.49,97.46,"22,22,191","21,65,85,013.11","21,706","6,58,582",29.64
JMFINANCIL,EQ,19-02-2025,97.49,96.61,102.48,96.22,101.4,101.87,100.51,"29,56,918","29,72,03,251.76","30,109","9,69,515",32.79
JMFINANCIL,EQ,20-02-2025,101.87,101.5,104.7,99.86,102.69,103.0,103.03,"21,61,786","22,27,36,538.80","23,357","6,75,346",31.24
JMFINANCIL,EQ,21-02-2025,103.0,105.5,108.61,100.11,101.8,102.82,104.4,"69,89,995","72,97,40,952.35","47,834","14,62,806",20.93
JMFINANCIL,EQ,24-02-2025,102.82,100.86,103.0,98.81,100.99,101.34,100.94,"22,65,959","22,87,18,185.66","24,540","5,79,183",25.56
JMFINANCIL,EQ,25-02-2025,101.34,100.0,102.25,97.5,97.72,98.52,100.38,"17,58,321","17,64,96,337.90","18,358","6,12,440",34.83
JMFINANCIL,EQ,27-02-2025,98.52,98.52,99.29,94.8,95.18,96.0,96.25,"23,08,816","22,22,12,395.98","23,456","7,72,101",33.44
JMFINANCIL,EQ,28-02-2025,96.0,96.0,96.0,91.75,91.75,92.29,93.13,"24,98,966","23,27,25,024.86","25,074","9,22,394",36.91
JMFINANCIL,EQ,03-03-2025,92.29,92.29,94.26,87.0,90.95,90.68,89.71,"35,09,948","31,48,68,950.19","37,109","12,23,950",34.87
JMFINANCIL,EQ,04-03-2025,90.68,90.0,93.55,89.24,92.0,93.2,92.32,"28,55,156","26,36,02,181.05","24,388","9,93,599",34.8
JMFINANCIL,EQ,05-03-2025,93.2,93.0,97.17,92.58,96.24,96.51,95.38,"28,16,210","26,86,06,745.53","22,969","8,55,971",30.39
JMFINANCIL,EQ,06-03-2025,96.51,97.45,98.54,95.22,95.7,95.86,97.26,"28,73,034","27,94,37,903.80","25,398","12,28,060",42.74
JMFINANCIL,EQ,07-03-2025,95.86,96.18,99.47,95.84,97.61,97.5,97.89,"37,11,164","36,32,76,465.50","27,076","14,61,831",39.39
JMFINANCIL,EQ,10-03-2025,97.5,97.5,98.98,90.01,90.29,90.42,92.15,"82,59,383","76,10,80,464.92","50,165","34,82,030",42.16
JMFINANCIL,EQ,11-03-2025,90.42,89.19,92.42,87.48,90.75,90.52,89.71,"50,62,354","45,41,41,102.16","37,440","21,14,020",41.76
JMFINANCIL,EQ,12-03-2025,90.52,89.15,92.19,87.26,87.9,88.02,89.38,"46,43,761","41,50,53,705.58","34,007","20,96,116",45.14
JMFINANCIL,EQ,13-03-2025,88.02,89.08,91.05,88.02,89.05,89.11,89.63,"43,36,486","38,86,58,803.59","35,043","12,09,874",27.9
JMFINANCIL,EQ,17-03-2025,89.11,88.61,90.27,83.6,84.0,84.06,85.91,"57,46,132","49,36,30,590.60","40,108","22,14,625",38.54
JMFINANCIL,EQ,18-03-2025,84.06,84.74,88.51,84.73,88.4,87.87,87.05,"51,03,089","44,42,36,738.87","32,168","19,57,390",38.36
JMFINANCIL,EQ,19-03-2025,87.87,88.55,91.95,88.54,91.11,91.17,90.83,"48,49,931","44,04,95,368.96","38,243","20,91,961",43.13
JMFINANCIL,EQ,20-03-2025,91.17,92.5,94.57,91.05,91.49,91.45,92.84,"44,34,674","41,17,12,928.62","30,811","20,29,576",45.77
JMFINANCIL,EQ,21-03-2025,91.45,92.42,102.7,91.62,97.88,97.84,98.38,"1,77,41,261","1,74,53,04,932.52","1,09,961","30,39,262",17.13
JMFINANCIL,EQ,24-03-2025,97.84,98.5,99.98,97.41,97.83,98.14,98.71,"37,13,128","36,65,04,507.84","29,200","12,51,503",33.7
JMFINANCIL,EQ,25-03-2025,98.14,98.64,99.3,94.41,95.59,95.37,96.04,"36,86,317","35,40,16,099.47","33,923","13,24,428",35.93
JMFINANCIL,EQ,26-03-2025,95.37,95.8,102.5,95.67,96.3,97.25,98.79,"1,02,85,463","1,01,61,48,823.09","73,464","18,01,458",17.51
JMFINANCIL,EQ,27-03-2025,97.25,96.29,97.3,94.18,96.4,95.83,95.87,"41,09,629","39,39,78,867.42","34,595","14,83,591",36.1
JMFINANCIL,EQ,28-03-2025,95.83,96.4,98.83,95.0,95.1,96.09,96.76,"31,16,225","30,15,14,124.79","25,587","11,59,142",37.2
JMFINANCIL,EQ,01-04-2025,96.09,95.8,97.4,95.0,96.6,96.36,96.25,"21,61,651","20,80,62,931.21","17,978","6,22,836",28.81
JMFINANCIL,EQ,02-04-2025,96.36,96.75,97.1,93.3,96.24,96.13,95.37,"27,34,380","26,07,67,443.31","22,217","9,37,084",34.27
JMFINANCIL,EQ,03-04-2025,96.13,95.64,100.25,95.15,99.73,99.66,98.58,"29,84,744","29,42,28,506.43","28,518","11,13,036",37.29
JMFINANCIL,EQ,04-04-2025,99.66,99.0,99.06,94.5,95.29,95.22,96.26,"23,06,530","22,20,22,443.86","18,430","8,71,649",37.79
JMFINANCIL,EQ,07-04-2025,95.22,80.92,89.65,80.2,86.2,87.86,87.5,"57,32,829","50,16,00,804.63","52,029","24,04,044",41.93
JMFINANCIL,EQ,08-04-2025,87.86,96.62,96.62,89.5,92.41,92.14,91.33,"38,19,028","34,87,85,005.83","30,748","7,46,310",19.54
JMFINANCIL,EQ,09-04-2025,92.14,92.41,92.42,89.4,91.99,91.63,90.68,"31,05,853","28,16,47,809.59","22,828","16,39,739",52.8
JMFINANCIL,EQ,11-04-2025,91.63,95.0,95.55,93.09,95.29,95.32,94.75,"22,46,356","21,28,31,098.61","22,114","8,02,518",35.73
JMFINANCIL,EQ,15-04-2025,95.32,96.19,98.8,96.19,97.3,97.56,97.46,"23,07,554","22,48,84,476.43","25,970","10,79,879",46.8
JMFINANCIL,EQ,16-04-2025,97.56,97.2,101.26,96.84,99.87,99.7,99.55,"28,18,079","28,05,52,838.14","25,607","12,17,890",43.22
JMFINANCIL,EQ,17-04-2025,99.7,99.87,101.05,99.11,100.4,100.38,100.21,"19,21,838","19,25,85,842.14","25,332","6,91,321",35.97
JMFINANCIL,EQ,21-04-2025,100.38,100.9,103.64,100.23,102.55,102.61,102.34,"27,76,278","28,41,20,322.68","22,281","8,57,184",30.88
JMFINANCIL,EQ,22-04-2025,102.61,103.1,107.53,101.1,105.38,105.71,105.53,"41,39,667","43,68,41,376.56","26,173","12,84,938",31.04
JMFINANCIL,EQ,23-04-2025,105.71,106.25,107.55,102.8,105.15,105.06,105.12,"24,59,790","25,85,67,493.08","21,414","8,05,419",32.74
JMFINANCIL,EQ,24-04-2025,105.06,105.02,106.83,103.9,104.3,104.22,105.35,"16,27,067","17,14,14,747.64","18,789","4,95,347",30.44
JMFINANCIL,EQ,25-04-2025,104.22,105.28,105.5,100.56,102.54,102.46,102.26,"26,53,790","27,13,86,065.10","36,586","9,56,863",36.06
JMFINANCIL,EQ,28-04-2025,102.46,102.0,104.74,101.5,104.5,104.48,103.28,"21,40,205","22,10,49,720.93","29,612","8,87,276",41.46
JMFINANCIL,EQ,29-04-2025,104.48,105.5,106.75,102.39,102.99,102.6,104.06,"24,62,106","25,62,05,203.50","29,922","10,49,287",42.62
JMFINANCIL,EQ,30-04-2025,102.6,101.1,103.66,100.21,100.48,101.54,101.83,"20,53,943","20,91,48,631.06","20,056","8,40,837",40.94
JMFINANCIL,EQ,02-05-2025,101.54,101.54,102.28,98.52,101.55,101.15,100.55,"22,96,394","23,09,04,522.18","26,409","7,10,719",30.95
JMFINANCIL,EQ,05-05-2025,101.15,100.88,102.15,99.2,101.2,101.43,101.38,"19,26,074","19,52,74,282.58","12,595","10,11,189",52.5
JMFINANCIL,EQ,06-05-2025,101.43,101.44,102.35,98.94,99.93,99.9,100.17,"18,89,500","18,92,66,386.22","17,331","9,55,340",50.56
JMFINANCIL,EQ,07-05-2025,99.9,97.3,100.9,96.45,100.4,100.46,98.76,"23,13,550","22,84,79,269.78","27,527","10,22,360",44.19
JMFINANCIL,EQ,08-05-2025,100.46,101.05,102.13,97.35,97.51,99.83,100.99,"15,17,559","15,32,59,101.92","14,814","6,63,375",43.71
JMFINANCIL,EQ,09-05-2025,99.83,97.69,102.45,97.12,100.05,99.83,98.86,"15,20,275","15,03,01,527.72","22,017","5,06,190",33.3
JMFINANCIL,EQ,12-05-2025,99.83,103.13,106.65,102.61,106.11,105.8,104.9,"29,57,090","31,02,08,174.49","27,154","12,28,462",41.54
JMFINANCIL,EQ,13-05-2025,105.8,110.0,116.43,108.39,110.0,110.13,112.47,"2,98,70,979","3,35,96,55,764.89","1,25,208","49,89,188",16.7
JMFINANCIL,EQ,14-05-2025,110.13,110.5,112.99,109.2,111.5,111.27,111.36,"51,70,528","57,57,65,946.27","47,679","17,68,936",34.21
JMFINANCIL,EQ,15-05-2025,111.27,111.27,115.4,111.22,114.9,114.94,114.21,"60,23,935","68,80,01,163.31","37,938","27,09,037",44.97
JMFINANCIL,EQ,16-05-2025,114.94,115.4,117.0,113.82,114.99,115.18,115.34,"40,50,396","46,71,75,586.69","24,834","18,63,262",46.0
JMFINANCIL,EQ,19-05-2025,115.18,115.7,120.85,115.44,117.5,117.6,118.83,"65,19,705","77,47,22,595.85","40,249","32,92,561",50.5
JMFINANCIL,EQ,20-05-2025,117.6,118.08,121.6,115.29,116.55,116.61,117.09,"32,03,213","37,50,67,842.26","21,636","13,36,641",41.73
JMFINANCIL,EQ,21-05-2025,116.61,115.97,125.5,114.88,122.26,121.85,121.42,"91,28,419","1,10,83,96,241.91","57,721","28,96,519",31.73
JMFINANCIL,EQ,22-05-2025,121.85,121.85,124.2,121.5,123.8,123.75,122.99,"43,11,058","53,02,28,882.68","34,477","15,13,337",35.1
JMFINANCIL,EQ,23-05-2025,123.75,124.0,124.2,119.31,120.3,120.42,120.93,"26,55,962","32,11,90,309.28","21,632","8,55,388",32.21
JMFINANCIL,EQ,26-05-2025,120.42,121.01,123.75,120.83,122.0,122.12,122.13,"26,60,760","32,49,67,747.40","20,621","12,57,951",47.28
JMFINANCIL,EQ,27-05-2025,122.12,122.4,124.44,121.2,122.12,122.38,122.59,"26,76,850","32,81,45,710.29","17,746","11,03,932",41.24
JMFINANCIL,EQ,28-05-2025,122.38,123.14,130.0,122.26,128.85,128.73,127.28,"81,45,360","1,03,67,05,283.22","56,837","30,19,081",37.07
JMFINANCIL,EQ,29-05-2025,128.73,129.75,131.5,125.56,126.55,126.3,127.47,"32,44,401","41,35,77,764.10","24,816","11,89,803",36.67
JMFINANCIL,EQ,30-05-2025,126.3,126.8,128.24,124.64,127.75,127.74,126.79,"27,33,854","34,66,36,959.05","21,576","10,89,644",39.86
JMFINANCIL,EQ,02-06-2025,127.74,128.44,134.85,126.17,133.88,133.73,132.05,"75,27,061","99,39,70,367.02","52,862","27,85,084",37.0
JMFINANCIL,EQ,03-06-2025,133.73,134.38,135.1,130.0,130.1,130.87,132.36,"32,14,940","42,55,32,042.60","26,313","13,93,144",43.33
JMFINANCIL,EQ,04-06-2025,130.87,130.1,131.8,127.74,130.62,130.92,130.32,"28,40,245","37,01,29,520.11","22,218","10,30,135",36.27
JMFINANCIL,EQ,05-06-2025,130.92,131.21,143.45,131.21,141.0,141.62,139.89,"2,84,75,957","3,98,34,24,940.83","1,55,884","49,11,600",17.25
JMFINANCIL,EQ,06-06-2025,141.62,141.95,144.42,138.75,142.33,142.57,141.28,"1,03,12,459","1,45,69,60,871.92","69,151","44,24,071",42.9
JMFINANCIL,EQ,09-06-2025,142.57,143.28,155.99,143.25,154.82,155.02,150.97,"2,16,81,424","3,27,31,72,712.55","1,25,267","56,92,335",26.25
JMFINANCIL,EQ,10-06-2025,155.02,154.91,154.91,149.25,151.15,151.88,151.51,"1,00,75,793","1,52,66,31,576.46","50,710","39,27,428",38.98
JMFINANCIL,EQ,11-06-2025,151.88,151.0,152.58,146.26,148.03,148.33,149.39,"54,10,588","80,82,88,030.54","45,129","19,87,771",36.74
JMFINANCIL,EQ,12-06-2025,148.33,148.33,151.0,145.8,145.99,146.52,148.14,"61,62,643","91,29,42,009.62","53,869","20,69,165",33.58
JMFINANCIL,EQ,13-06-2025,146.52,140.0,144.63,139.41,144.05,143.41,142.76,"50,25,736","71,74,53,087.04","44,668","17,81,299",35.44
JMFINANCIL,EQ,16-06-2025,143.41,143.0,144.5,138.0,142.8,143.28,141.1,"36,66,074","51,72,83,520.01","40,720","12,36,096",33.72
JMFINANCIL,EQ,17-06-2025,143.28,143.89,146.3,140.5,141.27,141.28,142.95,"45,82,116","65,49,99,161.72","46,871","17,38,082",37.93
JMFINANCIL,EQ,18-06-2025,141.28,141.0,146.64,139.45,142.15,142.5,144.09,"64,13,871","92,42,00,113.04","51,858","18,60,416",29.01
JMFINANCIL,EQ,19-06-2025,142.5,142.0,143.0,137.1,138.4,138.65,140.2,"36,07,349","50,57,47,753.89","43,473","16,62,403",46.08
JMFINANCIL,EQ,20-06-2025,138.65,138.35,143.99,137.1,140.47,140.21,140.51,"54,49,577","76,57,19,628.50","47,529","20,70,349",37.99
JMFINANCIL,EQ,23-06-2025,140.21,139.4,141.9,139.0,139.1,139.44,140.33,"23,18,886","32,54,20,051.24","26,675","7,74,901",33.42
JMFINANCIL,EQ,24-06-2025,139.44,140.8,155.0,140.8,149.89,150.29,150.86,"4,57,73,040","6,90,50,93,116.06","2,16,914","82,69,873",18.07
JMFINANCIL,EQ,25-06-2025,150.29,151.5,159.2,150.37,154.59,154.77,155.59,"2,11,11,894","3,28,48,09,883.37","1,04,991","53,68,654",25.43
JMFINANCIL,EQ,26-06-2025,154.77,156.0,159.95,154.15,156.0,155.98,157.14,"1,36,41,212","2,14,35,38,065.53","75,665","35,08,814",25.72
JMFINANCIL,EQ,27-06-2025,155.98,156.75,160.9,154.11,158.0,159.15,158.03,"1,03,36,204","1,63,34,71,440.69","56,770","29,31,218",28.36
JMFINANCIL,EQ,30-06-2025,159.15,159.15,165.49,156.91,159.34,159.34,161.96,"1,51,73,863","2,45,75,99,713.82","85,052","45,42,446",29.94
JMFINANCIL,EQ,01-07-2025,159.34,159.34,162.42,158.11,158.4,158.71,159.93,"63,52,044","1,01,59,02,300.55","37,091","23,88,729",37.61
JMFINANCIL,EQ,02-07-2025,158.71,159.14,163.0,157.29,162.55,162.24,160.32,"86,52,979","1,38,72,46,607.34","51,739","35,12,445",40.59
JMFINANCIL,EQ,03-07-2025,162.24,163.0,169.47,158.55,166.0,166.91,165.21,"1,56,78,210","2,59,02,44,874.75","81,043","40,97,399",26.13
JMFINANCIL,EQ,04-07-2025,166.91,167.0,168.65,162.58,165.7,165.79,165.64,"76,55,720","1,26,80,91,228.07","47,836","21,64,007",28.27
JMFINANCIL,EQ,07-07-2025,165.79,166.3,168.98,164.0,166.88,167.03,166.58,"44,06,507","73,40,37,156.07","30,274","11,31,708",25.68
JMFINANCIL,EQ,08-07-2025,167.03,167.65,174.0,166.5,170.4,170.67,170.36,"1,11,39,267","1,89,77,00,688.33","64,722","31,90,548",28.64
JMFINANCIL,EQ,09-07-2025,170.67,171.0,173.4,169.0,169.65,169.73,170.78,"55,16,624","94,21,25,906.85","36,804","18,00,212",32.63
JMFINANCIL,EQ,10-07-2025,169.73,170.48,172.9,166.21,168.91,169.05,169.09,"54,61,404","92,34,43,320.41","35,624","14,20,290",26.01
JMFINANCIL,EQ,11-07-2025,169.05,169.0,171.98,165.4,167.2,167.45,167.95,"44,21,204","74,25,27,960.37","33,249","14,18,085",32.07
JMFINANCIL,EQ,14-07-2025,167.45,167.62,173.39,166.37,172.0,172.18,170.74,"93,43,246","1,59,52,93,697.63","56,652","31,55,285",33.77
JMFINANCIL,EQ,15-07-2025,172.18,172.86,174.3,169.36,170.75,170.61,171.6,"64,77,953","1,11,16,01,491.22","39,224","17,28,249",26.68
JMFINANCIL,EQ,16-07-2025,170.61,171.43,172.75,169.0,170.5,170.79,170.76,"32,76,884","55,95,66,664.16","23,784","8,22,307",25.09
JMFINANCIL,EQ,17-07-2025,170.79,171.6,172.15,168.76,168.99,169.25,170.18,"19,95,496","33,95,89,176.60","14,743","5,80,753",29.1
JMFINANCIL,EQ,18-07-2025,169.25,169.8,170.3,167.3,169.0,169.27,168.85,"28,25,743","47,71,14,542.76","21,280","9,19,679",32.55
JMFINANCIL,EQ,21-07-2025,169.27,167.69,170.47,162.25,169.55,169.48,166.61,"54,00,852","89,98,31,039.09","38,159","16,01,521",29.65
JMFINANCIL,EQ,22-07-2025,169.48,170.0,173.24,167.62,169.25,170.24,169.68,"51,05,674","86,63,43,563.91","34,924","18,28,400",35.81
JMFINANCIL,EQ,23-07-2025,170.24,170.24,180.65,169.07,178.68,179.59,176.93,"1,93,51,070","3,42,37,94,446.58","1,06,320","60,12,556",31.07
JMFINANCIL,EQ,24-07-2025,179.59,180.11,181.4,175.51,177.2,177.07,178.07,"76,28,095","1,35,83,42,682.85","51,534","29,48,875",38.66
JMFINANCIL,EQ,25-07-2025,177.07,176.76,176.76,167.41,168.8,168.79,171.31,6915746,11847.46,42640, 3143620, 45.46
JMFINANCIL,EQ,28-07-2025,168.79,166.26,172.9,161.7,163.1,162.91,166.25,6149706,10224.0,45061, 2389124, 38.85
JMFINANCIL,EQ,29-07-2025,162.91,162.91,164.7,159.47,163.35,163.38,162.52,5611784,9120.12,43168, 1791377, 31.92
JMFINANCIL,EQ,30-07-2025,163.38,163.85,164.52,156.09,157.38,157.01,159.69,3867005,6175.15,33187, 1476249, 38.18
JMFINANCIL,EQ,31-07-2025,157.01,155.2,160.54,154.91,157.35,157.83,158.61,4139160,6565.13,32493, 1328091, 32.09
JMFINANCIL,EQ,01-08-2025,157.83,157.8,157.89,151.4,152.8,151.92,154.06,3731425,5748.74,30603, 1615023, 43.28
JMFINANCIL,EQ,04-08-2025,151.92,151.92,157.99,149.9,157.5,157.2,155.59,5283261,8219.99,55986, 2295320, 43.45
JMFINANCIL,EQ,05-08-2025,157.2,158.0,159.17,153.0,154.3,154.13,155.22,2742145,4256.3,27924, 1016881, 37.08
JMFINANCIL,EQ,06-08-2025,154.13,154.87,156.45,152.6,153.7,154.33,154.53,3147416,4863.75,28723, 1259990, 40.03
JMFINANCIL,EQ,07-08-2025,154.33,154.1,155.6,151.99,155.2,155.02,153.98,2763958,4255.81,19770, 1084911, 39.25
JMFINANCIL,EQ,08-08-2025,155.02,154.52,160.44,154.4,155.0,155.29,156.86,5909482,9269.43,36542, 2556588, 43.26
JMFINANCIL,EQ,11-08-2025,155.29,156.5,166.8,152.75,163.8,159.99,160.81,24737584,39780.54,160935, 4879497, 19.73
JMFINANCIL,EQ,12-08-2025,159.99,166.42,167.6,158.55,162.9,162.65,162.62,18004600,29279.4,128478, 4655729, 25.86
JMFINANCIL,EQ,13-08-2025,162.65,164.45,190.0,163.51,184.7,187.07,181.98,92462028,168266.59,440500, 13042332, 14.11
JMFINANCIL,EQ,14-08-2025,187.07,185.81,189.59,182.5,185.45,185.89,185.85,23446982,43576.11,132558, 3146995, 13.42
JMFINANCIL,EQ,18-08-2025,185.89,188.5,191.7,184.01,186.12,186.31,188.06,11439374,21512.84,75614, 3069890, 26.84
JMFINANCIL,EQ,19-08-2025,186.31,186.52,189.0,181.88,188.3,188.37,186.26,7545537,14054.31,46352, 2308922, 30.60
JMFINANCIL,EQ,20-08-2025,188.37,188.4,188.55,183.5,184.55,184.57,185.16,4965155,9193.26,30722, 1929616, 38.86
JMFINANCIL,EQ,21-08-2025,184.57,185.4,196.0,183.39,190.12,189.73,191.15,17760812,33949.1,105920, 4659839, 26.24
JMFINANCIL,EQ,22-08-2025,189.73,190.0,199.8,187.75,192.4,193.02,195.44,21636789,42286.55,140121, 4569816, 21.12
JMFINANCIL,EQ,25-08-2025,193.02,193.77,195.4,190.9,191.0,192.46,193.21,6344959,12258.9,47329, 2324830, 36.64
JMFINANCIL,EQ,26-08-2025,192.46,190.1,191.6,186.11,186.7,186.68,187.85,4965878,9328.44,36263, 1970886, 39.69
JMFINANCIL,EQ,28-08-2025,186.68,187.0,187.98,177.7,180.01,182.98,185.03,3805904,7042.01,31091, 1375897, 36.15
JMFINANCIL,EQ,29-08-2025,182.98,180.5,185.08,176.55,177.9,177.48,180.49,5573665,10060.12,35174, 2432821, 43.65
JMFINANCIL,EQ,01-09-2025,177.48,178.5,186.8,178.5,184.87,185.07,183.88,6587253,12112.52,47386, 2193246, 33.30
JMFINANCIL,EQ,02-09-2025,185.07,186.0,186.55,181.03,183.7,183.25,183.43,3909744,7171.76,38217, 1474867, 37.72
JMFINANCIL,EQ,03-09-2025,183.25,183.69,193.0,183.69,189.35,189.51,189.66,11540884,21889.0,117001, 3213894, 27.85
JMFINANCIL,EQ,04-09-2025,189.51,190.1,191.08,181.64,182.2,182.13,183.85,7821087,14379.12,50076, 2999300, 38.35
JMFINANCIL,EQ,05-09-2025,182.13,182.8,189.18,182.13,184.46,184.38,185.87,5403476,10043.28,35790, 1342080, 24.84
JMFINANCIL,EQ,08-09-2025,184.38,185.9,193.6,182.82,192.8,192.24,190.36,8641775,16450.6,63881, 2236276, 25.88
JMFINANCIL,EQ,09-09-2025,192.24,192.95,195.6,189.37,190.35,190.72,192.04,5382054,10335.45,38162, 1434472, 26.65
JMFINANCIL,EQ,10-09-2025,190.72,190.99,192.39,174.53,176.2,175.66,181.22,10612384,19231.36,68194, 4658645, 43.90
JMFINANCIL,EQ,11-09-2025,175.66,177.0,181.25,176.28,180.5,180.42,179.27,6323283,11335.69,41651, 1982999, 31.36
JMFINANCIL,EQ,12-09-2025,180.42,181.1,184.54,178.12,178.98,179.96,181.49,3901588,7081.02,30420, 1252149, 32.09
JMFINANCIL,EQ,15-09-2025,179.96,180.0,181.74,178.15,180.09,180.53,179.94,3114873,5605.04,31888, 1062750, 34.12
JMFINANCIL,EQ,16-09-2025,180.53,180.9,183.35,175.8,178.55,178.03,179.01,3225738,5774.48,27854, 1323164, 41.02
JMFINANCIL,EQ,17-09-2025,178.03,179.45,180.3,174.06,175.7,175.95,176.62,2832430,5002.69,23790, 1175436, 41.50
JMFINANCIL,EQ,18-09-2025,175.95,177.1,177.75,175.0,175.9,176.13,176.35,1990064,3509.55,18817, 643470, 32.33
JMFINANCIL,EQ,19-09-2025,176.13,176.13,176.35,171.0,172.01,171.6,172.72,4264145,7365.01,30124, 2020121, 47.37
JMFINANCIL,EQ,22-09-2025,171.6,170.1,174.41,167.63,171.4,171.25,171.31,5397972,9247.45,50941, 2237985, 41.46
JMFINANCIL,EQ,23-09-2025,171.25,172.07,176.0,171.41,173.35,172.65,173.72,4742146,8238.0,35660, 1664804, 35.11
JMFINANCIL,EQ,24-09-2025,172.65,173.1,173.61,170.15,170.65,171.24,171.48,2605452,4467.96,22650, 1053226, 40.42
JMFINANCIL,EQ,25-09-2025,171.24,171.69,171.69,164.51,165.99,165.37,167.72,3316732,5562.97,28406, 1507181, 45.44
JMFINANCIL,EQ,26-09-2025,165.37,166.0,170.42,161.98,163.0,163.3,166.44,5596857,9315.25,50857, 1497299, 26.75
JMFINANCIL,EQ,29-09-2025,163.3,162.55,164.38,160.6,162.59,161.77,162.44,2763013,4488.26,29677, 1120394, 40.55
JMFINANCIL,EQ,30-09-2025,161.77,162.6,164.22,157.63,160.6,159.7,160.4,3113479,4993.86,27239, 1437701, 46.18
JMFINANCIL,EQ,01-10-2025,159.7,160.5,164.0,158.0,163.3,163.2,161.03,3364464,5417.66,30815, 1259458, 37.43
JMFINANCIL,EQ,03-10-2025,163.2,164.3,169.55,162.45,168.99,168.28,166.25,3624660,6025.83,29509, 1534448, 42.33
JMFINANCIL,EQ,06-10-2025,168.28,168.97,177.39,166.11,175.15,175.79,173.47,7890958,13688.62,69139, 2190165, 27.76
JMFINANCIL,EQ,07-10-2025,175.79,175.31,176.31,172.77,174.2,174.53,174.37,2922380,5095.88,37459, 1049895, 35.93
JMFINANCIL,EQ,08-10-2025,174.53,175.0,179.9,173.4,177.33,177.83,177.76,5484613,9749.25,43074, 1886940, 34.40
JMFINANCIL,EQ,09-10-2025,177.83,177.82,178.34,175.14,176.0,176.33,176.42,2000874,3529.87,17928, 766205, 38.29
JMFINANCIL,EQ,10-10-2025,176.33,176.33,177.27,170.0,171.4,170.87,173.06,2914470,5043.91,31164, 1353347, 46.44
JMFINANCIL,EQ,13-10-2025,170.87,169.25,178.5,169.01,176.51,177.7,175.46,4331856,7600.77,37082, 1226178, 28.31
JMFINANCIL,EQ,14-10-2025,177.7,177.7,179.8,172.22,172.6,173.06,175.43,3141325,5510.92,34482, 1151799, 36.67
JMFINANCIL,EQ,15-10-2025,173.06,172.96,178.62,172.51,177.85,177.95,175.97,2281455,4014.63,21613, 873207, 38.27
JMFINANCIL,EQ,16-10-2025,177.95,177.99,182.5,173.04,174.65,175.14,177.99,6240928,11107.93,51770, 1739904, 27.88
JMFINANCIL,EQ,17-10-2025,175.14,175.03,175.4,170.2,171.2,171.48,172.15,2791160,4804.96,25809, 1056502, 37.85
JMFINANCIL,EQ,20-10-2025,171.48,171.65,175.0,170.0,173.42,173.54,172.64,2709457,4677.58,23652, 1214797, 44.84
JMFINANCIL,EQ,21-10-2025,173.54,173.7,174.85,169.68,170.87,170.9,171.81,1002935,1723.11,9253, 564996, 56.44
JMFINANCIL,EQ,23-10-2025,170.9,172.8,175.7,170.14,171.3,171.0,172.78,2751665,4754.33,24273, 1250739, 45.45
JMFINANCIL,EQ,24-10-2025,171.0,171.6,174.1,171.06,171.78,171.49,172.19,1256036,2162.77,14214, 468544, 37.30
JMFINANCIL,EQ,27-10-2025,171.49,172.25,174.45,169.11,169.96,169.79,171.16,2160836,3698.41,20762, 986060, 45.63
JMFINANCIL,EQ,28-10-2025,169.79,170.11,172.1,168.35,171.2,170.46,169.98,1688172,2869.47,17964, 781206, 46.28
JMFINANCIL,EQ,29-10-2025,170.46,171.49,171.57,164.21,171.1,171.16,168.48,3587412,6043.97,34254, 1194207, 33.29
JMFINANCIL,EQ,30-10-2025,171.16,171.5,173.02,166.12,166.91,167.19,168.92,2006907,3389.97,19168, 907121, 45.20
JMFINANCIL,EQ,31-10-2025,167.19,166.91,168.53,162.53,163.8,164.02,165.84,2260566,3748.88,25566, 1031708, 45.64
JMFINANCIL,EQ,03-11-2025,164.02,164.02,168.3,164.02,168.0,167.61,167.07,1798995,3005.62,20328, 585683, 32.56
JMFINANCIL,EQ,04-11-2025,167.61,168.21,168.3,165.0,165.05,165.39,165.89,1233953,2047.06,16338, 576919, 46.75
JMFINANCIL,EQ,06-11-2025,165.39,166.04,168.4,160.97,161.6,161.93,163.92,3491933,5724.12,41480, 1102698, 31.58
JMFINANCIL,EQ,07-11-2025,161.93,158.69,161.07,153.85,159.09,158.85,157.92,4224242,6670.83,42385, 1431097, 33.88
JMFINANCIL,EQ,10-11-2025,158.85,157.01,158.45,145.24,146.7,146.9,149.03,10214451,15223.04,87957, 4344846, 42.54
JMFINANCIL,EQ,11-11-2025,146.9,147.64,148.0,143.4,147.16,147.42,146.2,4108918,6007.32,43186, 1503939, 36.60
JMFINANCIL,EQ,12-11-2025,147.42,148.05,152.0,146.62,151.4,151.47,149.67,3197763,4786.04,28695, 1169923, 36.59
JMFINANCIL,EQ,13-11-2025,151.47,151.47,164.56,151.47,153.98,154.1,158.77,25115859,39876.22,143343, 3937096, 15.68
JMFINANCIL,EQ,14-11-2025,154.1,154.8,154.8,149.05,150.41,150.67,150.83,3558536,5367.26,34235, 1494296, 41.99
JMFINANCIL,EQ,17-11-2025,150.67,151.0,151.48,147.35,149.7,149.7,149.33,3601693,5378.41,34052, 1570448, 43.60
JMFINANCIL,EQ,18-11-2025,149.7,149.71,150.39,146.24,146.8,146.71,147.94,2826708,4181.93,36926, 1383584, 48.95
JMFINANCIL,EQ,19-11-2025,146.71,146.8,151.35,146.6,147.5,147.52,149.0,3004924,4477.38,32004, 924315, 30.76
JMFINANCIL,EQ,20-11-2025,147.52,148.5,148.7,144.0,144.3,144.48,145.66,2206161,3213.44,21257, 1047155, 47.47
JMFINANCIL,EQ,21-11-2025,144.48,144.81,144.81,138.76,141.97,140.06,141.22,4294234,6064.41,40363, 2353098, 54.80
JMFINANCIL,EQ,24-11-2025,140.06,140.06,141.4,136.6,137.28,137.38,138.66,4814560,6675.99,47153, 2868006, 59.57
JMFINANCIL,EQ,25-11-2025,137.38,138.3,141.98,137.5,140.05,139.9,139.58,3749394,5233.49,36370, 1466328, 39.11
JMFINANCIL,EQ,26-11-2025,139.9,140.4,146.03,139.9,145.35,145.56,144.31,4769271,6882.52,41750, 1741640, 36.52
JMFINANCIL,EQ,27-11-2025,145.56,146.01,149.39,144.72,146.48,146.41,146.86,3768711,5534.71,35143, 1431524, 37.98
JMFINANCIL,EQ,28-11-2025,146.41,147.5,148.67,144.1,145.3,145.35,145.7,2534292,3692.42,24005, 903200, 35.64
JMFINANCIL,EQ,01-12-2025,145.35,146.5,159.73,146.5,153.85,154.58,156.16,61803708,96511.51,314612, 5571631, 9.02
JMFINANCIL,EQ,02-12-2025,154.58,153.1,153.5,150.5,153.17,153.12,152.2,6284056,9564.13,36608, 2426147, 38.61
JMFINANCIL,EQ,03-12-2025,153.12,153.0,153.11,148.11,149.6,149.14,150.14,3322628,4988.52,39861, 1441682, 43.39
JMFINANCIL,EQ,04-12-2025,149.14,148.8,149.06,142.74,143.46,143.69,144.75,4178888,6048.75,36098, 1871235, 44.78
JMFINANCIL,EQ,05-12-2025,143.69,144.31,145.35,141.13,141.7,141.66,142.46,2896819,4126.75,24948, 990973, 34.21
JMFINANCIL,EQ,08-12-2025,141.66,141.66,142.34,136.95,138.54,138.27,138.73,3172693,4401.35,28077, 1529552, 48.21
JMFINANCIL,EQ,09-12-2025,138.27,138.0,140.7,134.2,140.05,139.93,137.92,4642576,6403.15,40566, 1552056, 33.43
JMFINANCIL,EQ,10-12-2025,139.93,140.1,145.49,139.17,140.61,140.82,142.34,5816287,8278.83,48092, 2012924, 34.61
JMFINANCIL,EQ,11-12-2025,140.82,141.5,143.83,139.4,142.55,142.82,142.09,2379949,3381.65,19478, 699527, 29.39
JMFINANCIL,EQ,12-12-2025,142.82,143.53,146.91,142.68,145.95,146.2,145.47,2974275,4326.65,32217, 894234, 30.07
JMFINANCIL,EQ,15-12-2025,146.2,146.2,146.89,144.7,146.89,145.93,145.61,1503283,2188.88,13418, 535598, 35.63
JMFINANCIL,EQ,16-12-2025,145.93,145.98,146.46,141.4,143.45,143.53,142.82,3495218,4991.89,24741, 1735491, 49.65
JMFINANCIL,EQ,17-12-2025,143.53,143.76,144.5,140.51,141.14,141.22,142.14,1870544,2658.81,18929, 736575, 39.38
JMFINANCIL,EQ,18-12-2025,141.22,141.9,145.5,138.68,143.0,143.07,141.92,4244385,6023.52,35638, 1802171, 42.46
JMFINANCIL,EQ,19-12-2025,143.07,143.07,145.0,140.36,142.8,142.56,141.61,4190489,5933.98,47601, 2315871, 55.26
JMFINANCIL,EQ,22-12-2025,142.56,144.2,145.55,142.4,143.44,143.43,143.43,2720864,3902.5,22117, 1241062, 45.61
JMFINANCIL,EQ,23-12-2025,143.43,144.5,148.3,143.6,144.95,144.89,145.82,3359188,4898.38,27755, 1242291, 36.98
JMFINANCIL,EQ,24-12-2025,144.89,145.61,147.5,144.41,145.0,144.91,145.56,2010283,2926.22,16956, 917024, 45.62
JMFINANCIL,EQ,26-12-2025,144.91,145.45,146.2,143.6,144.19,144.29,144.88,2181347,3160.25,24474, 1052805, 48.26
JMFINANCIL,EQ,29-12-2025,144.29,144.0,145.25,143.2,144.48,144.16,144.33,1323086,1909.55,14308, 577381, 43.64
JMFINANCIL,EQ,30-12-2025,144.16,144.75,149.49,144.4,148.2,148.26,147.23,8007101,11789.03,70129, 2251987, 28.12
JMFINANCIL,EQ,31-12-2025,148.26,148.42,151.9,148.42,150.49,150.1,150.41,3426752,5154.25,22303, 1530512, 44.66
JMFINANCIL,EQ,01-01-2026,150.1,150.59,150.66,146.95,147.3,147.56,147.96,1393299,2061.47,12879, 628418, 45.10
JMFINANCIL,EQ,02-01-2026,147.56,148.0,150.0,146.11,149.25,149.06,148.0,2017501,2985.9,19146, 871727, 43.21
JMFINANCIL,EQ,05-01-2026,149.06,149.0,149.7,145.79,147.9,147.94,147.55,1977255,2917.52,19913, 913100, 46.18
JMFINANCIL,EQ,06-01-2026,147.94,148.0,148.29,143.05,143.65,143.64,144.81,2285959,3310.26,22283, 1133684, 49.59
JMFINANCIL,EQ,07-01-2026,143.64,143.64,147.23,142.01,146.6,146.69,144.46,2566080,3706.89,24811, 1079347, 42.06
JMFINANCIL,EQ,08-01-2026,146.69,146.2,146.64,141.51,141.8,141.98,143.02,1878786,2687.1,25948, 917229, 48.82
JMFINANCIL,EQ,09-01-2026,141.98,141.55,143.21,137.85,138.72,138.88,140.27,2195988,3080.38,27790, 991806, 45.16
JMFINANCIL,EQ,12-01-2026,138.88,138.44,138.44,134.36,137.34,136.97,136.4,2581189,3520.67,32684, 925952, 35.87
JMFINANCIL,EQ,13-01-2026,136.97,137.1,138.8,133.94,136.0,135.33,135.99,2360889,3210.54,21272, 881914, 37.36
JMFINANCIL,EQ,14-01-2026,135.33,136.0,139.45,135.55,138.17,138.96,137.95,2468698,3405.65,23355, 1006122, 40.76
JMFINANCIL,EQ,16-01-2026,138.96,139.9,142.3,135.5,137.41,137.43,139.68,2351448,3284.47,24676, 871003, 37.04
JMFINANCIL,EQ,19-01-2026,137.43,136.9,136.9,133.34,134.9,134.67,134.84,1595699,2151.59,18018, 709769, 44.48
JMFINANCIL,EQ,20-01-2026,134.67,134.9,134.91,128.31,129.0,128.84,131.0,2723070,3567.1,29586, 1114090, 40.91
JMFINANCIL,EQ,21-01-2026,128.84,128.5,130.45,126.11,126.51,127.14,128.22,3445578,4417.86,31941, 1121852, 32.56
JMFINANCIL,EQ,22-01-2026,127.14,129.8,132.14,128.27,131.54,131.28,130.8,1834007,2398.86,19223, 749119, 40.85
JMFINANCIL,EQ,23-01-2026,131.28,131.8,131.9,127.16,127.75,128.26,128.63,1657510,2132.01,23934, 785207, 47.37
JMFINANCIL,EQ,27-01-2026,128.26,128.3,128.64,125.5,128.0,127.49,127.08,1981004,2517.37,21016, 610098, 30.80
JMFINANCIL,EQ,28-01-2026,127.49,127.99,129.99,126.65,129.63,129.5,128.3,2271673,2914.48,27078, 1029181, 45.30
JMFINANCIL,EQ,29-01-2026,129.5,128.8,132.0,124.99,128.39,128.18,127.55,4154474,5299.06,41210, 1845563, 44.42
JMFINANCIL,EQ,30-01-2026,128.18,126.22,130.0,125.51,128.94,128.95,128.71,2020669,2600.75,21443, 843656, 41.75
JMFINANCIL,EQ,01-02-2026,128.95,129.48,129.48,120.1,121.5,121.63,124.31,1544620,1920.19,18718, 665987, 43.12
JMFINANCIL,EQ,02-02-2026,121.63,121.63,123.2,116.39,122.84,122.05,119.29,3237029,3861.41,36687, 1280225, 39.55
JMFINANCIL,EQ,03-02-2026,122.05,127.1,129.0,125.0,127.5,127.3,127.09,3252541,4133.64,36553, 1418514, 43.61
JMFINANCIL,EQ,04-02-2026,127.3,127.5,132.0,126.26,131.72,131.46,130.46,2380349,3105.3,24698, 865220, 36.35
JMFINANCIL,EQ,05-02-2026,131.46,132.0,132.0,124.5,124.94,124.9,126.56,3154381,3992.03,29807, 1352122, 42.86
JMFINANCIL,EQ,06-02-2026,124.9,124.76,124.76,117.5,122.12,122.24,120.14,7363243,8845.93,54828, 1994222, 27.08
JMFINANCIL,EQ,09-02-2026,122.24,124.4,132.0,123.83,132.0,130.68,128.66,4778095,6147.72,38142, 1991617, 41.68
JMFINANCIL,EQ,10-02-2026,130.68,133.7,142.0,132.53,139.81,140.43,139.31,18667456,26006.43,107300, 3030323, 16.23
JMFINANCIL,EQ,11-02-2026,140.43,140.43,140.43,135.24,138.2,138.19,137.78,4842396,6671.94,39686, 1469454, 30.35
JMFINANCIL,EQ,12-02-2026,138.19,137.8,141.79,135.13,140.9,141.1,139.62,4213635,5883.24,36091, 1591182, 37.76
JMFINANCIL,EQ,13-02-2026,141.1,139.5,139.79,135.7,135.72,136.5,137.6,2598697,3575.82,24800, 887205, 34.14
JMFINANCIL,EQ,16-02-2026,136.5,135.56,137.39,130.38,135.95,135.99,134.11,4518274,6059.33,45106, 1568957, 34.72
JMFINANCIL,EQ,17-02-2026,135.99,135.99,138.7,134.56,138.15,137.78,136.62,1547647,2114.32,15790, 539607, 34.87
JMFINANCIL,EQ,18-02-2026,137.78,138.98,144.9,137.15,141.9,142.81,142.65,7557411,10780.43,51923, 1943796, 25.72
JMFINANCIL,EQ,19-02-2026,142.81,143.0,143.93,137.5,138.3,138.1,140.06,1835205,2570.38,18302, 728968, 39.72
JMFINANCIL,EQ,20-02-2026,138.1,138.1,138.11,133.89,134.6,134.83,135.69,2716453,3685.98,28345, 1177270, 43.34
JMFINANCIL,EQ,23-02-2026,134.83,135.63,137.41,134.05,134.9,134.72,135.19,1522093,2057.76,14600, 428223, 28.13
JMFINANCIL,EQ,24-02-2026,134.72,134.26,135.0,131.26,133.57,132.88,132.78,1260677,1673.97,14789, 455981, 36.17
JMFINANCIL,EQ,25-02-2026,132.88,135.0,135.0,132.31,133.7,133.59,133.59,1739740,2324.04,16393, 694694, 39.93
JMFINANCIL,EQ,26-02-2026,133.59,134.5,135.99,132.08,132.91,132.78,133.85,1572229,2104.36,18117, 496834, 31.60
JMFINANCIL,EQ,27-02-2026,132.78,133.15,133.8,127.0,128.5,127.74,129.04,3248284,4191.71,29659, 1522288, 46.86
JMFINANCIL,EQ,02-03-2026,127.74,125.0,127.44,123.0,126.59,125.63,125.21,3089971,3868.92,23982, 1073401, 34.74
JMFINANCIL,EQ,04-03-2026,125.63,123.14,124.12,120.5,121.05,122.31,122.42,3253821,3983.41,28292, 1209074, 37.16
JMFINANCIL,EQ,05-03-2026,122.31,122.7,129.0,120.0,124.77,125.25,123.03,2511126,3089.34,22643, 826372, 32.91
JMFINANCIL,EQ,06-03-2026,125.25,124.63,125.88,120.01,121.7,121.74,123.38,1470367,1814.07,14916, 525114, 35.71
JMFINANCIL,EQ,09-03-2026,121.74,117.5,119.67,114.5,116.1,115.73,115.64,3549038,4104.12,26601, 1252126, 35.28
JMFINANCIL,EQ,10-03-2026,115.73,118.09,124.01,115.6,121.5,121.05,118.66,3780224,4485.43,26612, 1275452, 33.74
JMFINANCIL,EQ,11-03-2026,121.05,121.5,128.6,119.61,122.5,121.69,124.5,5637927,7019.23,44005, 1153538, 20.46
JMFINANCIL,EQ,12-03-2026,121.69,121.5,126.2,118.2,122.85,123.38,121.69,4036935,4912.45,48015, 1114312, 27.60
JMFINANCIL,EQ,13-03-2026,123.38,122.0,122.45,117.5,118.8,118.44,119.34,2739305,3268.98,21802, 1047489, 38.24
